2.283437997102737427e-01 1.061125025153160095e-01 7.005672156810760498e-02 2.418657839298248291e-01 -8.398002386093139648e-02 2.469407021999359131e-01 1.689465939998626709e-01 -2.617639005184173584e-01 -1.631618589162826538e-01 -5.395745486021041870e-02 -9.055948257446289062e-02 1.954738497734069824e-01 -4.387146607041358948e-02 1.341038942337036133e-01 -1.634232103824615479e-01 -1.731058210134506226e-01 -5.283477306365966797e-01 1.321968585252761841e-01 -1.091777309775352478e-01 2.468490228056907654e-02 -4.037806391716003418e-02 -1.246807649731636047e-01 -7.709733396768569946e-02 1.800220832228660583e-02 -2.488695383071899414e-01 1.530682146549224854e-01 4.842342436313629150e-01 1.524223238229751587e-01 -1.413858532905578613e-01 -2.275149822235107422e-01 3.024057745933532715e-01 9.983132779598236084e-02
-3.439449891448020935e-02 6.268464028835296631e-02 -3.342668712139129639e-01 1.993944495916366577e-02 -2.777819335460662842e-01 -2.453414201736450195e-01 1.004665344953536987e-02 1.818595826625823975e-01 2.185910642147064209e-01 2.727654874324798584e-01 -3.618181943893432617e-01 -6.171812489628791809e-02 4.020347818732261658e-02 -2.448619157075881958e-01 6.313875317573547363e-03 -5.301703512668609619e-02 2.052313238382339478e-01 8.084240555763244629e-02 -1.755355298519134521e-01 -2.733277380466461182e-01 2.743201255798339844e-01 3.982746228575706482e-02 1.877328380942344666e-03 1.304175257682800293e-01 1.039968580007553101e-01 -1.916233748197555542e-01 9.896357357501983643e-02 1.698883920907974243e-01 1.456297338008880615e-01 2.033412158489227295e-01 -2.227715551853179932e-01 1.391358971595764160e-01
1.361393183469772339e-01 6.938041746616363525e-02 1.003256440162658691e-01 8.532689884305000305e-03 7.276859879493713379e-02 9.134101122617721558e-02 1.868050098419189453e-01 2.456105649471282959e-01 -5.301231145858764648e-02 7.273067533969879150e-02 2.697237581014633179e-02 -6.271287798881530762e-03 -8.208815753459930420e-02 -8.477935194969177246e-02 -5.982738733291625977e-02 2.297620475292205811e-01 1.066252291202545166e-01 1.600644290447235107e-01 -1.548840552568435669e-01 8.322308957576751709e-02 8.717212080955505371e-02 2.586606889963150024e-02 -1.602815464138984680e-02 -9.450960904359817505e-02 -1.081458851695060730e-01 -2.299868613481521606e-01 -1.709127128124237061e-01 1.122677773237228394e-01 8.488079160451889038e-02 2.023138478398323059e-02 3.242225199937820435e-02 -4.773241281509399414e-02
2.794659323990345001e-02 5.709431320428848267e-02 1.855209469795227051e-01 3.416697680950164795e-02 2.079561054706573486e-01 4.534786939620971680e-02 1.576538383960723877e-01 2.233394980430603027e-01 -9.015046060085296631e-02 4.190682619810104370e-02 1.537285149097442627e-01 -2.109287679195404053e-02 -7.547986507415771484e-02 5.127066373825073242e-02 1.370992660522460938e-01 1.152614206075668335e-01 1.151091158390045166e-01 1.963087618350982666e-01 -2.089674323797225952e-01 9.549715369939804077e-02 -2.278880774974822998e-02 -9.119608253240585327e-02 -4.243935272097587585e-02 -1.723373830318450928e-01 -1.353293210268020630e-01 -1.937076896429061890e-01 -2.789669036865234375e-01 1.101680546998977661e-01 8.552401512861251831e-02 -6.475912779569625854e-02 3.424186259508132935e-02 -1.851727962493896484e-01
2.092741876840591431e-01 1.323342416435480118e-02 1.671631038188934326e-01 2.334256470203399658e-01 4.542886465787887573e-02 2.192772030830383301e-01 1.559232771396636963e-01 -2.164523601531982422e-01 -1.547411531209945679e-01 -1.681070216000080109e-02 -3.542907536029815674e-02 2.018508315086364746e-01 -4.400343075394630432e-02 1.695236265659332275e-01 -8.659368380904197693e-03 -4.736045747995376587e-02 -2.817602455615997314e-01 3.374466896057128906e-01 -1.372552514076232910e-01 -1.565537601709365845e-02 -1.011047214269638062e-01 -9.014485031366348267e-02 6.584029644727706909e-02 1.750539615750312805e-02 -3.581295907497406006e-01 -3.522449359297752380e-02 2.356027960777282715e-01 1.550999581813812256e-01 -1.000891998410224915e-01 -1.560207605361938477e-01 3.198156356811523438e-01 6.627015024423599243e-02
-2.858591079711914062e-01 -4.759211093187332153e-02 -1.276020705699920654e-02 -1.604467332363128662e-01 -9.847611188888549805e-02 -2.328522503376007080e-02 8.700462430715560913e-02 2.095825970172882080e-01 7.015194743871688843e-02 1.185883656144142151e-01 9.390553086996078491e-02 -1.478847265243530273e-01 -2.576053738594055176e-01 -4.735622927546501160e-02 5.628754943609237671e-02 2.940480783581733704e-02 1.198163628578186035e-01 -2.136766314506530762e-01 3.730913251638412476e-02 -1.249556094408035278e-01 8.112312853336334229e-02 2.082769274711608887e-01 9.221946448087692261e-02 -2.001104652881622314e-01 3.660897016525268555e-01 -6.441378593444824219e-02 -1.993528306484222412e-01 -2.252037674188613892e-01 1.482114493846893311e-01 1.512005627155303955e-01 -5.530770868062973022e-02 9.610472247004508972e-03
2.862376533448696136e-02 7.303057610988616943e-02 1.857531815767288208e-01 5.594737082719802856e-02 2.382668256759643555e-01 6.104125827550888062e-02 9.103450924158096313e-02 1.213414594531059265e-01 -1.056156009435653687e-01 2.608846873044967651e-03 2.556889355182647705e-01 2.068563550710678101e-02 -2.744101919233798981e-02 1.026135236024856567e-01 2.011549174785614014e-01 6.070077046751976013e-02 1.302846223115921021e-01 2.073113322257995605e-01 -2.135044038295745850e-01 6.564110517501831055e-02 -1.412926614284515381e-01 -1.857172846794128418e-01 -1.392992883920669556e-01 -1.835725903511047363e-01 -2.105479836463928223e-01 -9.279845654964447021e-02 -3.066614866256713867e-01 1.680078953504562378e-01 -2.959984727203845978e-02 -1.406669914722442627e-01 8.350181579589843750e-02 -2.894630432128906250e-01
3.097837269306182861e-01 1.272890269756317139e-01 9.278927743434906006e-02 3.930126726627349854e-01 -3.418119251728057861e-02 2.995869815349578857e-01 2.036071419715881348e-01 -2.404838800430297852e-01 -1.041316837072372437e-01 -2.286217547953128815e-02 -2.724817693233489990e-01 2.660014629364013672e-01 -2.189950086176395416e-02 4.865109920501708984e-02 -1.610569804906845093e-01 -1.958430856466293335e-01 -3.213700354099273682e-01 5.398621559143066406e-01 -2.268098890781402588e-01 -1.527685374021530151e-01 2.578381821513175964e-02 -1.890112757682800293e-01 1.183908879756927490e-01 7.659338414669036865e-02 -4.433920681476593018e-01 -3.328384459018707275e-02 4.720560014247894287e-01 2.003693282604217529e-01 -1.285645067691802979e-01 -1.491517722606658936e-01 4.605572223663330078e-01 8.135569095611572266e-02
-8.309111744165420532e-02 -1.167784444987773895e-02 -2.831413224339485168e-02 -1.891010627150535583e-02 -1.364549994468688965e-01 -2.824309468269348145e-02 1.821631789207458496e-01 2.514778971672058105e-01 1.156578510999679565e-01 1.455782502889633179e-01 -2.851020544767379761e-04 -1.213590279221534729e-01 -1.293360292911529541e-01 -4.953012987971305847e-02 -2.249524183571338654e-02 1.432180255651473999e-01 8.888116478919982910e-02 -2.476778253912925720e-02 1.351450942456722260e-02 -5.560930073261260986e-02 1.252343803644180298e-01 1.953454911708831787e-01 1.236567199230194092e-01 -1.229550018906593323e-01 2.457371056079864502e-01 -8.391039073467254639e-02 -8.393885195255279541e-02 -1.128384545445442200e-01 1.507466137409210205e-01 1.731871962547302246e-01 2.098282799124717712e-03 2.327418513596057892e-02
4.417208731174468994e-01 1.906333565711975098e-01 2.682038247585296631e-01 5.138507485389709473e-02 1.333492845296859741e-01 3.087195158004760742e-01 1.574117839336395264e-01 1.372858285903930664e-01 -1.365480273962020874e-01 1.364255547523498535e-01 -1.447444781661033630e-03 1.500700116157531738e-01 7.011828571557998657e-02 -7.675394415855407715e-02 -1.618754714727401733e-01 2.354463934898376465e-01 4.554342478513717651e-03 3.746238350868225098e-01 -2.576657235622406006e-01 1.770802438259124756e-01 1.046509109437465668e-02 -1.819014847278594971e-01 -1.982973664999008179e-01 7.468833774328231812e-02 -4.356231689453125000e-01 -1.754239797592163086e-01 1.260187104344367981e-02 4.901734590530395508e-01 -1.469099372625350952e-01 -1.932784914970397949e-01 1.618728190660476685e-01 -7.163675129413604736e-02
2.757291793823242188e-01 3.518829494714736938e-02 1.936879307031631470e-01 1.813071668148040771e-01 1.019423604011535645e-01 2.623700499534606934e-01 1.455619633197784424e-01 -2.118159532546997070e-01 -1.882920116186141968e-01 -1.356797367334365845e-01 3.967101126909255981e-02 1.858823895454406738e-01 -1.788832247257232666e-02 1.986073255538940430e-01 -4.253657907247543335e-02 -6.328505277633666992e-02 -3.816178143024444580e-01 1.666462570428848267e-01 -9.326621890068054199e-02 5.021261796355247498e-02 -1.287098228931427002e-01 -1.702177822589874268e-01 -5.281942337751388550e-02 -3.549484163522720337e-02 -2.758321762084960938e-01 8.854903280735015869e-02 2.758912444114685059e-01 3.390366584062576294e-02 -9.635257720947265625e-02 -2.172348201274871826e-01 2.377974539995193481e-01 4.042180627584457397e-02
2.882335521280765533e-02 1.223421245813369751e-01 -4.005437493324279785e-01 9.075912088155746460e-02 -3.082990944385528564e-01 -1.312445104122161865e-01 6.750721484422683716e-02 1.344510167837142944e-01 2.610109448432922363e-01 2.718569636344909668e-01 -4.917892217636108398e-01 6.469462066888809204e-03 2.849333733320236206e-02 -3.206220269203186035e-01 -6.343066692352294922e-02 -9.933492541313171387e-02 1.425191760063171387e-01 1.169399917125701904e-01 -2.417549639940261841e-01 -3.072339296340942383e-01 3.759076893329620361e-01 -7.232032716274261475e-03 6.422563642263412476e-02 1.787260174751281738e-01 5.600601434707641602e-02 -2.120608836412429810e-01 2.818805277347564697e-01 1.856528669595718384e-01 1.370092034339904785e-01 1.867724061012268066e-01 -1.413526386022567749e-01 1.459629535675048828e-01
2.261460423469543457e-01 2.725476585328578949e-02 9.512946009635925293e-02 3.179618418216705322e-01 -5.293276160955429077e-02 1.814470589160919189e-01 1.446633636951446533e-01 -1.647767424583435059e-01 -5.112262815237045288e-02 4.945388436317443848e-02 -2.532959580421447754e-01 1.744967997074127197e-01 -8.051441051065921783e-03 1.963548175990581512e-02 -1.155044808983802795e-01 -7.944647967815399170e-02 -1.836442649364471436e-01 5.126699805259704590e-01 -2.247270643711090088e-01 -2.134274244308471680e-01 -4.362775757908821106e-02 -2.249871194362640381e-02 2.347431033849716187e-01 4.474940150976181030e-02 -3.575818538665771484e-01 -1.220639571547508240e-01 2.850204706192016602e-01 1.564315706491470337e-01 -8.587855845689773560e-02 -4.738651588559150696e-02 3.828209042549133301e-01 1.246288195252418518e-01
3.091612458229064941e-01 1.310387253761291504e-01 1.161199659109115601e-01 1.970102041959762573e-01 1.057843863964080811e-01 2.281241118907928467e-01 1.417468488216400146e-01 -2.715322971343994141e-01 -2.033825963735580444e-01 -1.253885775804519653e-01 -3.041325323283672333e-02 2.318284809589385986e-01 -5.226634442806243896e-02 1.779369562864303589e-01 -9.437577426433563232e-02 -1.446477025747299194e-01 -4.187819957733154297e-01 1.912747323513031006e-01 -1.026174947619438171e-01 4.902608692646026611e-03 -1.021640747785568237e-01 -1.723293066024780273e-01 -6.214918196201324463e-02 1.888847351074218750e-02 -3.355159163475036621e-01 7.963125407695770264e-02 3.485569953918457031e-01 1.200285255908966064e-01 -1.360333859920501709e-01 -2.016889452934265137e-01 2.973292171955108643e-01 7.540356367826461792e-02
-6.514227390289306641e-02 -8.389176428318023682e-02 1.054993718862533569e-01 4.649207741022109985e-02 -1.242082715034484863e-01 -1.551827490329742432e-01 -2.707006782293319702e-02 1.601642221212387085e-01 7.415165007114410400e-02 1.996255815029144287e-01 -8.350484073162078857e-02 -4.533017799258232117e-02 5.278937891125679016e-02 -2.499159425497055054e-03 1.643034815788269043e-01 5.316631123423576355e-02 1.720524132251739502e-01 2.317899465560913086e-01 -2.572624012827873230e-02 -1.140203475952148438e-01 -5.045055225491523743e-02 6.904573738574981689e-02 2.275431342422962189e-02 1.747531816363334656e-02 -4.698358476161956787e-03 -1.559771895408630371e-01 -2.753212749958038330e-01 1.062137037515640259e-01 9.245537221431732178e-03 1.382846534252166748e-01 -5.373217165470123291e-03 9.457647800445556641e-02
1.210833489894866943e-01 5.637975037097930908e-02 1.629657745361328125e-01 1.472058743238449097e-01 -7.909023016691207886e-02 2.837210595607757568e-01 1.506271958351135254e-01 -1.800027787685394287e-01 -1.162098348140716553e-01 -3.708006441593170166e-02 5.134865641593933105e-02 1.467787325382232666e-01 -9.034238755702972412e-02 2.116074264049530029e-01 -2.787870913743972778e-02 -1.136347651481628418e-03 -4.392246901988983154e-01 1.251447051763534546e-01 -3.050219640135765076e-02 1.276569366455078125e-01 -1.426005214452743530e-01 -6.064287573099136353e-02 1.193366944789886475e-03 2.659413963556289673e-02 -2.187742441892623901e-01 9.071031212806701660e-02 2.339236140251159668e-01 7.052142918109893799e-02 -3.785437345504760742e-02 -1.908581554889678955e-01 2.393467575311660767e-01 1.067638471722602844e-01
1.806653738021850586e-01 8.422958105802536011e-02 1.426921486854553223e-01 3.069981932640075684e-01 -9.892149269580841064e-02 2.196870446205139160e-01 1.613516807556152344e-01 -1.463425010442733765e-01 -5.379743874073028564e-02 7.454697042703628540e-02 -1.654266417026519775e-01 1.800061464309692383e-01 -4.547230899333953857e-02 6.989964842796325684e-02 -4.456806927919387817e-02 -6.929288804531097412e-02 -2.205079197883605957e-01 4.916876852512359619e-01 -1.426280438899993896e-01 -1.417290568351745605e-01 -6.261347234249114990e-02 -6.142639368772506714e-02 1.634487509727478027e-01 6.198558211326599121e-02 -3.379682898521423340e-01 -6.335841119289398193e-02 2.467741668224334717e-01 1.707258373498916626e-01 -1.228449568152427673e-01 -7.544832676649093628e-02 3.948540389537811279e-01 9.390737116336822510e-02
1.444324254989624023e-01 7.689823210239410400e-02 1.142150163650512695e-01 7.356089353561401367e-02 -1.299986392259597778e-01 2.626433968544006348e-01 1.299243569374084473e-01 -2.035296261310577393e-01 -1.311915069818496704e-01 -5.707551538944244385e-02 -1.323773153126239777e-02 1.559573709964752197e-01 -1.089302971959114075e-01 1.505541056394577026e-01 -1.354960203170776367e-01 -6.839828193187713623e-02 -4.958378076553344727e-01 -2.672038972377777100e-04 1.878881454467773438e-02 5.480690300464630127e-02 -1.335183829069137573e-01 -7.105510681867599487e-02 -2.539472095668315887e-02 -3.378838300704956055e-05 -1.220497414469718933e-01 2.321122437715530396e-01 3.443221449851989746e-01 6.964024156332015991e-02 -1.021530851721763611e-01 -1.981851458549499512e-01 2.521305680274963379e-01 1.547865271568298340e-01
5.042421817779541016e-02 9.547398239374160767e-02 -3.695261478424072266e-01 1.391063779592514038e-01 -2.459574043750762939e-01 -1.993604302406311035e-01 1.872970163822174072e-02 1.057954877614974976e-01 2.169099748134613037e-01 2.531310319900512695e-01 -4.432008862495422363e-01 -5.412541329860687256e-03 3.368334472179412842e-02 -2.991597056388854980e-01 -1.444505900144577026e-02 -1.773705780506134033e-01 1.599070578813552856e-01 1.618453264236450195e-01 -2.461833655834197998e-01 -3.118814229965209961e-01 3.193568289279937744e-01 8.890628814697265625e-04 3.193835169076919556e-02 1.595459431409835815e-01 8.525870740413665771e-03 -2.489451617002487183e-01 2.095125317573547363e-01 1.645673811435699463e-01 9.343107044696807861e-02 1.950599551200866699e-01 -8.082225173711776733e-02 1.168851405382156372e-01
5.330970287322998047e-01 2.172819226980209351e-01 2.562382519245147705e-01 8.183701336383819580e-02 7.303105294704437256e-02 3.178605735301971436e-01 1.585381031036376953e-01 1.720364689826965332e-01 -1.067841500043869019e-01 1.099491640925407410e-01 -1.320538073778152466e-01 1.924137473106384277e-01 1.266440004110336304e-01 -1.264282315969467163e-01 -2.023271918296813965e-01 2.709267139434814453e-01 -5.273867771029472351e-02 4.103403389453887939e-01 -2.530865371227264404e-01 2.082985639572143555e-01 1.113028824329376221e-01 -1.662011742591857910e-01 -1.323979794979095459e-01 1.600849628448486328e-01 -4.214561283588409424e-01 -1.984601020812988281e-01 1.174225360155105591e-01 4.845625162124633789e-01 -1.346336007118225098e-01 -1.555532813072204590e-01 1.836495995521545410e-01 -8.931547403335571289e-03
9.461741894483566284e-02 2.317456156015396118e-02 -3.545961156487464905e-02 2.707741260528564453e-01 -1.867598146200180054e-01 4.916565865278244019e-02 1.061478629708290100e-01 -1.887130737304687500e-02 1.010679006576538086e-01 1.923258155584335327e-01 -3.832549750804901123e-01 1.337538659572601318e-01 1.537282764911651611e-02 -1.071801036596298218e-01 -8.382345736026763916e-02 -8.214699476957321167e-02 -1.870859786868095398e-02 4.337585270404815674e-01 -1.878789663314819336e-01 -2.886475920677185059e-01 1.008104085922241211e-01 3.955974429845809937e-02 2.222342640161514282e-01 8.855737000703811646e-02 -2.155690044164657593e-01 -2.572296559810638428e-01 1.968229413032531738e-01 1.748960614204406738e-01 -2.614371478557586670e-03 6.180015206336975098e-02 2.410242259502410889e-01 1.538379788398742676e-01
-3.461702913045883179e-02 1.146892979741096497e-01 -2.990759015083312988e-01 3.002277202904224396e-02 -3.725529611110687256e-01 -1.148632541298866272e-01 5.357822030782699585e-02 2.232530415058135986e-01 2.567281723022460938e-01 3.142786324024200439e-01 -4.397047460079193115e-01 -2.336098253726959229e-02 1.686278358101844788e-02 -3.190342485904693604e-01 -4.957158863544464111e-02 -5.043929815292358398e-02 1.429838538169860840e-01 9.577220678329467773e-02 -1.573936939239501953e-01 -2.680480182170867920e-01 2.927198410034179688e-01 3.292548656463623047e-02 2.341012097895145416e-02 1.565851867198944092e-01 6.095960736274719238e-02 -1.913173198699951172e-01 1.565593481063842773e-01 2.360341399908065796e-01 1.471692919731140137e-01 1.548656225204467773e-01 -1.559370458126068115e-01 1.860329210758209229e-01
2.031253874301910400e-01 5.469745770096778870e-02 -6.030834093689918518e-02 3.433837592601776123e-01 -1.409358382225036621e-01 7.316373288631439209e-02 1.210622265934944153e-01 -8.858019113540649414e-02 7.116903364658355713e-02 1.454484015703201294e-01 -4.065925478935241699e-01 1.502813994884490967e-01 5.255413427948951721e-02 -8.826664090156555176e-02 -9.667838364839553833e-02 -1.237140446901321411e-01 -6.635615229606628418e-02 4.979914724826812744e-01 -2.147681564092636108e-01 -2.602100670337677002e-01 7.468525320291519165e-02 2.666008472442626953e-02 2.495371848344802856e-01 1.115219146013259888e-01 -2.556287050247192383e-01 -2.373289465904235840e-01 2.852337360382080078e-01 1.782342195510864258e-01 -6.165709346532821655e-02 7.087753713130950928e-02 2.727667689323425293e-01 1.574214994907379150e-01
1.568868756294250488e-01 3.000689297914505005e-02 -3.689444437623023987e-02 3.096089661121368408e-01 -1.713963150978088379e-01 1.067077219486236572e-01 1.126165315508842468e-01 -5.321094393730163574e-02 8.310306072235107422e-02 1.585006266832351685e-01 -3.996807932853698730e-01 1.598061621189117432e-01 1.557763759046792984e-02 -1.293179243803024292e-01 -8.422871679067611694e-02 -1.229636967182159424e-01 -6.562049686908721924e-02 4.832967817783355713e-01 -2.077909708023071289e-01 -2.905545234680175781e-01 9.196658432483673096e-02 6.903540343046188354e-03 2.212240248918533325e-01 1.293337643146514893e-01 -2.425446510314941406e-01 -2.054163217544555664e-01 2.731255888938903809e-01 1.809390783309936523e-01 -4.556950181722640991e-02 5.793359875679016113e-02 3.201063275337219238e-01 1.574260592460632324e-01
2.778677940368652344e-01 1.509066373109817505e-01 7.904762029647827148e-02 2.363849580287933350e-01 1.288422383368015289e-02 2.274201512336730957e-01 1.739004850387573242e-01 -2.568482458591461182e-01 -1.799964457750320435e-01 -8.413792401552200317e-02 -6.020826101303100586e-02 2.349909245967864990e-01 -2.393196336925029755e-02 1.443988978862762451e-01 -6.163421273231506348e-02 -1.604499369859695435e-01 -4.054690301418304443e-01 2.839799821376800537e-01 -1.106415241956710815e-01 5.740321055054664612e-02 -5.030493810772895813e-02 -2.207947075366973877e-01 -5.221908539533615112e-02 6.363355368375778198e-02 -3.847699165344238281e-01 1.023363918066024780e-01 3.614943027496337891e-01 1.412604600191116333e-01 -1.140973120927810669e-01 -2.001269757747650146e-01 2.589344680309295654e-01 8.102730661630630493e-02
7.023199647665023804e-02 -1.859484612941741943e-02 3.949373587965965271e-02 2.170298099517822266e-01 -1.789805740118026733e-01 2.172703668475151062e-02 1.164724901318550110e-01 4.926142469048500061e-02 6.874533742666244507e-02 2.028934210538864136e-01 -2.635054588317871094e-01 6.443227827548980713e-02 1.237208303064107895e-02 -9.347590804100036621e-02 3.132511675357818604e-02 -5.972453206777572632e-02 -2.251631394028663635e-02 4.302558302879333496e-01 -1.485036462545394897e-01 -2.452102601528167725e-01 5.291767418384552002e-02 1.479987055063247681e-02 1.398005485534667969e-01 8.878385275602340698e-02 -1.383898258209228516e-01 -1.298472136259078979e-01 1.318996250629425049e-01 2.298252135515213013e-01 -3.182113915681838989e-02 9.481588006019592285e-02 2.597983777523040771e-01 1.641457825899124146e-01
2.849770486354827881e-01 1.288656592369079590e-01 5.219785869121551514e-02 1.414814405143260956e-02 -5.504510551691055298e-02 1.664898693561553955e-01 1.385884582996368408e-01 2.431183904409408569e-01 -6.986141949892044067e-02 1.382199972867965698e-01 -1.605657339096069336e-01 2.356502413749694824e-02 1.314732013270258904e-03 -2.288371771574020386e-01 -1.796292662620544434e-01 2.599013447761535645e-01 2.604449540376663208e-02 1.879788935184478760e-01 -1.436126828193664551e-01 8.865109086036682129e-02 2.345718294382095337e-01 6.108943000435829163e-02 -2.368938922882080078e-02 7.066979259252548218e-02 -1.291224807500839233e-01 -2.182292789220809937e-01 6.703208386898040771e-02 1.556185036897659302e-01 4.534598439931869507e-02 3.810470923781394958e-02 8.439699560403823853e-02 7.903704047203063965e-02
2.097743153572082520e-01 9.321045875549316406e-02 7.317797839641571045e-02 9.728584438562393188e-03 -4.043921083211898804e-02 1.616051346063613892e-01 1.670606434345245361e-01 2.737506031990051270e-01 -2.924130111932754517e-02 1.060343608260154724e-01 -6.732878834009170532e-02 -1.070281863212585449e-02 -6.630058586597442627e-02 -1.922166198492050171e-01 -1.593213081359863281e-01 2.740662992000579834e-01 6.746658682823181152e-02 1.392434537410736084e-01 -1.387572437524795532e-01 8.914583921432495117e-02 2.136604487895965576e-01 6.925676763057708740e-02 1.867170073091983795e-02 2.467397227883338928e-02 -8.150540292263031006e-02 -2.447140514850616455e-01 -4.624522104859352112e-02 1.277799159288406372e-01 8.659918606281280518e-02 7.519073039293289185e-02 6.525409966707229614e-02 5.269734561443328857e-02
3.944751024246215820e-01 1.679943948984146118e-01 2.977568209171295166e-01 9.774480760097503662e-02 1.572020947933197021e-01 3.038046360015869141e-01 1.562062501907348633e-01 1.079328656196594238e-01 -9.020249545574188232e-02 1.050532981753349304e-01 1.878482103347778320e-02 1.843253076076507568e-01 3.078706748783588409e-02 3.578400239348411560e-02 -3.502058982849121094e-02 1.863674372434616089e-01 -5.644295364618301392e-03 3.846937119960784912e-01 -2.705428302288055420e-01 1.815449297428131104e-01 -1.063473969697952271e-01 -2.298105657100677490e-01 -1.806000322103500366e-01 3.727547451853752136e-02 -4.669418931007385254e-01 -1.426238119602203369e-01 -8.822292089462280273e-02 4.423516094684600830e-01 -1.083701699972152710e-01 -2.585406601428985596e-01 1.680947542190551758e-01 -1.281336247920989990e-01
5.378738045692443848e-03 5.166647583246231079e-02 -5.313643440604209900e-02 -1.085913926362991333e-02 -6.009709089994430542e-03 -6.621757149696350098e-02 1.111396327614784241e-01 1.550861001014709473e-01 -3.648213297128677368e-02 -1.071150321513414383e-02 -7.778988033533096313e-02 -4.870387166738510132e-02 -5.272153392434120178e-02 -1.433492153882980347e-01 -4.379848390817642212e-02 6.898419559001922607e-02 1.324399411678314209e-01 -4.550939798355102539e-02 -2.578619867563247681e-02 -3.471078723669052124e-02 1.647700965404510498e-01 1.671767532825469971e-01 2.372770570218563080e-02 -1.278791427612304688e-01 1.690330207347869873e-01 -1.293114274740219116e-01 -5.684502422809600830e-02 -1.084721460938453674e-01 1.295972764492034912e-01 1.384672820568084717e-01 1.195239834487438202e-03 3.795511275529861450e-02
2.685039043426513672e-01 1.821121424436569214e-01 1.439276337623596191e-01 2.939531505107879639e-01 2.326560020446777344e-02 3.290324509143829346e-01 1.384498178958892822e-01 -2.089934945106506348e-01 -1.436532139778137207e-01 -8.192489296197891235e-02 -4.286500811576843262e-02 2.142907381057739258e-01 -6.074538826942443848e-02 1.176914274692535400e-01 -6.679508090019226074e-02 -1.702664196491241455e-01 -4.788444042205810547e-01 2.453105449676513672e-01 -8.448083698749542236e-02 6.329716742038726807e-02 -1.047341823577880859e-01 -1.544822454452514648e-01 -5.843374133110046387e-02 4.792805761098861694e-02 -3.307199180126190186e-01 1.094085127115249634e-01 3.701512515544891357e-01 1.467588394880294800e-01 -1.446619778871536255e-01 -1.967223286628723145e-01 3.419376611709594727e-01 9.435249865055084229e-02
-1.431118249893188477e-01 -1.519959121942520142e-01 1.108082979917526245e-01 -1.657390743494033813e-01 1.626679748296737671e-01 -6.929957866668701172e-02 -4.270694777369499207e-02 -6.414969265460968018e-02 -5.021665990352630615e-02 -1.337582468986511230e-01 4.155572950839996338e-01 1.568611711263656616e-03 -6.894315034151077271e-02 2.501098513603210449e-01 1.274934709072113037e-01 5.668389424681663513e-02 3.402892500162124634e-02 -2.775738835334777832e-01 1.788280308246612549e-01 9.658238291740417480e-02 -1.084210276603698730e-01 -6.628364324569702148e-03 -8.751331269741058350e-02 -1.334611773490905762e-01 6.177739053964614868e-02 3.423100709915161133e-02 -2.306449413299560547e-01 -1.678508967161178589e-01 1.574493572115898132e-02 -5.399924889206886292e-02 -1.492550969123840332e-01 -8.736266940832138062e-02
2.472700774669647217e-01 1.228256672620773315e-01 2.544923685491085052e-02 2.189223840832710266e-02 -8.770290017127990723e-02 1.206700280308723450e-01 1.542286276817321777e-01 2.362681478261947632e-01 -4.959554970264434814e-02 1.274787187576293945e-01 -1.149012818932533264e-01 -6.015624850988388062e-03 5.428152158856391907e-03 -1.819171160459518433e-01 -1.523556709289550781e-01 2.478041052818298340e-01 3.429718315601348877e-02 1.586844474077224731e-01 -1.603787839412689209e-01 1.000729799270629883e-01 2.211112380027770996e-01 7.604969292879104614e-02 -5.033189803361892700e-02 4.026279225945472717e-02 -1.098752766847610474e-01 -2.266166955232620239e-01 1.632142439484596252e-02 1.834221035242080688e-01 5.164133012294769287e-02 6.151349842548370361e-02 5.313637852668762207e-02 1.099679097533226013e-01
7.708211988210678101e-02 8.996699750423431396e-02 -3.842360898852348328e-02 1.294229924678802490e-02 -1.006174981594085693e-01 1.009444892406463623e-02 1.120751723647117615e-01 2.238274663686752319e-01 -5.515561997890472412e-02 1.014094725251197815e-01 -6.897576153278350830e-02 -5.579498037695884705e-02 -2.191727794706821442e-02 -1.683627068996429443e-01 -9.192852675914764404e-02 1.309726983308792114e-01 7.148282229900360107e-02 2.713946625590324402e-02 -5.626919120550155640e-02 3.678185120224952698e-02 2.179245948791503906e-01 1.111178845167160034e-01 -2.327362075448036194e-03 -3.558075428009033203e-02 4.033725708723068237e-02 -1.313535869121551514e-01 4.446010664105415344e-02 8.039579540491104126e-02 6.225374341011047363e-02 8.991242200136184692e-02 2.422686293721199036e-02 4.348833486437797546e-02
6.976248323917388916e-02 4.413130879402160645e-02 6.971675157546997070e-02 7.694041356444358826e-03 8.204574882984161377e-02 9.058463573455810547e-02 1.487954258918762207e-01 2.374098896980285645e-01 -4.561026394367218018e-02 7.094225287437438965e-02 5.746533721685409546e-02 -4.550471529364585876e-02 -1.008475348353385925e-01 -1.110963523387908936e-01 -3.403685986995697021e-03 1.709251254796981812e-01 9.019033610820770264e-02 1.610137522220611572e-01 -1.512095779180526733e-01 4.416739195585250854e-02 9.570477902889251709e-02 3.370128199458122253e-02 2.095453627407550812e-02 -8.182554692029953003e-02 -2.914688736200332642e-02 -2.206185609102249146e-01 -1.836856752634048462e-01 2.839555777609348297e-02 1.184610649943351746e-01 4.684672132134437561e-02 4.819062352180480957e-02 -7.973352819681167603e-02
2.924124300479888916e-01 1.341517865657806396e-01 6.191062927246093750e-02 6.824934482574462891e-02 -1.008165478706359863e-01 1.771396100521087646e-01 1.409546732902526855e-01 1.901999115943908691e-01 -6.715562939643859863e-02 1.091713979840278625e-01 -1.995203793048858643e-01 5.496371537446975708e-02 6.409396417438983917e-03 -1.981928646564483643e-01 -2.116199135780334473e-01 3.085501790046691895e-01 -4.190059378743171692e-02 1.897139102220535278e-01 -1.236898526549339294e-01 1.324387788772583008e-01 2.556283473968505859e-01 1.199857294559478760e-01 -1.725789532065391541e-02 9.859071671962738037e-02 -1.181443482637405396e-01 -2.246326655149459839e-01 1.195571720600128174e-01 1.928201764822006226e-01 2.715998142957687378e-02 1.843480952084064484e-02 1.127245053648948669e-01 1.356639266014099121e-01
1.142271459102630615e-01 4.199861362576484680e-02 6.684555858373641968e-02 -6.350517272949218750e-03 -1.152107715606689453e-01 1.838750541210174561e-01 1.211545541882514954e-01 2.486633062362670898e-01 2.696664817631244659e-02 1.227449551224708557e-01 -6.299796700477600098e-02 -3.630577027797698975e-02 -9.280299395322799683e-02 -1.759171932935714722e-01 -1.583206951618194580e-01 2.644796371459960938e-01 -1.930196955800056458e-02 1.306804865598678589e-01 -7.815251499414443970e-02 5.565297976136207581e-02 2.081428766250610352e-01 1.577111780643463135e-01 9.091046452522277832e-02 3.767264261841773987e-02 4.881259799003601074e-02 -1.564178615808486938e-01 1.488019898533821106e-02 6.821505725383758545e-02 1.101580038666725159e-01 1.441837549209594727e-01 9.695595502853393555e-02 9.094601869583129883e-02
2.182649075984954834e-01 2.589619159698486328e-01 -1.191232204437255859e-01 9.447008371353149414e-03 -2.343858480453491211e-01 4.550354555249214172e-02 -2.663820981979370117e-02 7.772655785083770752e-02 2.959363162517547607e-03 3.555035591125488281e-02 -2.512930333614349365e-01 7.234717160463333130e-02 2.927769534289836884e-02 -2.714931666851043701e-01 -3.145908117294311523e-01 3.952640667557716370e-02 -7.431757450103759766e-02 -8.087031543254852295e-02 -1.696271263062953949e-02 -3.895863890647888184e-03 2.957385480403900146e-01 4.210111871361732483e-02 -5.438602715730667114e-02 1.837597191333770752e-01 9.218249469995498657e-03 -1.052206754684448242e-02 3.737984895706176758e-01 1.587620824575424194e-01 -7.502646744251251221e-02 2.972481399774551392e-02 1.234018206596374512e-01 2.166506797075271606e-01
4.663947224617004395e-02 -2.963174879550933838e-02 8.032584190368652344e-02 2.102204561233520508e-01 -1.578053385019302368e-01 -1.236062496900558472e-03 9.751703590154647827e-02 9.490831941366195679e-02 7.466407120227813721e-02 1.928471475839614868e-01 -2.425706386566162109e-01 4.532489925622940063e-02 2.290540747344493866e-02 -6.480535864830017090e-02 3.142576664686203003e-02 2.474473789334297180e-03 6.651226431131362915e-03 4.322848021984100342e-01 -1.173354908823966980e-01 -2.145750224590301514e-01 8.729894645512104034e-03 1.875054463744163513e-02 1.698552966117858887e-01 3.920749947428703308e-02 -8.570248633623123169e-02 -1.490051746368408203e-01 3.327585384249687195e-02 1.822126060724258423e-01 -1.252568885684013367e-02 1.371398568153381348e-01 1.787759065628051758e-01 1.717271804809570312e-01
3.555332422256469727e-01 1.367518305778503418e-01 9.970685094594955444e-02 2.165747433900833130e-02 -8.727740496397018433e-02 2.751477658748626709e-01 1.665324270725250244e-01 2.219707518815994263e-01 -6.906829774379730225e-02 1.652857810258865356e-01 -1.498058438301086426e-01 5.840743333101272583e-02 -4.293061792850494385e-03 -1.900589019060134888e-01 -2.485125362873077393e-01 3.142714500427246094e-01 -2.615614607930183411e-02 2.208893895149230957e-01 -1.673506200313568115e-01 1.249208822846412659e-01 2.319667935371398926e-01 7.173063606023788452e-02 -3.469913825392723083e-02 1.154876351356506348e-01 -1.621525138616561890e-01 -2.399275451898574829e-01 1.053736507892608643e-01 2.496363669633865356e-01 -1.737018115818500519e-02 -1.624124124646186829e-04 1.125265955924987793e-01 1.126297339797019958e-01
5.592834204435348511e-03 -4.089924320578575134e-02 1.322716772556304932e-01 -7.704435288906097412e-02 3.514327108860015869e-03 1.451751291751861572e-01 1.339752972126007080e-02 -1.177730858325958252e-01 -8.211107552051544189e-02 -1.313325464725494385e-01 2.188426852226257324e-01 7.412391155958175659e-02 -1.071168854832649231e-01 2.088058143854141235e-01 -1.685183681547641754e-02 -9.061777964234352112e-03 -2.786873877048492432e-01 -1.858120709657669067e-01 9.747327864170074463e-02 8.389547467231750488e-02 -1.737654358148574829e-01 -1.630247384309768677e-02 -4.396305978298187256e-02 -5.441530793905258179e-02 1.219697296619415283e-02 1.171448677778244019e-01 4.704596474766731262e-02 -1.265926510095596313e-01 1.254744827747344971e-03 -1.273849457502365112e-01 5.828319489955902100e-02 3.711083531379699707e-02
6.549884676933288574e-01 2.628534734249114990e-01 2.870186567306518555e-01 7.063946127891540527e-02 5.569429695606231689e-02 3.465993702411651611e-01 1.604154706001281738e-01 1.213544458150863647e-01 -1.394446492195129395e-01 1.333890557289123535e-01 -1.680928170680999756e-01 2.576326131820678711e-01 1.604697406291961670e-01 -1.379638314247131348e-01 -2.847891151905059814e-01 2.620735764503479004e-01 -4.600900784134864807e-02 4.015782773494720459e-01 -3.072975277900695801e-01 2.182944118976593018e-01 1.157269328832626343e-01 -2.297075688838958740e-01 -2.503644824028015137e-01 2.089096605777740479e-01 -5.520391464233398438e-01 -2.240922600030899048e-01 1.650266051292419434e-01 5.719223022460937500e-01 -1.849795579910278320e-01 -2.624265253543853760e-01 1.882179230451583862e-01 2.254651114344596863e-02
-1.850775443017482758e-03 -5.411875993013381958e-02 2.131791785359382629e-02 1.496253460645675659e-01 -2.383367419242858887e-01 -3.220930695533752441e-02 6.997174769639968872e-02 8.302785456180572510e-02 1.142129600048065186e-01 2.412197142839431763e-01 -2.364534139633178711e-01 5.127535760402679443e-02 3.081510029733181000e-02 -8.152446150779724121e-02 5.199600011110305786e-02 1.871749386191368103e-02 4.279946535825729370e-02 3.315172493457794189e-01 -6.074513494968414307e-02 -2.043195664882659912e-01 -3.032846003770828247e-02 9.580044448375701904e-02 1.296241730451583862e-01 5.682105571031570435e-02 -8.168372511863708496e-02 -1.894401907920837402e-01 -2.114994637668132782e-02 1.522883921861648560e-01 4.713717848062515259e-02 7.697500288486480713e-02 1.257255673408508301e-01 1.459981799125671387e-01
2.582441270351409912e-01 1.770319193601608276e-01 -1.202001422643661499e-01 1.614287495613098145e-01 -2.473305463790893555e-01 1.957784891128540039e-01 7.886663079261779785e-04 -2.323411703109741211e-01 -1.067788749933242798e-01 -4.896542802453041077e-02 -3.953341543674468994e-01 2.079807221889495850e-01 3.258181363344192505e-02 -1.081406921148300171e-01 -4.326702952384948730e-01 -1.570049077272415161e-01 -4.551599621772766113e-01 -1.343553885817527771e-02 -3.160222247242927551e-02 6.252501159906387329e-03 1.231023967266082764e-01 1.766214147210121155e-02 -7.657201588153839111e-02 1.612627208232879639e-01 -1.022638976573944092e-01 1.229087412357330322e-01 6.590667963027954102e-01 1.583714336156845093e-01 -1.044533327221870422e-01 -1.318522393703460693e-01 2.694509625434875488e-01 2.713790833950042725e-01
7.949360460042953491e-02 1.516140401363372803e-01 3.340308666229248047e-01 2.241259664297103882e-01 4.183640182018280029e-01 1.993055343627929688e-01 -3.136828914284706116e-02 -1.453545689582824707e-01 -1.217783540487289429e-01 -1.124419122934341431e-01 3.610360920429229736e-01 1.229922845959663391e-01 4.362710565328598022e-02 3.877821266651153564e-01 4.149498641490936279e-01 -9.122896194458007812e-02 8.343160152435302734e-02 2.950177192687988281e-01 -2.775657773017883301e-01 8.325359225273132324e-02 -3.535372018814086914e-01 -4.322094321250915527e-01 -2.461018115282058716e-01 -1.455641090869903564e-01 -5.048466324806213379e-01 6.282891333103179932e-02 -4.091130495071411133e-01 3.457909524440765381e-01 -2.294352054595947266e-01 -3.898618221282958984e-01 2.190860956907272339e-01 -4.712330996990203857e-01
-8.382499963045120239e-02 3.599448129534721375e-03 -1.354351192712783813e-01 1.365921832621097565e-02 -2.875742912292480469e-01 -1.749992072582244873e-01 1.860111951828002930e-02 1.950608491897583008e-01 1.799508184194564819e-01 2.895224690437316895e-01 -2.586168646812438965e-01 -6.889915466308593750e-02 3.034254908561706543e-02 -1.441745758056640625e-01 3.938490897417068481e-02 4.188735410571098328e-02 1.671272516250610352e-01 1.607721447944641113e-01 -8.298656344413757324e-02 -2.072517871856689453e-01 1.099197119474411011e-01 8.065930008888244629e-02 3.477881848812103271e-02 1.048579961061477661e-01 6.835628300905227661e-02 -1.421178877353668213e-01 -3.739124909043312073e-02 1.738814860582351685e-01 9.936708956956863403e-02 1.552066504955291748e-01 -1.263307034969329834e-01 1.500300168991088867e-01
-5.266223847866058350e-02 4.706605151295661926e-02 -2.057161033153533936e-01 -7.222581654787063599e-03 -2.890232503414154053e-01 -1.829159855842590332e-01 3.408730030059814453e-03 2.429838627576828003e-01 2.080892026424407959e-01 2.806148827075958252e-01 -2.901783585548400879e-01 -5.821823328733444214e-02 4.682220518589019775e-02 -2.442605346441268921e-01 4.246640205383300781e-02 -9.371577762067317963e-03 1.914428025484085083e-01 8.892080187797546387e-02 -8.890269696712493896e-02 -2.112474441528320312e-01 1.612310260534286499e-01 6.835883855819702148e-02 -4.487578570842742920e-02 1.187021583318710327e-01 8.213263005018234253e-02 -1.548870205879211426e-01 -1.286524534225463867e-02 2.034983783960342407e-01 1.199516877532005310e-01 1.693317592144012451e-01 -1.992588490247726440e-01 1.383842527866363525e-01
1.117764860391616821e-01 2.036467567086219788e-02 3.110339865088462830e-02 3.306984901428222656e-02 -1.124561429023742676e-01 5.487863719463348389e-02 1.849288344383239746e-01 2.349705100059509277e-01 8.884739130735397339e-03 1.222680136561393738e-01 -6.803509593009948730e-02 -3.666876256465911865e-02 -5.605351924896240234e-02 -1.247502267360687256e-01 -1.215765401721000671e-01 2.282521724700927734e-01 2.797230891883373260e-02 9.675249457359313965e-02 -7.838238030672073364e-02 5.636928603053092957e-02 1.512176692485809326e-01 1.840284168720245361e-01 5.898575484752655029e-02 -4.769822210073471069e-02 3.490281105041503906e-02 -1.978706419467926025e-01 -4.413037747144699097e-02 6.150300055742263794e-02 1.005492135882377625e-01 9.354851394891738892e-02 5.135773867368698120e-02 1.004991009831428528e-01
-3.352422714233398438e-01 -9.845618903636932373e-02 -4.379099979996681213e-02 -7.936295866966247559e-02 1.077040433883666992e-01 -2.123311758041381836e-01 1.102376356720924377e-01 2.535712420940399170e-01 8.932441473007202148e-02 -1.083372533321380615e-02 2.697904109954833984e-01 -2.199126482009887695e-01 -2.291204035282135010e-01 -2.237883955240249634e-02 2.437926828861236572e-01 -4.323000088334083557e-03 3.403945863246917725e-01 -2.037266790866851807e-01 1.595596596598625183e-02 -8.310753107070922852e-02 1.241841614246368408e-01 8.599808067083358765e-02 4.635217040777206421e-02 -2.837961018085479736e-01 2.987885475158691406e-01 -1.281980872154235840e-01 -4.762298166751861572e-01 -2.587586641311645508e-01 2.263976037502288818e-01 2.132558226585388184e-01 -1.952137351036071777e-01 -1.625597476959228516e-01
1.231263875961303711e-01 5.823154747486114502e-02 -2.431610599160194397e-02 -2.246590331196784973e-02 -1.128811389207839966e-01 1.214061975479125977e-01 1.230994984507560730e-01 1.687007248401641846e-01 -6.161548942327499390e-02 1.338189393281936646e-01 -7.770550996065139771e-02 -1.812436059117317200e-02 5.506969522684812546e-03 -2.055578380823135376e-01 -2.192267775535583496e-01 2.093211263418197632e-01 4.792572557926177979e-02 5.836007371544837952e-02 -9.535358846187591553e-02 6.026899442076683044e-02 1.889800578355789185e-01 8.033453673124313354e-02 1.054210588335990906e-03 7.521413266658782959e-03 -3.684869036078453064e-02 -8.902972936630249023e-02 1.049682497978210449e-01 1.880537420511245728e-01 -1.135905645787715912e-02 8.485734462738037109e-02 3.788026049733161926e-02 1.297769099473953247e-01
-1.795033738017082214e-02 -4.369516670703887939e-02 4.226328060030937195e-02 1.890418082475662231e-01 -2.341669499874114990e-01 -1.978039741516113281e-02 7.375488430261611938e-02 8.465068787336349487e-02 1.017961949110031128e-01 2.360108941793441772e-01 -2.407356798648834229e-01 2.450955659151077271e-02 2.473259344696998596e-02 -4.544449225068092346e-02 1.821447536349296570e-02 -1.352394558489322662e-02 5.289813131093978882e-02 3.814528286457061768e-01 -9.672591835260391235e-02 -2.256895005702972412e-01 4.025141894817352295e-02 5.189024657011032104e-02 1.323134750127792358e-01 6.627683341503143311e-02 -1.026099994778633118e-01 -1.506880968809127808e-01 8.835308253765106201e-04 1.764391809701919556e-01 -1.210086978971958160e-02 1.129338443279266357e-01 1.419514119625091553e-01 1.430559307336807251e-01
2.403406500816345215e-01 1.243255510926246643e-01 8.177670836448669434e-02 3.062814846634864807e-02 -2.656514570116996765e-02 1.767072081565856934e-01 1.495411098003387451e-01 2.534752786159515381e-01 -5.881775915622711182e-02 1.031358987092971802e-01 -1.521526873111724854e-01 2.280354499816894531e-02 -6.123681366443634033e-02 -2.028555423021316528e-01 -1.774756014347076416e-01 2.940597534179687500e-01 -4.540219902992248535e-03 1.932422816753387451e-01 -1.236864179372787476e-01 1.027827709913253784e-01 2.359298467636108398e-01 9.481986612081527710e-02 -1.417233981192111969e-02 4.530246183276176453e-02 -1.107402071356773376e-01 -2.549169659614562988e-01 2.566711977124214172e-02 1.433007121086120605e-01 9.156502783298492432e-02 4.396752268075942993e-02 1.090907454490661621e-01 6.737779080867767334e-02
4.172221124172210693e-01 1.755025982856750488e-01 1.966747492551803589e-01 9.614900499582290649e-02 -1.879975199699401855e-03 2.606425285339355469e-01 1.541616618633270264e-01 2.288885116577148438e-01 -4.957154393196105957e-02 1.006878986954689026e-01 -1.672722101211547852e-01 1.234041675925254822e-01 5.620225518941879272e-02 -1.813036203384399414e-01 -2.195233702659606934e-01 3.064349591732025146e-01 -2.432651445269584656e-02 3.319180011749267578e-01 -2.062779217958450317e-01 1.948401331901550293e-01 1.842403858900070190e-01 -4.220878332853317261e-02 -4.025750607252120972e-02 1.576655358076095581e-01 -2.976019084453582764e-01 -2.515528500080108643e-01 9.777934849262237549e-02 3.291485309600830078e-01 -2.567813359200954437e-02 -4.774768278002738953e-02 1.447912007570266724e-01 6.911428272724151611e-02
2.698409855365753174e-01 9.343702346086502075e-02 9.491763263940811157e-02 6.752451509237289429e-02 -8.206468075513839722e-02 2.750821709632873535e-01 6.999679654836654663e-02 -2.170318961143493652e-01 -1.398891061544418335e-01 -1.011094301939010620e-01 -9.981610625982284546e-02 2.101659476757049561e-01 6.796037778258323669e-03 1.228777319192886353e-01 -2.862439751625061035e-01 -2.391968294978141785e-02 -4.888206124305725098e-01 -1.046570390462875366e-02 3.072912059724330902e-02 6.777301430702209473e-02 -1.144627034664154053e-01 -3.891559690237045288e-02 -4.014595597982406616e-02 -4.238665103912353516e-03 -1.175405532121658325e-01 2.657756209373474121e-01 5.014400482177734375e-01 6.239019334316253662e-02 -1.047603338956832886e-01 -2.075384259223937988e-01 2.709934115409851074e-01 1.844626963138580322e-01
-6.070715188980102539e-02 -1.534992456436157227e-01 2.396148294210433960e-01 -1.050681248307228088e-02 5.386141687631607056e-02 3.219306841492652893e-02 1.098496466875076294e-02 -2.988094836473464966e-02 -3.488348424434661865e-02 5.980549752712249756e-02 1.413988769054412842e-01 1.250939816236495972e-02 -9.801152627915143967e-04 1.916967630386352539e-01 1.878511309623718262e-01 1.569091975688934326e-01 6.580306589603424072e-02 1.574610918760299683e-01 3.206525743007659912e-02 4.395511373877525330e-02 -1.666419953107833862e-01 1.745385304093360901e-02 3.955805301666259766e-02 -1.799049228429794312e-02 -1.188483238220214844e-01 -4.928328841924667358e-02 -2.667879462242126465e-01 2.362994290888309479e-02 -3.681256622076034546e-02 -1.743992045521736145e-02 4.121854528784751892e-02 5.108717828989028931e-03
1.577457040548324585e-02 3.856674954295158386e-02 2.152603417634963989e-01 6.714269518852233887e-02 2.350673973560333252e-01 1.361614465713500977e-01 9.867570549249649048e-02 1.392331719398498535e-01 -5.200625956058502197e-02 3.612902015447616577e-02 2.650192379951477051e-01 1.359712332487106323e-02 -8.596556633710861206e-02 1.339074224233627319e-01 2.193627655506134033e-01 8.429172635078430176e-02 1.036612391471862793e-01 2.387419342994689941e-01 -2.020786553621292114e-01 6.260111182928085327e-02 -1.585291922092437744e-01 -1.871381998062133789e-01 -4.743641242384910583e-02 -1.574119031429290771e-01 -1.967067420482635498e-01 -1.006546542048454285e-01 -3.192565441131591797e-01 1.464527994394302368e-01 -8.696619421243667603e-03 -1.351425349712371826e-01 1.351040452718734741e-01 -2.846612036228179932e-01
-1.235573515295982361e-01 3.350917994976043701e-02 -1.825603991746902466e-01 -1.081431284546852112e-02 -3.174783587455749512e-01 -1.833178699016571045e-01 3.017136454582214355e-02 2.058408111333847046e-01 2.240459769964218140e-01 3.004198968410491943e-01 -2.835171818733215332e-01 -8.662453293800354004e-02 1.460502203553915024e-02 -1.701610833406448364e-01 6.087446212768554688e-02 5.366906151175498962e-02 1.903901845216751099e-01 8.241160213947296143e-02 -7.127409428358078003e-02 -2.031301259994506836e-01 1.449030190706253052e-01 9.145009517669677734e-02 1.317682303488254547e-02 1.294251680374145508e-01 9.424532949924468994e-02 -1.479192376136779785e-01 -6.477153301239013672e-02 1.545217335224151611e-01 1.205494925379753113e-01 1.500063836574554443e-01 -1.895995289087295532e-01 1.539016962051391602e-01
-6.792412698268890381e-02 1.446400582790374756e-02 -5.654655396938323975e-03 1.820650137960910797e-02 -6.884588301181793213e-02 -5.639132857322692871e-02 1.578260660171508789e-01 2.607210278511047363e-01 2.715224958956241608e-02 5.280216038227081299e-02 -7.716456428170204163e-03 -1.018996387720108032e-01 -1.412383168935775757e-01 -1.041088402271270752e-01 2.402648329734802246e-03 1.650044173002243042e-01 1.261618584394454956e-01 -4.232462868094444275e-02 -4.168028011918067932e-02 4.012234508991241455e-03 1.525885164737701416e-01 1.874990016222000122e-01 1.043255776166915894e-01 -1.246589794754981995e-01 1.369492858648300171e-01 -1.774757206439971924e-01 -1.729592680931091309e-01 -9.092060476541519165e-02 1.932651698589324951e-01 1.445132493972778320e-01 1.357838511466979980e-03 4.045859351754188538e-02
3.307649493217468262e-01 1.825319975614547729e-01 2.517457902431488037e-01 3.819345682859420776e-02 2.010817825794219971e-01 2.112891077995300293e-01 1.162968948483467102e-01 1.496471911668777466e-01 -1.582031548023223877e-01 5.196057260036468506e-02 8.748988062143325806e-02 1.137272343039512634e-01 9.631972759962081909e-02 -2.154755964875221252e-02 -2.635797113180160522e-02 1.901386082172393799e-01 4.614423960447311401e-02 3.292619287967681885e-01 -2.461126148700714111e-01 1.457402855157852173e-01 2.600505575537681580e-02 -1.985539793968200684e-01 -1.750098466873168945e-01 -1.762433350086212158e-02 -3.688622415065765381e-01 -1.765509247779846191e-01 -8.140766620635986328e-02 4.116536080837249756e-01 -1.247046738862991333e-01 -1.469950675964355469e-01 1.310597211122512817e-01 -1.566525101661682129e-01
4.079803824424743652e-02 2.075479924678802490e-02 -1.021737456321716309e-01 -4.173261299729347229e-02 -2.734067142009735107e-01 8.809188008308410645e-02 6.821300834417343140e-02 9.155039489269256592e-02 5.506119877099990845e-02 1.249267086386680603e-01 -1.414164900779724121e-01 9.122431278228759766e-03 -6.561061739921569824e-02 -1.701893210411071777e-01 -2.434684336185455322e-01 1.046641319990158081e-01 -9.202377498149871826e-02 -9.670706093311309814e-02 -1.515746396034955978e-02 -7.326319813728332520e-03 1.635813117027282715e-01 1.802205592393875122e-01 1.079563945531845093e-01 4.602285474538803101e-02 1.692240238189697266e-01 -4.345538094639778137e-02 2.304173111915588379e-01 -2.537354826927185059e-02 5.985558032989501953e-02 6.878725439310073853e-02 8.109883219003677368e-02 1.988184303045272827e-01
-1.220380365848541260e-01 -1.322776526212692261e-01 2.411357909440994263e-01 -1.408024877309799194e-01 1.535530388355255127e-01 4.890495538711547852e-02 -2.551114931702613831e-02 -5.331209301948547363e-02 -8.184105157852172852e-02 -7.630208879709243774e-02 3.874670863151550293e-01 -9.135358035564422607e-03 -9.489705413579940796e-02 2.998582720756530762e-01 2.109104096889495850e-01 5.218086764216423035e-02 -4.202299192547798157e-02 -1.916208863258361816e-01 1.329643130302429199e-01 1.022101417183876038e-01 -1.971443295478820801e-01 -1.854254305362701416e-02 -4.594835638999938965e-02 -1.302445232868194580e-01 -1.282403245568275452e-02 3.239895403385162354e-02 -2.761010825634002686e-01 -1.469725966453552246e-01 -6.976488977670669556e-03 -7.737935334444046021e-02 -1.308637857437133789e-02 -8.998098969459533691e-02
3.468415141105651855e-01 5.430998653173446655e-02 1.009656563401222229e-01 3.553297817707061768e-01 -1.251124590635299683e-02 2.681517601013183594e-01 2.119832932949066162e-01 -2.543645501136779785e-01 -1.453073769807815552e-01 1.755105145275592804e-02 -1.845899820327758789e-01 2.441748082637786865e-01 -5.257597193121910095e-03 1.055765599012374878e-01 -1.270018666982650757e-01 -1.488678902387619019e-01 -3.473548591136932373e-01 4.620617330074310303e-01 -2.432522326707839966e-01 -5.148775875568389893e-02 -4.093977063894271851e-02 -1.427457332611083984e-01 1.173655837774276733e-01 -1.725129038095474243e-02 -4.265492856502532959e-01 -3.196076303720474243e-02 4.676291048526763916e-01 2.027323096990585327e-01 -9.972704946994781494e-02 -1.809385418891906738e-01 4.213649928569793701e-01 6.881936639547348022e-02
3.457961082458496094e-01 1.624394655227661133e-01 2.532484531402587891e-01 3.030293807387351990e-02 1.332696080207824707e-01 2.239822149276733398e-01 1.603605151176452637e-01 1.649501323699951172e-01 -9.722980856895446777e-02 9.494945406913757324e-02 8.244212716817855835e-02 1.295808851718902588e-01 3.217759355902671814e-02 5.977209657430648804e-03 -6.258521229028701782e-02 1.966498047113418579e-01 5.383135378360748291e-02 2.933416664600372314e-01 -2.703290879726409912e-01 1.534808278083801270e-01 -5.025597289204597473e-02 -1.976629197597503662e-01 -1.679134964942932129e-01 -1.301619410514831543e-02 -4.067306220531463623e-01 -1.752468943595886230e-01 -1.236712932586669922e-01 3.844179511070251465e-01 -1.013106405735015869e-01 -1.760735809803009033e-01 1.237634345889091492e-01 -1.204198598861694336e-01
2.388819493353366852e-02 2.656634524464607239e-02 2.424031049013137817e-01 2.097532898187637329e-02 -7.128719985485076904e-02 2.554712891578674316e-01 8.280291408300399780e-02 -6.560695171356201172e-02 -6.057154387235641479e-02 4.805027693510055542e-02 1.749963164329528809e-01 8.659008890390396118e-02 -9.323528409004211426e-02 2.293339967727661133e-01 4.614088684320449829e-02 6.856875121593475342e-02 -3.070275485515594482e-01 5.136384442448616028e-02 3.983424603939056396e-02 1.165160015225410461e-01 -2.072099149227142334e-01 -4.649029672145843506e-02 1.151247322559356689e-02 -5.237668752670288086e-03 -1.317666471004486084e-01 1.111701577901840210e-01 7.940991222858428955e-02 3.858321905136108398e-02 -4.260616749525070190e-02 -1.982930004596710205e-01 2.130886912345886230e-01 1.734483428299427032e-02
1.984236538410186768e-01 1.935492455959320068e-02 1.960492432117462158e-01 2.353954166173934937e-01 3.856847435235977173e-02 2.122693359851837158e-01 1.607016324996948242e-01 -2.019703686237335205e-01 -1.231743842363357544e-01 -1.160810515284538269e-02 -2.073190174996852875e-02 1.838881671428680420e-01 -3.879726305603981018e-02 1.708571165800094604e-01 -1.474490761756896973e-02 1.108535379171371460e-02 -2.602402865886688232e-01 3.656776845455169678e-01 -1.095006167888641357e-01 -1.294137537479400635e-02 -1.417827159166336060e-01 -5.522333830595016479e-02 1.250423640012741089e-01 -2.283625304698944092e-03 -3.483658730983734131e-01 -4.651421681046485901e-02 2.195048034191131592e-01 1.321748644113540649e-01 -8.990254253149032593e-02 -1.715964674949645996e-01 3.255746364593505859e-01 4.524234682321548462e-02
1.106923818588256836e-01 8.435703814029693604e-03 5.040575563907623291e-02 2.988247573375701904e-01 -1.669055521488189697e-01 1.242020204663276672e-01 1.231183484196662903e-01 -2.661917358636856079e-02 6.603375822305679321e-02 1.435433179140090942e-01 -3.144170343875885010e-01 1.427905559539794922e-01 -2.823422476649284363e-02 -7.893842458724975586e-02 -5.106575042009353638e-02 -6.657627224922180176e-02 -1.037351787090301514e-01 4.969345033168792725e-01 -1.831524819135665894e-01 -2.609242796897888184e-01 2.643429115414619446e-02 3.597206994891166687e-02 2.063181102275848389e-01 1.043734326958656311e-01 -2.409353703260421753e-01 -1.828085035085678101e-01 1.925894469022750854e-01 1.929178237915039062e-01 -4.646074026823043823e-02 3.943251818418502808e-02 3.483304083347320557e-01 1.708230525255203247e-01
2.311571091413497925e-01 7.387168705463409424e-02 8.468110114336013794e-02 7.632151246070861816e-02 9.671207517385482788e-03 2.507321536540985107e-01 9.140459448099136353e-02 -1.975589394569396973e-01 -1.711402684450149536e-01 -1.384911537170410156e-01 3.975676372647285461e-03 1.755864322185516357e-01 -7.592651247978210449e-02 1.126141846179962158e-01 -1.460660398006439209e-01 -1.458020508289337158e-01 -4.260316789150238037e-01 1.603329554200172424e-02 -5.102308839559555054e-02 4.191295057535171509e-02 -1.185079962015151978e-01 -1.749341785907745361e-01 -4.740528389811515808e-02 -2.358565479516983032e-02 -1.580788642168045044e-01 1.684639006853103638e-01 3.461517989635467529e-01 2.041207812726497650e-02 -1.159786805510520935e-01 -2.001602351665496826e-01 2.158974111080169678e-01 1.290785074234008789e-01
3.553375601768493652e-02 2.549136057496070862e-03 -1.605441868305206299e-01 -3.427257761359214783e-02 -2.382822036743164062e-01 5.096992477774620056e-02 -2.935021370649337769e-02 -4.444703459739685059e-02 1.779374852776527405e-02 2.314134873449802399e-02 -1.665138602256774902e-01 5.204230546951293945e-02 -3.208444686606526375e-03 -1.675833463668823242e-01 -3.384262621402740479e-01 -5.184612423181533813e-02 -1.682729125022888184e-01 -1.461650133132934570e-01 7.103512436151504517e-02 -1.242923736572265625e-02 1.084323227405548096e-01 1.207676082849502563e-01 2.403195016086101532e-02 5.590379238128662109e-02 1.590900868177413940e-01 1.236633062362670898e-01 3.976627290248870850e-01 9.343847632408142090e-03 -9.268611669540405273e-03 5.778258293867111206e-02 5.426150560379028320e-02 2.183581590652465820e-01
5.957291275262832642e-02 -1.677456125617027283e-02 2.352168262004852295e-01 9.133795648813247681e-02 2.202954888343811035e-02 1.182641461491584778e-01 7.373818010091781616e-02 -8.191102743148803711e-02 -1.168762743473052979e-01 4.813563078641891479e-02 1.938792690634727478e-02 8.811690658330917358e-02 -3.171219676733016968e-02 1.708084940910339355e-01 8.438649773597717285e-02 1.638561859726905823e-02 -1.169199496507644653e-01 2.612788677215576172e-01 -4.605180770158767700e-02 -3.154169023036956787e-02 -1.041012257337570190e-01 -7.101821154356002808e-02 2.814841456711292267e-02 -1.257777214050292969e-03 -2.365504801273345947e-01 6.993882358074188232e-03 -4.476322606205940247e-02 1.195947527885437012e-01 -1.351129114627838135e-01 -4.861331731081008911e-02 1.892867088317871094e-01 6.121539324522018433e-02
-1.009133830666542053e-01 -2.557240426540374756e-02 -7.284747064113616943e-02 2.717929333448410034e-02 -2.516442239284515381e-01 -1.855081319808959961e-01 -2.825165912508964539e-02 2.040828764438629150e-01 1.635340154170989990e-01 2.843441367149353027e-01 -1.767434477806091309e-01 -9.265680611133575439e-02 5.595934018492698669e-02 -1.011916249990463257e-01 1.043566092848777771e-01 2.552232518792152405e-02 1.966362446546554565e-01 1.573963165283203125e-01 -5.264766514301300049e-02 -2.000829279422760010e-01 4.236803203821182251e-02 1.158341616392135620e-01 -1.260254532098770142e-03 8.672658354043960571e-02 5.980259180068969727e-02 -1.358693838119506836e-01 -1.233578324317932129e-01 1.592117697000503540e-01 5.808332562446594238e-02 1.745719015598297119e-01 -1.139033511281013489e-01 1.000878214836120605e-01
-2.480635419487953186e-03 7.983791083097457886e-02 -3.315179422497749329e-02 -8.015939593315124512e-02 -1.229955404996871948e-01 8.846014738082885742e-02 -2.470827847719192505e-02 -1.636866182088851929e-01 -9.220835566520690918e-02 -9.042329341173171997e-02 -8.420643210411071777e-02 8.428225666284561157e-02 -5.584127828478813171e-02 -1.638875529170036316e-02 -2.332819402217864990e-01 -1.214181035757064819e-01 -3.071537911891937256e-01 -2.476029396057128906e-01 1.387762129306793213e-01 -2.441965043544769287e-02 -2.045801281929016113e-02 4.361329227685928345e-02 -7.837384194135665894e-02 5.435913801193237305e-03 1.155458688735961914e-01 2.596094012260437012e-01 3.100210726261138916e-01 9.035959839820861816e-03 -7.916244864463806152e-02 -1.108443140983581543e-01 1.156858950853347778e-01 1.659690588712692261e-01
-3.723013401031494141e-02 3.431345894932746887e-02 -1.025337427854537964e-01 -6.092939153313636780e-02 -2.607076466083526611e-01 -1.380236446857452393e-02 9.268610924482345581e-02 4.101525247097015381e-02 3.792234510183334351e-02 1.054713204503059387e-01 -9.403336048126220703e-02 -3.262760490179061890e-02 -8.256662636995315552e-02 -1.146592050790786743e-01 -2.073400318622589111e-01 3.133989125490188599e-02 -7.816150784492492676e-02 -2.074559181928634644e-01 6.516248732805252075e-02 -7.654297351837158203e-02 1.128502935171127319e-01 1.768939644098281860e-01 4.428985714912414551e-02 -3.380447626113891602e-02 2.024910300970077515e-01 6.572768092155456543e-02 1.774854809045791626e-01 -2.621989324688911438e-02 1.764252781867980957e-02 3.783206269145011902e-02 2.306246757507324219e-02 1.931250840425491333e-01
1.704561263322830200e-01 1.365407407283782959e-01 -3.256877884268760681e-02 -1.078872010111808777e-02 -2.296385169029235840e-01 1.267237067222595215e-01 1.156188622117042542e-01 1.751099526882171631e-01 3.019091673195362091e-02 1.627442091703414917e-01 -1.822575628757476807e-01 2.031251788139343262e-02 -7.799265533685684204e-02 -2.178107947111129761e-01 -2.423097789287567139e-01 2.147427201271057129e-01 -6.642273068428039551e-02 4.244956746697425842e-02 -8.235836029052734375e-02 2.693890035152435303e-02 2.200495004653930664e-01 1.433692574501037598e-01 4.441872239112854004e-02 1.012083888053894043e-01 -3.819887340068817139e-02 -1.107868254184722900e-01 1.613761037588119507e-01 1.383096873760223389e-01 4.602529853582382202e-02 5.545391142368316650e-02 1.070236638188362122e-01 2.223625034093856812e-01
1.325768530368804932e-01 2.032939903438091278e-02 9.826287627220153809e-02 3.589797616004943848e-01 -7.974691689014434814e-02 1.289799362421035767e-01 1.172817572951316833e-01 -5.589169263839721680e-02 8.146457374095916748e-03 8.140242099761962891e-02 -1.915915310382843018e-01 1.170650348067283630e-01 1.801415905356407166e-02 -1.314079016447067261e-02 6.734270602464675903e-03 -9.337402880191802979e-02 -1.070574969053268433e-01 4.991717040538787842e-01 -1.921929419040679932e-01 -1.773502677679061890e-01 -1.503286883234977722e-02 -2.477385103702545166e-02 1.857400536537170410e-01 5.118115991353988647e-02 -2.565016746520996094e-01 -1.685161292552947998e-01 1.850693076848983765e-01 1.687368452548980713e-01 -9.028195589780807495e-02 4.713831096887588501e-02 3.455161154270172119e-01 1.134506165981292725e-01
1.805058419704437256e-01 -2.922638505697250366e-02 8.236718177795410156e-02 2.644572854042053223e-01 -4.531863331794738770e-02 1.023068428039550781e-01 1.370153427124023438e-01 -1.321261078119277954e-01 -3.775589168071746826e-02 4.099114984273910522e-02 -1.594666838645935059e-01 1.495601236820220947e-01 6.071983836591243744e-03 3.825177252292633057e-02 -2.727475389838218689e-02 -4.646138846874237061e-02 -1.122714728116989136e-01 4.856971204280853271e-01 -1.884460002183914185e-01 -1.563279032707214355e-01 -5.582397058606147766e-02 -2.941595762968063354e-02 1.871628016233444214e-01 4.519205912947654724e-02 -3.295285701751708984e-01 -1.273288428783416748e-01 1.875648945569992065e-01 1.441628187894821167e-01 -5.154518410563468933e-02 -1.684284023940563202e-02 3.176497817039489746e-01 1.010058596730232239e-01
9.154370054602622986e-04 9.141309559345245361e-02 -1.628236174583435059e-01 -3.659227862954139709e-02 -2.145231515169143677e-02 -1.396427452564239502e-01 -4.770160466432571411e-02 -1.730123460292816162e-01 -1.213932335376739502e-01 -1.846557706594467163e-01 -4.535455256700515747e-03 4.994644224643707275e-02 -1.193846389651298523e-02 -8.120709657669067383e-02 -2.084874212741851807e-01 -1.973422020673751831e-01 -9.359577298164367676e-02 -2.523911297321319580e-01 1.152699664235115051e-01 -2.467311918735504150e-03 5.536674335598945618e-02 7.256720215082168579e-03 -1.204790920019149780e-01 -4.452615976333618164e-03 5.270971357822418213e-02 2.031480520963668823e-01 2.258546054363250732e-01 -2.320032566785812378e-03 -1.093968078494071960e-01 -5.391166545450687408e-03 -4.390504956245422363e-02 1.401056647300720215e-01
3.173269629478454590e-01 1.259103417396545410e-01 5.759507045149803162e-02 9.250372648239135742e-03 -6.255012005567550659e-02 1.990958452224731445e-01 1.384509205818176270e-01 1.881718635559082031e-01 -8.536437153816223145e-02 8.476161211729049683e-02 -1.642875373363494873e-01 4.381714016199111938e-02 8.971701376140117645e-03 -1.961093842983245850e-01 -2.339672446250915527e-01 2.721389234066009521e-01 1.094318181276321411e-02 1.489789336919784546e-01 -1.438477039337158203e-01 8.866620063781738281e-02 2.819560468196868896e-01 7.962616533041000366e-02 -1.477011572569608688e-02 8.974943310022354126e-02 -1.033174172043800354e-01 -2.390346974134445190e-01 9.092748165130615234e-02 1.655273735523223877e-01 2.445176243782043457e-02 3.843419998884201050e-02 9.364673495292663574e-02 1.059316322207450867e-01
-9.533789753913879395e-02 4.002444073557853699e-02 3.267515078186988831e-02 -6.300058215856552124e-03 2.796897478401660919e-02 1.165397092700004578e-02 1.424118876457214355e-01 2.477802336215972900e-01 -5.749242007732391357e-02 3.251571953296661377e-02 6.639632582664489746e-02 -1.383950859308242798e-01 -1.551367640495300293e-01 -6.455247104167938232e-02 1.900293678045272827e-02 1.632282882928848267e-01 1.593285948038101196e-01 -2.172488346695899963e-02 -4.519496113061904907e-02 3.089398145675659180e-02 1.816848814487457275e-01 1.359108686447143555e-01 2.543146722018718719e-02 -1.551125645637512207e-01 1.236809194087982178e-01 -1.992012262344360352e-01 -2.156653553247451782e-01 -2.698589488863945007e-02 1.278409361839294434e-01 1.128781363368034363e-01 1.558094285428524017e-02 -4.030591994524002075e-02
2.715307772159576416e-01 1.059796214103698730e-01 1.220442168414592743e-02 4.596702158451080322e-01 -8.622839301824569702e-02 1.889765560626983643e-01 1.964851617813110352e-01 -1.733435392379760742e-01 -3.110097348690032959e-02 9.142173826694488525e-02 -3.540959954261779785e-01 2.034021019935607910e-01 -1.515438780188560486e-02 -5.642505362629890442e-02 -1.222162097692489624e-01 -2.316811382770538330e-01 -2.082906961441040039e-01 6.277263760566711426e-01 -2.898457944393157959e-01 -2.728245258331298828e-01 9.852373600006103516e-02 -8.259611576795578003e-02 2.046709060668945312e-01 1.061594411730766296e-01 -3.833351135253906250e-01 -1.523599624633789062e-01 4.588960707187652588e-01 2.648952305316925049e-01 -1.464037150144577026e-01 2.943407744169235229e-04 4.784085750579833984e-01 1.169554144144058228e-01
5.181320756673812866e-02 -7.663463056087493896e-02 2.781892120838165283e-01 1.489751785993576050e-02 1.079273298382759094e-01 1.159506812691688538e-01 3.933127224445343018e-02 -9.572894871234893799e-02 -1.379897892475128174e-01 -1.316025853157043457e-02 1.708044111728668213e-01 8.133435994386672974e-02 -5.087447352707386017e-03 2.607323527336120605e-01 1.167409047484397888e-01 1.013679802417755127e-01 -9.522679448127746582e-02 1.523576378822326660e-01 8.830398321151733398e-03 5.352580174803733826e-02 -1.877341866493225098e-01 -3.278359025716781616e-02 2.919134683907032013e-02 -5.963464826345443726e-02 -1.991595625877380371e-01 9.433694183826446533e-03 -1.023921817541122437e-01 3.252536058425903320e-02 -7.140699028968811035e-02 -8.505181223154067993e-02 1.511193364858627319e-01 -1.717756316065788269e-02
2.291959822177886963e-01 2.658816799521446228e-02 -2.205234467983245850e-01 3.872434496879577637e-01 -2.040534466505050659e-01 6.225951015949249268e-02 1.382603049278259277e-01 -9.109395742416381836e-02 1.264240741729736328e-01 1.360320299863815308e-01 -5.447587370872497559e-01 1.961239576339721680e-01 3.498046100139617920e-02 -2.330808490514755249e-01 -1.788455843925476074e-01 -2.451302409172058105e-01 -4.337998852133750916e-02 5.239916443824768066e-01 -3.439739942550659180e-01 -3.564940392971038818e-01 3.123415112495422363e-01 -8.833562582731246948e-02 2.788455188274383545e-01 1.063957363367080688e-01 -2.564384341239929199e-01 -3.594370484352111816e-01 4.381528496742248535e-01 2.213213592767715454e-01 3.583136200904846191e-02 1.222349330782890320e-01 2.942819893360137939e-01 1.902481913566589355e-01
9.924257174134254456e-03 8.827341720461845398e-03 8.044002205133438110e-02 -3.832659497857093811e-02 -6.878067553043365479e-02 1.670847535133361816e-01 2.256563305854797363e-02 -1.123747229576110840e-01 -6.652529537677764893e-02 -9.330142289400100708e-02 1.667353808879852295e-01 9.008865803480148315e-02 -8.286911249160766602e-02 1.265426576137542725e-01 -7.823112607002258301e-02 -6.720571219921112061e-02 -3.065805733203887939e-01 -1.864883899688720703e-01 1.086081936955451965e-01 5.292256176471710205e-02 -1.376600563526153564e-01 -1.125729084014892578e-02 -7.255429029464721680e-02 -4.099994897842407227e-02 4.177731275558471680e-02 1.765474528074264526e-01 1.672717034816741943e-01 -2.689287252724170685e-02 -6.848742067813873291e-02 -1.488047242164611816e-01 1.262461990118026733e-01 5.385632812976837158e-02
1.998288631439208984e-01 3.641518205404281616e-02 1.476801037788391113e-01 1.157822012901306152e-01 7.465791702270507812e-02 2.005707621574401855e-01 1.055936589837074280e-01 -2.393077015876770020e-01 -1.850619912147521973e-01 -1.188555210828781128e-01 5.011456459760665894e-02 1.790766119956970215e-01 -4.754510894417762756e-02 2.182987481355667114e-01 -9.145350754261016846e-02 -8.521008491516113281e-02 -3.806657791137695312e-01 1.118353307247161865e-01 -7.741271704435348511e-02 3.225015476346015930e-02 -1.320423930883407593e-01 -1.308466196060180664e-01 -3.319747373461723328e-02 -2.671638131141662598e-02 -2.765563428401947021e-01 1.014047563076019287e-01 2.503890991210937500e-01 4.344114661216735840e-02 -8.910763263702392578e-02 -1.734155118465423584e-01 2.194319069385528564e-01 5.708592757582664490e-02
1.149576008319854736e-01 7.114680111408233643e-02 1.066795885562896729e-01 8.756525814533233643e-03 5.565695464611053467e-03 1.524703502655029297e-01 1.916956901550292969e-01 2.782555222511291504e-01 -5.704879015684127808e-02 1.421519070863723755e-01 1.904093474149703979e-02 -4.086266830563545227e-02 -1.004063561558723450e-01 -9.046164155006408691e-02 -5.890804156661033630e-02 2.176034450531005859e-01 6.717727333307266235e-02 1.608180999755859375e-01 -1.558354496955871582e-01 1.011905819177627563e-01 1.076004058122634888e-01 6.183422356843948364e-02 7.022252306342124939e-03 -5.578034371137619019e-02 -5.917948856949806213e-02 -2.267433404922485352e-01 -1.109299063682556152e-01 1.084520518779754639e-01 8.625727891921997070e-02 2.055746875703334808e-02 4.752763360738754272e-02 -1.877394318580627441e-02
2.350530475378036499e-01 1.212801337242126465e-01 1.521253287792205811e-01 -2.779264003038406372e-03 2.271003462374210358e-02 2.174781858921051025e-01 1.709920465946197510e-01 2.399309575557708740e-01 -8.991765975952148438e-02 1.443631052970886230e-01 -9.712129831314086914e-04 5.056199431419372559e-02 -1.302188821136951447e-02 -9.012621641159057617e-02 -1.100167930126190186e-01 2.412075698375701904e-01 3.223089128732681274e-02 2.269381880760192871e-01 -2.032196819782257080e-01 1.482348293066024780e-01 8.116014301776885986e-02 -2.229642122983932495e-02 -7.522825896739959717e-02 -2.889707684516906738e-02 -1.850170046091079712e-01 -2.186805009841918945e-01 -4.885335266590118408e-02 2.464563399553298950e-01 -3.474977612495422363e-02 -4.355157539248466492e-02 8.280540257692337036e-02 -1.811740547418594360e-02
6.685134768486022949e-02 -1.527423784136772156e-02 2.274944037199020386e-01 -8.510109037160873413e-03 8.696788549423217773e-02 1.701447665691375732e-01 4.713235050439834595e-02 -1.064790934324264526e-01 -1.280852258205413818e-01 -9.968771785497665405e-02 2.205282151699066162e-01 7.631432265043258667e-02 -8.195678889751434326e-02 2.452478259801864624e-01 7.978506386280059814e-02 1.947400718927383423e-02 -2.322549819946289062e-01 7.099788635969161987e-03 4.096682369709014893e-02 1.131061017513275146e-01 -2.030606120824813843e-01 -7.776581496000289917e-02 -3.991978242993354797e-03 -1.046534106135368347e-01 -1.413626074790954590e-01 4.480442404747009277e-02 -4.556728154420852661e-02 -3.326329961419105530e-02 -3.415621072053909302e-02 -1.112888380885124207e-01 1.160259097814559937e-01 2.587976492941379547e-02
-2.043088972568511963e-01 -4.758095741271972656e-02 -8.129939436912536621e-02 -1.428142935037612915e-01 -1.314944922924041748e-01 -8.478554338216781616e-02 5.233047157526016235e-02 8.554091304540634155e-02 7.036089152097702026e-02 2.945785410702228546e-02 5.984748899936676025e-02 -8.699023723602294922e-02 -1.577695310115814209e-01 -1.161102056503295898e-01 -6.683649867773056030e-02 -4.070848226547241211e-04 5.376636609435081482e-02 -2.803579270839691162e-01 3.590422123670578003e-02 -7.461492717266082764e-02 1.394098997116088867e-01 1.289671659469604492e-01 4.123639315366744995e-03 -1.316283047199249268e-01 2.711219489574432373e-01 4.422806203365325928e-03 -7.712462544441223145e-02 -1.543955206871032715e-01 1.309638321399688721e-01 1.248116418719291687e-01 -8.946534246206283569e-02 6.612264364957809448e-02
1.269942373037338257e-01 6.154822558164596558e-02 2.309563308954238892e-01 9.042601287364959717e-02 5.161026492714881897e-02 2.130565643310546875e-01 1.164202168583869934e-01 -1.330265551805496216e-01 -1.533839255571365356e-01 -4.390818625688552856e-02 8.168746531009674072e-02 1.189341917634010315e-01 -8.006362617015838623e-02 2.057842612266540527e-01 3.771933913230895996e-02 -3.230078518390655518e-02 -3.167434036731719971e-01 1.103893220424652100e-01 -1.210490986704826355e-02 1.783875748515129089e-02 -1.195716112852096558e-01 -1.380548477172851562e-01 -6.412938237190246582e-02 -5.207248032093048096e-03 -1.824618130922317505e-01 1.358870267868041992e-01 1.156107336282730103e-01 7.844552397727966309e-02 -1.532875895500183105e-01 -1.338842362165451050e-01 2.416816502809524536e-01 3.281268104910850525e-02
-1.453120857477188110e-01 -1.273925006389617920e-01 1.805309653282165527e-01 -5.470441654324531555e-02 -6.221979856491088867e-03 -1.589898169040679932e-01 -1.652487367391586304e-02 7.967046648263931274e-02 1.580453291535377502e-02 1.520041376352310181e-01 1.065467223525047302e-01 -8.725986629724502563e-02 1.720165275037288666e-02 1.436381936073303223e-01 2.774190902709960938e-01 1.262355595827102661e-01 1.759046018123626709e-01 1.403005421161651611e-01 5.889772623777389526e-02 -3.227534890174865723e-02 -1.593760848045349121e-01 9.893489629030227661e-02 7.925482466816902161e-03 -7.251434028148651123e-03 -3.639072924852371216e-02 -8.393476158380508423e-02 -4.154598116874694824e-01 5.428930371999740601e-02 -3.152021765708923340e-02 1.287301778793334961e-01 -8.698714524507522583e-02 2.275694534182548523e-02
-6.658490002155303955e-02 2.218964099884033203e-01 -5.822873115539550781e-01 -3.903777524828910828e-02 -3.353641927242279053e-01 -3.217614293098449707e-01 -7.759948819875717163e-02 2.630834579467773438e-01 3.070350885391235352e-01 3.279678523540496826e-01 -4.819892346858978271e-01 -9.142098575830459595e-02 3.784288838505744934e-02 -4.540765583515167236e-01 -2.898913249373435974e-02 -1.896212100982666016e-01 3.193081915378570557e-01 -1.278948038816452026e-01 -2.502379119396209717e-01 -3.062477409839630127e-01 5.093995928764343262e-01 -2.597539871931076050e-02 -1.612841337919235229e-01 2.192688882350921631e-01 2.271369099617004395e-01 -1.855157911777496338e-01 2.180134356021881104e-01 1.923456639051437378e-01 2.084949910640716553e-01 2.258761823177337646e-01 -4.422099292278289795e-01 8.314717561006546021e-02
1.100539490580558777e-01 -1.141500845551490784e-02 2.441264539957046509e-01 3.855480626225471497e-02 9.250322729349136353e-02 1.510971188545227051e-01 5.340199917554855347e-02 -7.642889022827148438e-02 -1.149112582206726074e-01 -6.808630377054214478e-02 1.645399928092956543e-01 8.724068850278854370e-02 -4.900312796235084534e-02 2.305647134780883789e-01 1.057575568556785583e-01 3.312786296010017395e-02 -1.745329052209854126e-01 1.079892069101333618e-01 4.306465387344360352e-03 5.683588981628417969e-02 -1.790502369403839111e-01 -7.289650291204452515e-02 6.917348131537437439e-03 -5.415248125791549683e-02 -1.638249456882476807e-01 -1.741714775562286377e-02 -6.511109322309494019e-02 -1.531073357909917831e-02 -7.120448350906372070e-02 -8.002868294715881348e-02 1.582779437303543091e-01 2.989515662193298340e-03
-1.406594663858413696e-01 -1.025252640247344971e-01 1.349695622920989990e-01 1.282439753413200378e-02 -1.385603845119476318e-01 -1.198558583855628967e-01 -1.981423795223236084e-02 1.334635019302368164e-01 8.344160765409469604e-02 2.258670330047607422e-01 -4.548786953091621399e-02 -5.894384160637855530e-02 2.927168458700180054e-02 7.230836898088455200e-02 1.643865108489990234e-01 1.376949995756149292e-01 1.467286795377731323e-01 2.153768241405487061e-01 2.353133447468280792e-02 -1.068104803562164307e-01 -1.095466166734695435e-01 1.313412338495254517e-01 5.803420394659042358e-02 2.544632554054260254e-02 1.268012821674346924e-02 -1.250068992376327515e-01 -2.736800014972686768e-01 9.004743397235870361e-02 -4.276216030120849609e-03 1.146872565150260925e-01 -1.455650292336940765e-02 1.056189984083175659e-01
-7.969529181718826294e-02 -1.445928215980529785e-02 -2.492732927203178406e-02 -5.257877334952354431e-02 -1.097967475652694702e-01 5.860104411840438843e-02 -6.822236627340316772e-02 -1.247080564498901367e-01 -7.227897644042968750e-02 -9.980621933937072754e-02 3.570329397916793823e-03 4.722426086664199829e-02 -5.446213856339454651e-02 -1.653172448277473450e-02 -1.933327317237854004e-01 -9.852188825607299805e-02 -2.819225788116455078e-01 -2.495854645967483521e-01 1.504629999399185181e-01 2.700392901897430420e-02 -5.868506059050559998e-02 1.055372953414916992e-01 -4.838439822196960449e-02 -2.690371870994567871e-02 1.482944786548614502e-01 2.171736210584640503e-01 2.481987178325653076e-01 -4.775233939290046692e-02 -4.874552413821220398e-02 -5.012574419379234314e-02 5.997725576162338257e-02 1.516872942447662354e-01
2.455438487231731415e-02 -4.696467891335487366e-03 -1.909396201372146606e-01 -4.107711091637611389e-02 -4.706291109323501587e-02 -1.856242865324020386e-02 -6.882372498512268066e-02 -1.983253955841064453e-01 -1.137647628784179688e-01 -1.876203268766403198e-01 -8.353160321712493896e-02 7.545968145132064819e-02 2.910696156322956085e-02 -1.174956262111663818e-01 -2.339432835578918457e-01 -2.045375108718872070e-01 -1.110350340604782104e-01 -2.427949905395507812e-01 5.874457955360412598e-02 -2.085410803556442261e-02 7.430474460124969482e-02 -2.104312181472778320e-03 -5.287367850542068481e-02 1.249343156814575195e-03 1.094682514667510986e-01 1.117150187492370605e-01 2.916898727416992188e-01 -7.271084189414978027e-02 -1.669062487781047821e-02 -1.304995641112327576e-02 2.638049982488155365e-02 1.295041143894195557e-01
1.198269426822662354e-01 4.346300661563873291e-02 1.586526334285736084e-01 1.088639497756958008e-01 -6.809371709823608398e-02 3.006395101547241211e-01 1.241117194294929504e-01 -1.789023280143737793e-01 -1.228524148464202881e-01 -9.269087575376033783e-03 4.219853878021240234e-02 1.309682428836822510e-01 -1.213156059384346008e-01 1.524194926023483276e-01 -4.425225779414176941e-02 -8.186542987823486328e-02 -4.311411976814270020e-01 1.781512424349784851e-02 -1.904950477182865143e-02 6.631096452474594116e-02 -1.320616900920867920e-01 -6.871884316205978394e-02 -6.500850431621074677e-03 -1.537449657917022705e-02 -1.474803984165191650e-01 1.386207044124603271e-01 2.714846730232238770e-01 7.475329190492630005e-02 -8.673532307147979736e-02 -1.992013156414031982e-01 3.236669003963470459e-01 8.574721217155456543e-02
8.665557205677032471e-02 7.987846434116363525e-02 -5.865452066063880920e-02 2.657089568674564362e-02 -1.007377356290817261e-01 6.950221955776214600e-02 -6.172165274620056152e-03 -2.075263261795043945e-01 -1.480756551027297974e-01 -1.562773436307907104e-01 -7.510320842266082764e-02 1.428261101245880127e-01 -5.369745194911956787e-02 5.140537768602371216e-02 -2.423074841499328613e-01 -1.258588731288909912e-01 -3.852171599864959717e-01 -1.624353379011154175e-01 5.259353667497634888e-02 2.981231361627578735e-02 -4.927231743931770325e-02 3.342909738421440125e-02 -7.646398246288299561e-02 2.185418829321861267e-02 -3.658436611294746399e-02 1.484783142805099487e-01 3.311143517494201660e-01 -2.718336135149002075e-02 -5.968608334660530090e-02 -1.328591704368591309e-01 9.843344986438751221e-02 2.083058953285217285e-01
6.083725392818450928e-02 6.614492088556289673e-02 2.474282532930374146e-01 6.757170706987380981e-02 2.132644355297088623e-01 1.049181520938873291e-01 1.508746147155761719e-01 1.973121762275695801e-01 -3.255601227283477783e-02 5.211798101663589478e-02 2.381325066089630127e-01 3.546120971441268921e-02 -8.147788047790527344e-02 1.227500587701797485e-01 1.666018068790435791e-01 1.129371523857116699e-01 1.052345633506774902e-01 2.438468933105468750e-01 -2.105164378881454468e-01 7.117797434329986572e-02 -1.563523411750793457e-01 -1.760745346546173096e-01 -7.877174764871597290e-02 -1.723677515983581543e-01 -2.329446673393249512e-01 -1.322041153907775879e-01 -3.233777582645416260e-01 1.686079055070877075e-01 1.832115650177001953e-02 -1.314664185047149658e-01 1.027697846293449402e-01 -2.441985905170440674e-01
-3.610061854124069214e-02 -3.809919208288192749e-02 2.346197143197059631e-02 -1.060925424098968506e-04 -1.257045865058898926e-01 2.305554412305355072e-02 1.979040503501892090e-01 2.617560625076293945e-01 5.369593575596809387e-02 1.487019658088684082e-01 1.470480859279632568e-02 -1.014790832996368408e-01 -1.444161832332611084e-01 -4.398488625884056091e-02 -3.274139016866683960e-03 2.092245966196060181e-01 2.868935279548168182e-02 4.376344755291938782e-02 -5.422275513410568237e-02 2.528074011206626892e-02 8.531230688095092773e-02 2.275787591934204102e-01 1.373369693756103516e-01 -1.228669807314872742e-01 1.464396268129348755e-01 -1.775290966033935547e-01 -1.582164615392684937e-01 -7.005664706230163574e-02 1.906462013721466064e-01 1.199661120772361755e-01 1.581712625920772552e-02 5.118734389543533325e-02
4.851584136486053467e-02 -4.238753393292427063e-02 2.648344635963439941e-01 6.418073177337646484e-02 3.227043896913528442e-03 9.386897087097167969e-02 3.057943284511566162e-02 -3.351935744285583496e-02 -9.974403679370880127e-02 9.662656486034393311e-02 9.484584629535675049e-02 3.209692239761352539e-02 2.279890142381191254e-02 2.059463709592819214e-01 1.556210815906524658e-01 7.438467442989349365e-02 -6.218177452683448792e-02 2.234321832656860352e-01 1.790028251707553864e-02 4.638508707284927368e-02 -2.023570835590362549e-01 7.975671440362930298e-03 4.315661638975143433e-02 -2.797242999076843262e-02 -1.962645351886749268e-01 -1.213010400533676147e-02 -1.300648748874664307e-01 9.053083509206771851e-02 -1.373351663351058960e-01 -1.845056563615798950e-02 1.086118966341018677e-01 4.315435141324996948e-02
4.996621608734130859e-02 -2.298860251903533936e-02 1.715868860483169556e-01 1.638212352991104126e-01 -1.034600734710693359e-01 7.333710044622421265e-02 8.007357269525527954e-02 -2.893541008234024048e-02 -2.880073338747024536e-02 1.611000299453735352e-01 -6.825868785381317139e-02 8.727147430181503296e-02 -2.812113985419273376e-02 8.594085276126861572e-02 4.230849444866180420e-02 3.928560391068458557e-02 -6.758837401866912842e-02 3.887055516242980957e-01 -7.590780407190322876e-02 -1.113675087690353394e-01 -1.158715933561325073e-01 2.299930900335311890e-02 1.262723505496978760e-01 1.050926744937896729e-02 -2.167326509952545166e-01 -8.121736347675323486e-02 6.844412535429000854e-03 1.578781902790069580e-01 -6.417727470397949219e-02 -1.002266723662614822e-02 2.225690782070159912e-01 8.162053674459457397e-02
