3.387612104415893555e-01 9.645365178585052490e-02 3.154700621962547302e-02 2.864766418933868408e-01 1.317557692527770996e-02 2.370674312114715576e-01 1.649341881275177002e-01 -2.854104936122894287e-01 -2.232180982828140259e-01 -1.227679103612899780e-01 -1.051236242055892944e-01 2.200513482093811035e-01 5.606632307171821594e-02 1.055941879749298096e-01 -1.770949959754943848e-01 -2.207162529230117798e-01 -4.598356485366821289e-01 1.293752044439315796e-01 -1.379523128271102905e-01 5.165282636880874634e-02 -2.630548179149627686e-02 -1.784404814243316650e-01 -1.221916228532791138e-01 1.244377344846725464e-02 -2.501676082611083984e-01 1.297124922275543213e-01 5.204348564147949219e-01 1.405220478773117065e-01 -1.569099426269531250e-01 -2.114354968070983887e-01 2.833802700042724609e-01 1.094251498579978943e-01
-2.719403803348541260e-02 1.084473133087158203e-01 -3.694923818111419678e-01 3.294683992862701416e-03 -2.375569939613342285e-01 -2.352603375911712646e-01 -1.223459094762802124e-02 1.855093836784362793e-01 1.866218447685241699e-01 2.591986656188964844e-01 -4.106277823448181152e-01 -3.573338687419891357e-02 4.728610441088676453e-02 -2.960376143455505371e-01 1.401017606258392334e-02 -1.172890067100524902e-01 2.474517226219177246e-01 2.554043009877204895e-02 -1.903424561023712158e-01 -2.788024544715881348e-01 3.208024799823760986e-01 8.080080151557922363e-03 -6.975141912698745728e-02 1.307640224695205688e-01 1.419512331485748291e-01 -1.631669104099273682e-01 1.000985652208328247e-01 1.398878991603851318e-01 1.102991625666618347e-01 2.033003866672515869e-01 -2.625543773174285889e-01 1.215855628252029419e-01
1.497231572866439819e-01 7.699105888605117798e-02 1.499803364276885986e-01 3.061951696872711182e-02 7.042543590068817139e-02 1.075022295117378235e-01 1.583949327468872070e-01 2.568533420562744141e-01 8.907295763492584229e-03 7.678965479135513306e-02 1.480884850025177002e-02 5.307208746671676636e-03 -1.687090285122394562e-02 -5.030879005789756775e-02 -2.215598151087760925e-02 2.289357185363769531e-01 8.902591466903686523e-02 2.398253679275512695e-01 -1.383615434169769287e-01 1.142543107271194458e-01 1.311298012733459473e-01 -6.726505607366561890e-02 3.428798913955688477e-02 -3.295140713453292847e-02 -1.089855432510375977e-01 -1.864767074584960938e-01 -1.108420193195343018e-01 1.973197013139724731e-01 2.666666358709335327e-02 2.769615873694419861e-02 6.098506599664688110e-02 -5.374585092067718506e-02
1.722098141908645630e-02 5.664919316768646240e-02 2.119027823209762573e-01 5.874019116163253784e-02 1.957506537437438965e-01 1.113111972808837891e-01 1.351216137409210205e-01 1.887752264738082886e-01 2.497219108045101166e-02 3.756336867809295654e-02 2.026398181915283203e-01 5.614172667264938354e-03 -3.937202319502830505e-02 8.915477991104125977e-02 1.604443192481994629e-01 1.535090804100036621e-01 9.247730672359466553e-02 2.663945257663726807e-01 -1.463020592927932739e-01 8.095553517341613770e-02 -2.272674441337585449e-02 -1.816760003566741943e-01 3.887093067169189453e-02 -1.174313947558403015e-01 -1.488171815872192383e-01 -8.633835613727569580e-02 -2.295306622982025146e-01 1.491381824016571045e-01 7.751062512397766113e-04 -3.119787573814392090e-02 7.269442081451416016e-02 -2.205100059509277344e-01
2.805539071559906006e-01 6.861777603626251221e-02 1.637779623270034790e-01 2.742798924446105957e-01 7.768923789262771606e-02 1.942318379878997803e-01 1.680975556373596191e-01 -2.064585387706756592e-01 -1.756934076547622681e-01 -7.980847358703613281e-02 -1.823038235306739807e-02 1.745407581329345703e-01 3.958676755428314209e-02 1.453080624341964722e-01 -4.873432964086532593e-02 -9.697647392749786377e-02 -3.101541399955749512e-01 3.066638112068176270e-01 -1.435791105031967163e-01 -2.495227009057998657e-02 -8.119530975818634033e-02 -1.272177100181579590e-01 -1.813942566514015198e-02 -3.375448286533355713e-03 -3.199228942394256592e-01 4.177731275558471680e-02 2.945362329483032227e-01 1.325822472572326660e-01 -1.297744512557983398e-01 -1.352659165859222412e-01 2.852185070514678955e-01 6.387997418642044067e-02
-2.482102215290069580e-01 -5.841732025146484375e-02 -1.691321656107902527e-02 -1.003806143999099731e-01 -1.699364930391311646e-01 -2.567499876022338867e-02 9.169276803731918335e-02 2.565649747848510742e-01 1.377938687801361084e-01 1.311279833316802979e-01 1.103092804551124573e-01 -1.244167089462280273e-01 -1.891428232192993164e-01 -7.174126803874969482e-02 1.734323054552078247e-02 1.440592557191848755e-01 9.475288540124893188e-02 -1.532277166843414307e-01 4.610698670148849487e-02 -4.459380358457565308e-02 1.079562902450561523e-01 1.904872953891754150e-01 7.120201736688613892e-02 -1.346818506717681885e-01 2.960978150367736816e-01 -5.888840556144714355e-02 -2.001318186521530151e-01 -1.292681396007537842e-01 1.576143503189086914e-01 2.004261910915374756e-01 -6.625703722238540649e-02 2.297220006585121155e-02
9.008314460515975952e-03 4.939449578523635864e-02 2.327966988086700439e-01 9.500698745250701904e-02 2.159954160451889038e-01 1.045075654983520508e-01 1.068737581372261047e-01 1.481914818286895752e-01 1.265452057123184204e-02 1.850826852023601532e-02 2.600164115428924561e-01 3.504559397697448730e-02 -1.485063694417476654e-02 1.745223402976989746e-01 2.444947063922882080e-01 1.024091392755508423e-01 1.037997454404830933e-01 2.586340308189392090e-01 -1.619079411029815674e-01 1.004033833742141724e-01 -1.162204146385192871e-01 -2.284723520278930664e-01 -1.871653646230697632e-02 -1.416596770286560059e-01 -1.710443347692489624e-01 -7.914853096008300781e-02 -2.875956594944000244e-01 1.877634227275848389e-01 -6.082127988338470459e-02 -1.263508349657058716e-01 1.147733852267265320e-01 -2.963123917579650879e-01
3.558840155601501465e-01 8.908303081989288330e-02 1.129431128501892090e-01 4.521543085575103760e-01 -1.383826434612274170e-01 3.876155316829681396e-01 2.269229590892791748e-01 -2.059902250766754150e-01 -6.203279644250869751e-02 6.920718401670455933e-02 -2.146364748477935791e-01 2.463698089122772217e-01 3.888420760631561279e-04 -2.330698817968368530e-02 -1.160693764686584473e-01 -1.653728783130645752e-01 -3.463027179241180420e-01 5.854679346084594727e-01 -2.438663989305496216e-01 -9.387710690498352051e-02 -2.003290131688117981e-02 -1.520768404006958008e-01 1.437330991029739380e-01 4.586488753557205200e-02 -4.150182902812957764e-01 -1.983625441789627075e-02 4.907713830471038818e-01 2.510068714618682861e-01 -1.412634849548339844e-01 -1.656702458858489990e-01 5.559446215629577637e-01 1.018016040325164795e-01
-8.371776342391967773e-02 -3.901248797774314880e-03 -3.910297527909278870e-02 -7.737447321414947510e-02 -8.028289675712585449e-02 -1.902415603399276733e-02 1.029823496937751770e-01 2.592130303382873535e-01 9.052179753780364990e-02 6.405276060104370117e-02 -1.803196780383586884e-02 -8.810268342494964600e-02 -1.161549389362335205e-01 -1.734211295843124390e-01 -6.061682105064392090e-02 2.190205901861190796e-01 1.160465031862258911e-01 -3.739375621080398560e-02 -5.378513038158416748e-02 -1.399269700050354004e-02 2.225961387157440186e-01 1.360687464475631714e-01 8.034212887287139893e-02 -8.864452689886093140e-02 2.041227966547012329e-01 -1.350145339965820312e-01 -1.239088773727416992e-01 -6.998388469219207764e-02 1.840521395206451416e-01 2.313513159751892090e-01 -3.703562915325164795e-02 5.938271433115005493e-02
4.336960315704345703e-01 2.019455730915069580e-01 2.599391639232635498e-01 5.083378776907920837e-02 1.586995720863342285e-01 2.670685648918151855e-01 1.530583798885345459e-01 1.655561327934265137e-01 -1.013527363538742065e-01 6.015721708536148071e-02 -8.050888031721115112e-02 1.770495474338531494e-01 1.386566907167434692e-01 -6.645284593105316162e-02 -1.448017358779907227e-01 2.482366561889648438e-01 -2.632740512490272522e-02 4.115579724311828613e-01 -2.182905673980712891e-01 1.664748191833496094e-01 1.322380900382995605e-01 -1.989514827728271484e-01 -9.501492232084274292e-02 9.677320718765258789e-02 -3.650389611721038818e-01 -1.934201419353485107e-01 6.876756250858306885e-02 4.178982079029083252e-01 -1.386469900608062744e-01 -1.638155281543731689e-01 1.898453086614608765e-01 -5.269544571638107300e-02
3.389732539653778076e-01 3.519554436206817627e-02 1.383533626794815063e-01 2.094323933124542236e-01 3.449064865708351135e-02 2.464548051357269287e-01 1.654223799705505371e-01 -2.519831657409667969e-01 -1.916596144437789917e-01 -1.396056115627288818e-01 3.002418577671051025e-02 2.020697891712188721e-01 6.092570256441831589e-04 1.900204122066497803e-01 -6.596949696540832520e-02 -9.547694027423858643e-02 -4.166442453861236572e-01 1.992369592189788818e-01 -1.329386532306671143e-01 5.373573303222656250e-02 -1.243119239807128906e-01 -1.581042408943176270e-01 -3.130541369318962097e-02 -4.251085221767425537e-02 -3.202037811279296875e-01 6.602260470390319824e-02 3.107583522796630859e-01 5.716150999069213867e-02 -8.751022815704345703e-02 -1.932206749916076660e-01 2.771590650081634521e-01 8.689948916435241699e-02
8.270684629678726196e-02 1.270078122615814209e-01 -3.448130488395690918e-01 1.455820053815841675e-01 -2.833187282085418701e-01 -4.419796168804168701e-02 1.136285290122032166e-01 1.035538762807846069e-01 2.086283266544342041e-01 2.547994852066040039e-01 -5.503540635108947754e-01 7.565885037183761597e-02 3.738809004426002502e-02 -3.445248007774353027e-01 -6.616881489753723145e-02 -1.542631536722183228e-01 9.509538114070892334e-02 1.735154241323471069e-01 -2.318683713674545288e-01 -3.185639977455139160e-01 3.449368774890899658e-01 -1.650286465883255005e-02 6.680361926555633545e-02 1.286150515079498291e-01 2.069336175918579102e-02 -2.269185036420822144e-01 2.914667427539825439e-01 2.115014940500259399e-01 8.445366472005844116e-02 1.452505290508270264e-01 -4.200791567564010620e-02 1.672683358192443848e-01
2.468723952770233154e-01 7.537647336721420288e-02 6.939990073442459106e-02 3.906487524509429932e-01 -8.664721250534057617e-02 2.015832662582397461e-01 1.690393686294555664e-01 -1.740681827068328857e-01 -3.653962910175323486e-02 3.909165412187576294e-02 -2.526682913303375244e-01 1.860023438930511475e-01 1.705597527325153351e-02 -4.938457161188125610e-03 -1.078128218650817871e-01 -1.278016269207000732e-01 -1.997607946395874023e-01 5.476121306419372559e-01 -2.345528155565261841e-01 -1.795721352100372314e-01 -4.205673933029174805e-03 -7.419105619192123413e-02 1.939253807067871094e-01 5.766501650214195251e-02 -3.755562305450439453e-01 -1.166591495275497437e-01 3.363089263439178467e-01 1.728380769491195679e-01 -1.081163734197616577e-01 -6.469123065471649170e-02 4.052404165267944336e-01 1.086114346981048584e-01
3.680585324764251709e-01 6.722947210073471069e-02 9.034954011440277100e-02 2.455085515975952148e-01 8.410498499870300293e-02 2.087913155555725098e-01 1.755427420139312744e-01 -2.817989885807037354e-01 -2.255133837461471558e-01 -1.441470831632614136e-01 7.050599902868270874e-03 2.423222362995147705e-01 4.150583222508430481e-02 1.931769102811813354e-01 -1.060079187154769897e-01 -1.225364506244659424e-01 -4.650630354881286621e-01 2.208694815635681152e-01 -1.357899159193038940e-01 3.786291554570198059e-02 -1.388818472623825073e-01 -1.636047065258026123e-01 -6.344477832317352295e-02 -4.379181563854217529e-02 -3.515334427356719971e-01 7.216544449329376221e-02 4.091458320617675781e-01 6.055423617362976074e-02 -1.044150739908218384e-01 -2.361338138580322266e-01 2.828059494495391846e-01 4.966826364398002625e-02
-8.684549480676651001e-02 -9.868661314249038696e-02 1.241993308067321777e-01 3.138903528451919556e-02 -1.413243114948272705e-01 -1.190358027815818787e-01 -5.534589290618896484e-03 1.661970019340515137e-01 4.789790138602256775e-02 1.859015673398971558e-01 -8.544029295444488525e-02 -3.372177481651306152e-02 5.673635378479957581e-02 -1.809150353074073792e-02 1.982762813568115234e-01 6.609192490577697754e-02 1.748356521129608154e-01 1.903437674045562744e-01 -3.838457632809877396e-03 -1.241566687822341919e-01 -7.880018651485443115e-02 9.664563834667205811e-02 -3.234062716364860535e-02 1.365658268332481384e-02 3.291138261556625366e-02 -1.038974076509475708e-01 -3.018730580806732178e-01 9.605427831411361694e-02 -3.129994496703147888e-03 1.203574463725090027e-01 9.706906974315643311e-03 9.861062467098236084e-02
2.334735095500946045e-01 3.596372902393341064e-02 2.558265924453735352e-01 1.809441596269607544e-01 -1.201129555702209473e-01 4.008568227291107178e-01 1.730056405067443848e-01 -1.279866099357604980e-01 -8.009797334671020508e-02 3.790809959173202515e-02 6.006095558404922485e-02 1.603535413742065430e-01 -5.440689623355865479e-02 2.283190041780471802e-01 -3.202305734157562256e-02 1.055822372436523438e-01 -4.551634192466735840e-01 2.143582701683044434e-01 -5.238609760999679565e-02 1.163685172796249390e-01 -2.236683517694473267e-01 -1.864298433065414429e-02 3.118875063955783844e-02 6.397314369678497314e-03 -2.457503974437713623e-01 1.112722754478454590e-01 2.827763259410858154e-01 1.089372932910919189e-01 -6.528283655643463135e-02 -1.854614913463592529e-01 3.280695378780364990e-01 1.071711927652359009e-01
2.531080543994903564e-01 -4.895268008112907410e-03 1.687385886907577515e-01 2.616472244262695312e-01 -2.996757626533508301e-03 1.595769524574279785e-01 1.319150030612945557e-01 -1.426933854818344116e-01 -1.021089702844619751e-01 2.997226454317569733e-02 -9.278268367052078247e-02 1.372725665569305420e-01 5.474349483847618103e-02 6.965430825948715210e-02 -2.678978815674781799e-02 -7.854531705379486084e-02 -1.273773014545440674e-01 4.504487812519073486e-01 -1.850968301296234131e-01 -8.421133458614349365e-02 -4.142680391669273376e-02 -1.230909153819084167e-01 9.406950324773788452e-02 -4.177577793598175049e-03 -3.444606661796569824e-01 -7.326707243919372559e-03 1.907953917980194092e-01 1.940809488296508789e-01 -1.260675191879272461e-01 -4.272367060184478760e-02 3.268857300281524658e-01 7.946377992630004883e-02
2.094411998987197876e-01 7.900322228670120239e-02 1.502819955348968506e-01 8.005183935165405273e-02 -6.746313720941543579e-02 3.078547418117523193e-01 8.115451782941818237e-02 -1.622229367494583130e-01 -1.542380452156066895e-01 -7.392263412475585938e-02 -3.206828609108924866e-03 1.559576988220214844e-01 -2.874023839831352234e-02 1.617628037929534912e-01 -1.789155602455139160e-01 -3.362197428941726685e-02 -4.702055454254150391e-01 -2.611632645130157471e-02 -3.903551958501338959e-03 7.570306956768035889e-02 -1.477797925472259521e-01 -4.459396004676818848e-02 -8.683326840400695801e-02 -2.602360397577285767e-02 -9.838440269231796265e-02 2.356453984975814819e-01 3.881621658802032471e-01 7.346808165311813354e-02 -1.215550899505615234e-01 -1.681984364986419678e-01 2.530423104763031006e-01 1.602685749530792236e-01
9.979748725891113281e-02 1.395201981067657471e-01 -4.039605259895324707e-01 1.575481742620468140e-01 -2.215379774570465088e-01 -1.147667244076728821e-01 5.419956892728805542e-02 8.912557363510131836e-02 2.065575271844863892e-01 2.433681935071945190e-01 -5.427951216697692871e-01 5.085356533527374268e-02 4.743697121739387512e-02 -3.722063302993774414e-01 -3.339389339089393616e-02 -2.531510889530181885e-01 1.737001091241836548e-01 1.263019591569900513e-01 -2.815937399864196777e-01 -3.409663438796997070e-01 4.208631515502929688e-01 -5.511233955621719360e-02 -1.267169602215290070e-02 1.551849395036697388e-01 3.167475014925003052e-02 -2.118175476789474487e-01 2.741710245609283447e-01 1.914956867694854736e-01 3.441873937845230103e-02 1.783118844032287598e-01 -8.212593197822570801e-02 9.966064244508743286e-02
4.379176497459411621e-01 2.138903439044952393e-01 2.053274512290954590e-01 1.030603945255279541e-01 1.671141833066940308e-01 2.401961088180541992e-01 1.080589964985847473e-01 8.378216624259948730e-02 -1.087431907653808594e-01 -9.452561847865581512e-03 -1.173065677285194397e-01 2.103546559810638428e-01 1.582264155149459839e-01 -1.283427625894546509e-01 -1.313979476690292358e-01 2.161441445350646973e-01 -9.858306497335433960e-03 3.729555606842041016e-01 -2.690199613571166992e-01 1.989789307117462158e-01 1.996453106403350830e-01 -2.558432817459106445e-01 -1.021417975425720215e-01 1.505491435527801514e-01 -4.345304667949676514e-01 -2.495534867048263550e-01 5.776443704962730408e-02 4.518106579780578613e-01 -1.685133576393127441e-01 -1.927479505538940430e-01 2.291634082794189453e-01 -4.119478911161422729e-02
1.310146450996398926e-01 3.312799707055091858e-02 -5.279445275664329529e-02 2.783821523189544678e-01 -1.384734660387039185e-01 3.499714657664299011e-02 1.391304433345794678e-01 -2.117834240198135376e-02 7.719281315803527832e-02 1.405250281095504761e-01 -3.661785125732421875e-01 1.268602013587951660e-01 7.052518427371978760e-02 -1.426549404859542847e-01 -3.752614930272102356e-02 -1.053976863622665405e-01 -6.402265280485153198e-03 3.932076096534729004e-01 -1.836948245763778687e-01 -2.465544939041137695e-01 9.572984278202056885e-02 9.030558168888092041e-03 1.524057388305664062e-01 7.374031096696853638e-02 -1.441121101379394531e-01 -1.741028130054473877e-01 1.940540671348571777e-01 1.595172286033630371e-01 -2.790030837059020996e-02 8.103384077548980713e-02 1.959830969572067261e-01 1.567621529102325439e-01
-1.312384009361267090e-02 6.618798524141311646e-02 -2.762464880943298340e-01 5.452867969870567322e-02 -3.368722200393676758e-01 -1.075773462653160095e-01 5.892067402601242065e-02 2.185833305120468140e-01 2.170163244009017944e-01 2.802549302577972412e-01 -3.982963562011718750e-01 -1.377341896295547485e-02 3.941126912832260132e-02 -3.070597052574157715e-01 4.154618084430694580e-02 -6.149874627590179443e-02 1.682600378990173340e-01 9.954385459423065186e-02 -1.546435654163360596e-01 -2.410584390163421631e-01 2.476411014795303345e-01 5.215647071599960327e-02 -3.536406159400939941e-02 1.325229555368423462e-01 1.049785465002059937e-01 -1.410335004329681396e-01 1.139325797557830811e-01 1.890498846769332886e-01 1.116920486092567444e-01 1.715849339962005615e-01 -1.471228152513504028e-01 1.558725982904434204e-01
2.982657849788665771e-01 9.391701966524124146e-02 -1.614273488521575928e-01 4.191929996013641357e-01 -1.401076614856719971e-01 1.380608677864074707e-01 1.797235310077667236e-01 -1.702798604965209961e-01 1.036695912480354309e-01 8.988764137029647827e-02 -4.809616804122924805e-01 2.239761352539062500e-01 6.692542135715484619e-02 -1.438412517309188843e-01 -2.268810570240020752e-01 -2.039663642644882202e-01 -1.210517585277557373e-01 5.918176174163818359e-01 -3.083949387073516846e-01 -3.054253160953521729e-01 2.122906148433685303e-01 -3.830981254577636719e-02 2.802227139472961426e-01 9.829499572515487671e-02 -3.606315553188323975e-01 -2.893334925174713135e-01 4.928098618984222412e-01 2.173740863800048828e-01 -4.464202374219894409e-02 2.959703654050827026e-02 3.230633139610290527e-01 1.335644721984863281e-01
2.254965603351593018e-01 8.127713948488235474e-02 -1.916236877441406250e-01 3.875035047531127930e-01 -1.320751905441284180e-01 7.140916585922241211e-02 1.725117862224578857e-01 -1.529311239719390869e-01 1.033454313874244690e-01 8.884439617395401001e-02 -4.811559021472930908e-01 1.927028298377990723e-01 5.324011668562889099e-02 -1.847338080406188965e-01 -1.160134077072143555e-01 -2.182714641094207764e-01 -4.754763469099998474e-02 4.565931856632232666e-01 -3.084511458873748779e-01 -2.999452352523803711e-01 2.248050272464752197e-01 -4.293817281723022461e-02 2.065272480249404907e-01 1.105533614754676819e-01 -2.869836688041687012e-01 -2.680267691612243652e-01 3.882712721824645996e-01 1.516779661178588867e-01 -3.553536161780357361e-02 4.104443266987800598e-02 2.666849792003631592e-01 1.393300294876098633e-01
2.234171777963638306e-01 8.072326332330703735e-02 1.876019090414047241e-01 1.834985166788101196e-01 4.349453374743461609e-02 2.162430286407470703e-01 1.463111639022827148e-01 -1.827840209007263184e-01 -1.997381597757339478e-01 -5.366493016481399536e-02 8.062663674354553223e-02 1.444290578365325928e-01 8.918336592614650726e-03 1.545974016189575195e-01 3.176784515380859375e-02 -1.102489084005355835e-01 -2.960979640483856201e-01 2.202081084251403809e-01 -9.016887843608856201e-02 9.019110351800918579e-03 -8.775512874126434326e-02 -2.328103184700012207e-01 -7.975666224956512451e-02 -1.259651035070419312e-02 -3.074284195899963379e-01 1.573390513658523560e-01 2.186650037765502930e-01 1.298149973154067993e-01 -1.928367912769317627e-01 -1.347747445106506348e-01 2.548232078552246094e-01 2.966087684035301208e-02
3.774876892566680908e-02 9.887088090181350708e-04 -2.433426678180694580e-03 1.885752677917480469e-01 -1.631684452295303345e-01 2.967283502221107483e-02 1.034697517752647400e-01 7.343872636556625366e-02 8.085621893405914307e-02 1.889231353998184204e-01 -2.908776104450225830e-01 7.682988792657852173e-02 2.712338045239448547e-02 -1.361832767724990845e-01 4.517385363578796387e-02 -4.624428227543830872e-02 3.308130428194999695e-02 3.300198614597320557e-01 -1.311937272548675537e-01 -2.412127852439880371e-01 6.514158844947814941e-02 3.433173894882202148e-02 9.930155426263809204e-02 7.789162546396255493e-02 -7.082602381706237793e-02 -1.320275217294692993e-01 8.033260703086853027e-02 1.731512844562530518e-01 -1.475766114890575409e-02 9.566304832696914673e-02 1.873708665370941162e-01 1.447556912899017334e-01
2.073660045862197876e-01 7.648521661758422852e-02 1.266473233699798584e-01 1.923595368862152100e-02 -1.541574299335479736e-02 1.630811691284179688e-01 1.774853169918060303e-01 2.410368621349334717e-01 4.792175069451332092e-02 1.329233497381210327e-01 -8.373571559786796570e-03 1.441644877195358276e-02 7.982706651091575623e-03 -7.113428413867950439e-02 -8.169139176607131958e-02 2.611988186836242676e-01 3.445445746183395386e-02 2.532759010791778564e-01 -1.304854750633239746e-01 1.163552775979042053e-01 1.377931535243988037e-01 -2.505028247833251953e-02 7.084152847528457642e-02 1.547602936625480652e-02 -1.109756082296371460e-01 -1.613556742668151855e-01 -2.206802740693092346e-02 2.040091753005981445e-01 1.019414886832237244e-02 5.270446091890335083e-02 8.211642503738403320e-02 -1.192519813776016235e-02
1.704773902893066406e-01 9.108322113752365112e-02 5.130479484796524048e-02 1.760409586131572723e-02 -3.153493255376815796e-02 6.306236982345581055e-02 1.495929956436157227e-01 2.439816147089004517e-01 3.435800969600677490e-02 1.075769141316413879e-01 -6.718716770410537720e-02 8.107338100671768188e-03 2.480833791196346283e-02 -1.235166639089584351e-01 -1.037729829549789429e-01 2.181894779205322266e-01 7.987412065267562866e-02 1.969009637832641602e-01 -1.211697459220886230e-01 8.084309846162796021e-02 1.940664201974868774e-01 -2.494849264621734619e-03 3.320655226707458496e-02 5.710951983928680420e-03 -3.484562039375305176e-02 -1.534767299890518188e-01 3.610043600201606750e-02 1.591634303331375122e-01 2.529804036021232605e-02 8.769015222787857056e-02 6.022558361291885376e-02 1.591463945806026459e-02
3.052852749824523926e-01 1.664672940969467163e-01 3.346038162708282471e-01 7.113394141197204590e-02 2.386366426944732666e-01 2.738462388515472412e-01 8.784317225217819214e-02 8.695761859416961670e-02 -1.167458146810531616e-01 2.103306539356708527e-02 9.627115726470947266e-02 2.134078741073608398e-01 4.888926446437835693e-02 8.345253765583038330e-02 -4.516687244176864624e-03 1.967529803514480591e-01 -2.480044960975646973e-03 3.767728805541992188e-01 -2.742481827735900879e-01 1.612053513526916504e-01 -8.271099627017974854e-02 -3.174119889736175537e-01 -1.740699708461761475e-01 -2.873688936233520508e-03 -4.848115146160125732e-01 -1.351669281721115112e-01 -1.184159815311431885e-01 4.467522203922271729e-01 -1.641461551189422607e-01 -2.715760171413421631e-01 2.190040498971939087e-01 -1.793645918369293213e-01
-3.748985752463340759e-02 -1.117187738418579102e-02 -7.454271614551544189e-02 -1.750153303146362305e-02 -1.346321552991867065e-01 -4.689977318048477173e-02 1.280092000961303711e-01 2.582030594348907471e-01 8.012216538190841675e-02 1.074611172080039978e-01 -3.431837260723114014e-02 -1.003235429525375366e-01 -5.174923688173294067e-02 -1.307949721813201904e-01 -8.380472660064697266e-02 1.691388189792633057e-01 1.169395446777343750e-01 2.268902957439422607e-03 -3.986654803156852722e-02 -4.169709980487823486e-03 2.370989769697189331e-01 1.125311553478240967e-01 6.181985884904861450e-02 -5.735134333372116089e-02 2.020074576139450073e-01 -9.427569061517715454e-02 -6.937984377145767212e-03 -4.024404287338256836e-02 1.360557675361633301e-01 2.210479974746704102e-01 -2.226853556931018829e-02 5.054698139429092407e-02
3.676068782806396484e-01 1.122759357094764709e-01 3.449831157922744751e-02 2.634202241897583008e-01 -7.022508978843688965e-02 3.083297908306121826e-01 1.372820734977722168e-01 -2.591457962989807129e-01 -1.833353042602539062e-01 -6.823890656232833862e-02 -2.110241353511810303e-01 2.503380179405212402e-01 7.347324490547180176e-02 4.437669366598129272e-02 -2.728051841259002686e-01 -1.921091228723526001e-01 -5.065370798110961914e-01 1.654066890478134155e-01 -1.247217059135437012e-01 3.346952795982360840e-02 -7.367091253399848938e-03 -1.549227833747863770e-01 -1.022669076919555664e-01 3.087694942951202393e-02 -2.402084618806838989e-01 1.911419183015823364e-01 6.215927004814147949e-01 2.086642831563949585e-01 -1.731394231319427490e-01 -2.213998436927795410e-01 3.348222374916076660e-01 1.602930426597595215e-01
-1.493378728628158569e-01 -1.552522480487823486e-01 1.148185729980468750e-01 -1.998370736837387085e-01 1.120587363839149475e-01 -6.836327165365219116e-02 -4.169276729226112366e-02 -6.440789997577667236e-02 -4.674726724624633789e-02 -1.216980516910552979e-01 4.617050588130950928e-01 3.051208704710006714e-02 -3.640726581215858459e-02 2.738840281963348389e-01 1.138250455260276794e-01 7.734350860118865967e-02 -1.219165697693824768e-02 -3.245246410369873047e-01 1.946092993021011353e-01 6.202192604541778564e-02 -2.107443809509277344e-01 2.338849380612373352e-02 -1.501839160919189453e-01 -1.321950852870941162e-01 6.898535788059234619e-02 8.836591243743896484e-02 -2.128416746854782104e-01 -1.790320277214050293e-01 -2.369432710111141205e-02 -1.244492828845977783e-01 -1.433467715978622437e-01 -1.247679740190505981e-01
6.012367457151412964e-02 6.095425039529800415e-02 -4.413663968443870544e-02 2.183945849537849426e-02 -1.280448436737060547e-01 -7.361322641372680664e-03 1.481535136699676514e-01 2.305734753608703613e-01 7.545007765293121338e-02 1.199581846594810486e-01 -7.179713249206542969e-02 -7.372172176837921143e-02 -5.281505361199378967e-02 -1.445475071668624878e-01 -1.232602074742317200e-01 2.041633874177932739e-01 8.848999440670013428e-02 5.664785578846931458e-02 -3.863627091050148010e-02 2.672653645277023315e-02 2.457053959369659424e-01 9.571330249309539795e-02 6.807817518711090088e-02 -4.813551902770996094e-03 9.882631897926330566e-02 -1.010284274816513062e-01 2.861741557717323303e-02 4.860499501228332520e-02 7.591319829225540161e-02 1.694786548614501953e-01 2.366071566939353943e-02 6.960118561983108521e-02
1.456790268421173096e-01 1.161144077777862549e-01 -6.615857779979705811e-02 2.523807063698768616e-02 -1.211377233266830444e-01 3.520543873310089111e-02 5.832862108945846558e-02 1.589061915874481201e-01 2.357731387019157410e-02 3.787372261285781860e-02 -1.950425803661346436e-01 2.263151109218597412e-04 -1.167665515094995499e-02 -2.413375228643417358e-01 -2.305996119976043701e-01 1.781320273876190186e-01 4.604864865541458130e-03 4.392712190747261047e-02 -4.357010126113891602e-02 2.655313163995742798e-02 2.851262688636779785e-01 8.704233169555664062e-02 1.586951874196529388e-02 6.487511843442916870e-02 4.462257772684097290e-02 -9.438586235046386719e-02 1.640364378690719604e-01 1.183140724897384644e-01 5.319018661975860596e-02 1.356966197490692139e-01 8.313360810279846191e-02 1.239501535892486572e-01
1.395307928323745728e-01 5.614482238888740540e-02 1.508237868547439575e-01 7.536154240369796753e-03 3.422451019287109375e-02 1.774643957614898682e-01 1.390918493270874023e-01 2.599615454673767090e-01 3.193013370037078857e-02 8.725637942552566528e-02 7.502611726522445679e-03 3.989011049270629883e-03 -6.972192227840423584e-02 -8.473944664001464844e-02 -5.148167535662651062e-02 2.844032943248748779e-01 3.334735333919525146e-02 2.423042356967926025e-01 -1.294476538896560669e-01 9.734544157981872559e-02 1.472306102514266968e-01 4.959821701049804688e-03 6.597169488668441772e-02 -1.410045474767684937e-02 -7.248742878437042236e-02 -2.061877250671386719e-01 -1.143849492073059082e-01 1.540998369455337524e-01 7.320690900087356567e-02 7.189484685659408569e-02 1.062062308192253113e-01 -2.386159449815750122e-02
3.270386457443237305e-01 1.300131082534790039e-01 1.154534071683883667e-01 4.922099411487579346e-02 -4.801870137453079224e-02 2.023834586143493652e-01 1.628006696701049805e-01 1.951265931129455566e-01 1.629408821463584900e-02 8.414095640182495117e-02 -1.472057849168777466e-01 5.937695503234863281e-02 3.754409402608871460e-02 -1.383684426546096802e-01 -2.500895559787750244e-01 3.409050405025482178e-01 1.646117866039276123e-02 2.257255911827087402e-01 -1.140702441334724426e-01 1.273404955863952637e-01 2.642996907234191895e-01 2.052313089370727539e-02 3.117431141436100006e-02 1.129642128944396973e-01 -1.500494480133056641e-01 -1.954078525304794312e-01 1.098622530698776245e-01 2.371343225240707397e-01 -4.875333979725837708e-03 3.369324654340744019e-02 1.286264508962631226e-01 9.504853934049606323e-02
1.017843484878540039e-01 5.639347061514854431e-02 2.687788940966129303e-02 2.612364850938320160e-02 -5.458664894104003906e-02 7.412892580032348633e-02 1.367135643959045410e-01 2.498879879713058472e-01 7.800970971584320068e-02 6.518261134624481201e-02 -6.259292364120483398e-02 -3.725302219390869141e-02 -7.192152738571166992e-02 -1.663201898336410522e-01 -1.176722943782806396e-01 2.360865175724029541e-01 1.002443283796310425e-01 1.100062727928161621e-01 -7.152938842773437500e-02 4.507776349782943726e-02 2.593989968299865723e-01 6.822615116834640503e-02 8.813929557800292969e-02 3.379347547888755798e-02 2.675896883010864258e-02 -1.584528982639312744e-01 -2.220541052520275116e-02 5.722611397504806519e-02 1.096140965819358826e-01 1.739596128463745117e-01 2.956530451774597168e-02 4.830618575215339661e-02
2.393405437469482422e-01 1.199112311005592346e-01 -1.503619402647018433e-01 9.482143446803092957e-03 -2.326017618179321289e-01 1.539350114762783051e-02 -4.635670036077499390e-02 -1.594662666320800781e-03 7.466860115528106689e-03 1.201732270419597626e-02 -2.657364606857299805e-01 8.559700101613998413e-02 1.491083055734634399e-01 -2.251727133989334106e-01 -3.929232954978942871e-01 1.052324846386909485e-02 -1.402769833803176880e-01 -1.893866807222366333e-02 -1.175068970769643784e-02 1.825745776295661926e-02 2.547851204872131348e-01 1.570526510477066040e-02 -6.779161840677261353e-02 1.242776364088058472e-01 4.343839734792709351e-02 1.035158038139343262e-01 5.122910737991333008e-01 1.049471795558929443e-01 -6.979121267795562744e-02 4.551142826676368713e-02 9.398584812879562378e-02 1.790288239717483521e-01
5.597878992557525635e-02 2.738979831337928772e-02 2.591325528919696808e-02 2.106805294752120972e-01 -1.714746952056884766e-01 6.435827165842056274e-02 1.173116639256477356e-01 7.664913684129714966e-02 6.122353672981262207e-02 1.744107455015182495e-01 -2.788138687610626221e-01 1.060341969132423401e-01 3.935331478714942932e-02 -1.343538910150527954e-01 4.530300945043563843e-02 -5.623140931129455566e-02 -3.649290651082992554e-03 3.678818345069885254e-01 -1.191886216402053833e-01 -2.199383080005645752e-01 3.279956802725791931e-02 3.662616014480590820e-03 9.078437089920043945e-02 5.288127064704895020e-02 -8.401505649089813232e-02 -1.200186312198638916e-01 9.785230457782745361e-02 1.719533205032348633e-01 -2.688205987215042114e-02 8.002702891826629639e-02 2.116171419620513916e-01 1.402712613344192505e-01
3.448253870010375977e-01 1.321686804294586182e-01 1.827359646558761597e-01 7.429075241088867188e-02 -6.313608586788177490e-02 2.581785321235656738e-01 1.894793808460235596e-01 2.009128928184509277e-01 7.577068358659744263e-02 1.286125332117080688e-01 -1.242896318435668945e-01 7.401711493730545044e-02 4.053225740790367126e-02 -9.525299072265625000e-02 -2.359643876552581787e-01 3.205336630344390869e-01 -2.027135714888572693e-02 3.098393380641937256e-01 -1.268538385629653931e-01 1.585258990526199341e-01 2.114481478929519653e-01 -1.140156388282775879e-02 8.285884559154510498e-02 1.488925516605377197e-01 -1.814558058977127075e-01 -1.676504313945770264e-01 1.300370097160339355e-01 2.654923498630523682e-01 -2.086331136524677277e-02 2.824787050485610962e-02 1.477332562208175659e-01 9.421616792678833008e-02
3.273758292198181152e-02 -4.146326333284378052e-03 1.148881763219833374e-01 -8.177526295185089111e-02 -5.559336394071578979e-02 1.671330034732818604e-01 1.771815121173858643e-03 -1.114345490932464600e-01 -8.779697120189666748e-02 -1.184377446770668030e-01 2.021613121032714844e-01 7.977237552404403687e-02 -4.760331287980079651e-02 1.967313289642333984e-01 -8.004273474216461182e-02 -2.340209111571311951e-02 -2.960247397422790527e-01 -2.243871688842773438e-01 1.268392801284790039e-01 6.465051323175430298e-02 -1.560212820768356323e-01 -2.399035543203353882e-02 -9.398248791694641113e-02 -5.824489146471023560e-02 2.802705019712448120e-02 2.198326140642166138e-01 1.378996372222900391e-01 -5.732205510139465332e-02 -5.126775801181793213e-02 -1.222763285040855408e-01 9.159373492002487183e-02 3.513657301664352417e-02
5.745695829391479492e-01 2.516031861305236816e-01 2.645106017589569092e-01 7.315288484096527100e-02 1.226841434836387634e-01 3.240461349487304688e-01 1.446451544761657715e-01 1.291210651397705078e-01 -1.146814972162246704e-01 8.245790004730224609e-02 -1.845986545085906982e-01 2.251189649105072021e-01 1.471064686775207520e-01 -1.374576985836029053e-01 -2.651631832122802734e-01 3.022070825099945068e-01 -3.965463861823081970e-02 4.269844591617584229e-01 -2.461951524019241333e-01 2.271884083747863770e-01 1.847359389066696167e-01 -2.309759855270385742e-01 -1.723465770483016968e-01 1.784934252500534058e-01 -4.865243732929229736e-01 -2.693019509315490723e-01 1.345845460891723633e-01 5.472564101219177246e-01 -1.921603381633758545e-01 -2.218414545059204102e-01 2.581638395786285400e-01 -3.968819975852966309e-03
-3.450017422437667847e-03 -4.349725693464279175e-02 4.640675336122512817e-02 1.177917122840881348e-01 -1.795524209737777710e-01 -5.660891532897949219e-02 7.483329623937606812e-02 1.271235644817352295e-01 4.935003072023391724e-02 2.217170298099517822e-01 -2.083831429481506348e-01 3.470384329557418823e-02 5.396616086363792419e-02 -1.093922853469848633e-01 1.073849424719810486e-01 -2.861217409372329712e-02 8.734674006700515747e-02 2.892965078353881836e-01 -8.382583409547805786e-02 -2.044111490249633789e-01 1.065536960959434509e-02 3.137882426381111145e-02 3.117681108415126801e-02 1.665135473012924194e-02 -9.096004068851470947e-03 -9.175132960081100464e-02 -5.592126399278640747e-02 1.754990816116333008e-01 -1.456168293952941895e-02 1.165882572531700134e-01 1.310424953699111938e-01 1.423271000385284424e-01
3.173598945140838623e-01 1.423776000738143921e-01 -1.313499063253402710e-01 7.838135957717895508e-02 -2.445267438888549805e-01 1.262838840484619141e-01 -3.672234714031219482e-02 -2.052965760231018066e-01 -1.067586243152618408e-01 -8.698179572820663452e-02 -3.165663778781890869e-01 1.918573379516601562e-01 1.429300457239151001e-01 -1.257086992263793945e-01 -4.600609242916107178e-01 -8.805321156978607178e-02 -3.638366162776947021e-01 -1.725787296891212463e-02 -6.697349995374679565e-02 7.666280120611190796e-02 1.915981173515319824e-01 -5.733507126569747925e-02 -9.243320673704147339e-02 1.674717664718627930e-01 -1.170518845319747925e-01 1.812998503446578979e-01 6.762444376945495605e-01 1.484029293060302734e-01 -1.190744116902351379e-01 -1.252863705158233643e-01 2.195882052183151245e-01 2.538573145866394043e-01
1.092190369963645935e-01 1.381882131099700928e-01 3.533394336700439453e-01 1.613415926694869995e-01 3.551402688026428223e-01 1.865953505039215088e-01 6.981275975704193115e-03 -5.044198036193847656e-02 -6.799486279487609863e-02 -7.394844293594360352e-02 3.649881184101104736e-01 1.673632860183715820e-01 7.618221640586853027e-02 3.342545926570892334e-01 3.286653757095336914e-01 1.238655671477317810e-02 9.384676814079284668e-02 3.143375515937805176e-01 -2.525879740715026855e-01 1.160398721694946289e-01 -2.872170507907867432e-01 -4.626440405845642090e-01 -1.951108574867248535e-01 -1.496353149414062500e-01 -4.766998291015625000e-01 6.159786880016326904e-02 -3.070239424705505371e-01 3.971288800239562988e-01 -2.494400143623352051e-01 -3.383701145648956299e-01 1.882211118936538696e-01 -4.176122546195983887e-01
-6.378339231014251709e-02 1.716306060552597046e-02 -2.103466391563415527e-01 -9.425632655620574951e-03 -2.563806474208831787e-01 -1.949540078639984131e-01 4.318580031394958496e-04 2.296744585037231445e-01 1.794044673442840576e-01 2.507390975952148438e-01 -2.766469120979309082e-01 -7.880954444408416748e-02 4.683502763509750366e-02 -2.210523635149002075e-01 1.099003478884696960e-01 -3.658331930637359619e-02 2.430969178676605225e-01 4.329370334744453430e-02 -1.163239255547523499e-01 -2.139737904071807861e-01 1.962468475103378296e-01 8.221041411161422729e-02 -1.019094586372375488e-01 1.202516481280326843e-01 1.354887634515762329e-01 -1.147838979959487915e-01 -6.620825082063674927e-02 1.505286246538162231e-01 7.951039820909500122e-02 2.054552733898162842e-01 -2.197785526514053345e-01 1.177672520279884338e-01
-6.472481787204742432e-02 1.053511053323745728e-01 -2.855099737644195557e-01 1.238242536783218384e-02 -3.399167060852050781e-01 -1.596959829330444336e-01 4.454026371240615845e-02 2.573302984237670898e-01 2.385332584381103516e-01 3.167371749877929688e-01 -4.024811685085296631e-01 -4.249416291713714600e-02 3.381126374006271362e-02 -3.178966641426086426e-01 5.051197111606597900e-02 -5.292120575904846191e-02 2.118527591228485107e-01 4.710805043578147888e-02 -1.244501918554306030e-01 -2.548285424709320068e-01 2.921639382839202881e-01 4.978894442319869995e-02 -7.829616218805313110e-02 1.408005654811859131e-01 1.615621149539947510e-01 -1.199307292699813843e-01 6.700444221496582031e-02 2.114776074886322021e-01 9.259320050477981567e-02 2.078933417797088623e-01 -2.259033620357513428e-01 1.630898267030715942e-01
-4.893192090094089508e-03 -6.185086444020271301e-03 -1.340523734688758850e-02 -1.749079301953315735e-02 -1.521505117416381836e-01 7.545689493417739868e-02 1.447363495826721191e-01 2.454175502061843872e-01 1.442679166793823242e-01 1.234098449349403381e-01 -3.214383870363235474e-02 -8.855105936527252197e-02 -1.276344060897827148e-01 -1.257372945547103882e-01 -8.462692797183990479e-02 2.418874204158782959e-01 6.754617393016815186e-02 3.727529570460319519e-02 -4.117871075868606567e-02 1.490452140569686890e-02 2.146287858486175537e-01 1.567962467670440674e-01 1.503269672393798828e-01 -2.830505371093750000e-03 1.611035764217376709e-01 -1.365827023983001709e-01 -5.232980102300643921e-02 -4.287203401327133179e-02 1.678890883922576904e-01 2.162519097328186035e-01 2.721982821822166443e-02 8.578217029571533203e-02
-3.641902208328247070e-01 -1.128488481044769287e-01 2.715487033128738403e-03 -1.517863571643829346e-01 -6.701815873384475708e-02 -7.798170298337936401e-02 6.355708092451095581e-02 3.015123605728149414e-01 1.546863317489624023e-01 1.302353739738464355e-01 2.917561531066894531e-01 -1.998877823352813721e-01 -2.687599658966064453e-01 1.818610541522502899e-02 1.731471121311187744e-01 7.951039075851440430e-02 2.570610046386718750e-01 -1.879328489303588867e-01 7.855713367462158203e-02 -5.011361092329025269e-02 1.056726723909378052e-01 1.362062096595764160e-01 2.858978696167469025e-02 -2.003167271614074707e-01 3.354087769985198975e-01 -6.875473260879516602e-02 -4.169677495956420898e-01 -1.704672724008560181e-01 2.011311054229736328e-01 2.552965581417083740e-01 -1.879867464303970337e-01 -8.947096765041351318e-02
2.004408091306686401e-01 1.208157315850257874e-01 -1.747850701212882996e-02 3.789437562227249146e-02 -3.801897168159484863e-02 -6.429281085729598999e-03 1.536619365215301514e-01 1.918642520904541016e-01 -3.567680716514587402e-03 3.805201500654220581e-02 -1.627280116081237793e-01 1.843652874231338501e-02 5.978906899690628052e-02 -1.709965914487838745e-01 -1.792961657047271729e-01 2.460098266601562500e-01 1.049139946699142456e-01 1.387489885091781616e-01 -1.220843344926834106e-01 7.374209165573120117e-02 2.982362508773803711e-01 2.588240429759025574e-02 -3.236781805753707886e-03 3.806983679533004761e-02 -1.373718306422233582e-02 -1.542095541954040527e-01 1.058840006589889526e-01 1.238536983728408813e-01 5.598386377096176147e-02 9.218144416809082031e-02 2.780415304005146027e-02 9.963021427392959595e-02
3.470439463853836060e-02 1.633874326944351196e-02 -5.349420383572578430e-02 1.570539325475692749e-01 -2.113566100597381592e-01 1.967526972293853760e-03 6.775628775358200073e-02 1.456224620342254639e-01 1.416823863983154297e-01 2.407013028860092163e-01 -3.263010978698730469e-01 4.013600945472717285e-02 4.215579107403755188e-02 -1.983615159988403320e-01 3.966446220874786377e-02 -6.298415362834930420e-02 1.076694279909133911e-01 2.721437513828277588e-01 -1.215941607952117920e-01 -2.444859147071838379e-01 1.397812664508819580e-01 1.754313707351684570e-02 1.589632593095302582e-02 1.002920344471931458e-01 -1.331823319196701050e-02 -1.139575913548469543e-01 5.231083557009696960e-02 1.972266435623168945e-01 -1.689418777823448181e-02 1.333495378494262695e-01 7.387585937976837158e-02 1.241976246237754822e-01
3.177133500576019287e-01 1.238266006112098694e-01 1.305717229843139648e-01 -4.376519471406936646e-03 -4.227729141712188721e-02 2.527151107788085938e-01 1.411829292774200439e-01 2.243160009384155273e-01 -6.605599075555801392e-03 1.274973005056381226e-01 -1.664213836193084717e-01 9.685984998941421509e-02 2.533163875341415405e-02 -1.612062156200408936e-01 -2.386883497238159180e-01 3.468573987483978271e-01 -2.134086564183235168e-02 2.813492715358734131e-01 -1.652926504611968994e-01 1.384109854698181152e-01 2.283699959516525269e-01 1.497742906212806702e-02 1.712661795318126678e-02 1.103434711694717407e-01 -1.782183200120925903e-01 -2.192532420158386230e-01 1.275640726089477539e-01 2.431172877550125122e-01 -1.211130991578102112e-03 4.032355733215808868e-03 1.405116468667984009e-01 1.086869016289710999e-01
4.301294088363647461e-01 1.982895135879516602e-01 1.495584100484848022e-01 3.207244724035263062e-02 3.916833922266960144e-02 2.373464405536651611e-01 1.394181847572326660e-01 1.882802993059158325e-01 -6.041835993528366089e-02 7.591450959444046021e-02 -1.690978705883026123e-01 1.306915283203125000e-01 9.187204390764236450e-02 -1.910581737756729126e-01 -2.381242513656616211e-01 3.115063607692718506e-01 -1.712491735816001892e-02 3.271920084953308105e-01 -1.942562162876129150e-01 1.515084505081176758e-01 2.638953924179077148e-01 -9.329945594072341919e-02 -5.879151076078414917e-02 1.389113217592239380e-01 -2.934273183345794678e-01 -2.474874854087829590e-01 1.079779416322708130e-01 3.571642637252807617e-01 -9.629124402999877930e-02 -5.339991301298141479e-02 1.824882179498672485e-01 4.291735589504241943e-02
2.733727991580963135e-01 1.115578860044479370e-01 6.443867087364196777e-02 1.091034412384033203e-01 -7.521755248308181763e-02 2.643016576766967773e-01 4.471068829298019409e-02 -1.901099681854248047e-01 -1.415137946605682373e-01 -1.275682002305984497e-01 -1.339100301265716553e-01 2.104736864566802979e-01 2.914107218384742737e-02 7.404842972755432129e-02 -3.104145526885986328e-01 -5.049408227205276489e-02 -4.522122144699096680e-01 1.168828085064888000e-02 -7.471579592674970627e-03 9.622832387685775757e-02 -3.156851232051849365e-02 -5.217473953962326050e-02 -7.455135881900787354e-02 4.341751709580421448e-02 -1.260167360305786133e-01 2.207179814577102661e-01 5.334019660949707031e-01 7.716788351535797119e-02 -8.460231870412826538e-02 -1.720813810825347900e-01 2.442383021116256714e-01 1.826477646827697754e-01
-2.736898511648178101e-02 -9.290587157011032104e-02 2.564886212348937988e-01 -9.226553142070770264e-02 1.176628693938255310e-01 -3.413885831832885742e-02 -4.531710222363471985e-02 5.407258868217468262e-02 -6.071162968873977661e-02 8.959162980318069458e-03 2.329320013523101807e-01 1.230634003877639771e-02 4.919441044330596924e-02 1.855933666229248047e-01 2.176310420036315918e-01 6.559453904628753662e-02 1.143130660057067871e-01 9.583640843629837036e-03 7.503713667392730713e-02 1.835706457495689392e-02 -1.477498859167098999e-01 -3.167371451854705811e-02 -1.492462456226348877e-01 -6.638912111520767212e-02 -3.757406398653984070e-02 2.786824852228164673e-02 -3.277449309825897217e-01 -1.938585378229618073e-02 -3.055905923247337341e-02 1.056973449885845184e-02 -3.139229863882064819e-02 -8.286147564649581909e-02
2.728092856705188751e-02 8.333925157785415649e-02 3.121928572654724121e-01 1.009992063045501709e-01 1.800346523523330688e-01 1.787382364273071289e-01 1.160265281796455383e-01 1.833524256944656372e-01 4.474628344178199768e-02 4.871867597103118896e-02 2.433384060859680176e-01 6.545490026473999023e-02 -4.484020918607711792e-02 1.791916936635971069e-01 2.237685322761535645e-01 1.326264888048171997e-01 1.923070475459098816e-02 3.030940592288970947e-01 -1.573691517114639282e-01 1.232111901044845581e-01 -1.044746190309524536e-01 -1.875856220722198486e-01 5.425144731998443604e-02 -7.294406741857528687e-02 -1.794203519821166992e-01 -6.631687283515930176e-02 -2.374507933855056763e-01 1.550403088331222534e-01 -3.684027120471000671e-02 -1.327463388442993164e-01 1.485497951507568359e-01 -2.458109557628631592e-01
-3.761630505323410034e-02 1.614794693887233734e-02 -1.782693415880203247e-01 1.579838059842586517e-02 -2.484190165996551514e-01 -1.301220357418060303e-01 3.659910708665847778e-02 1.791607886552810669e-01 1.675909459590911865e-01 2.354484051465988159e-01 -3.103322386741638184e-01 -3.717332333326339722e-02 3.788134828209877014e-02 -1.924324184656143188e-01 5.277775228023529053e-02 9.043011814355850220e-03 1.819289475679397583e-01 9.971143305301666260e-02 -1.152967214584350586e-01 -2.115780413150787354e-01 1.525617986917495728e-01 8.529752492904663086e-02 -5.838891491293907166e-03 1.119202598929405212e-01 7.619190961122512817e-02 -1.354919523000717163e-01 -1.131397113204002380e-02 1.465539485216140747e-01 8.992443233728408813e-02 1.508536338806152344e-01 -1.516270488500595093e-01 1.426009833812713623e-01
-7.590115815401077271e-02 -1.013987883925437927e-02 -2.084254845976829529e-02 -4.522459581494331360e-02 -1.116377562284469604e-01 1.460655778646469116e-02 1.454654633998870850e-01 2.500322461128234863e-01 1.081025600433349609e-01 1.031155064702033997e-01 -1.206633076071739197e-02 -1.042751520872116089e-01 -1.571881026029586792e-01 -9.921360015869140625e-02 -5.811955034732818604e-02 2.380916178226470947e-01 9.533293545246124268e-02 -1.926980912685394287e-02 -5.256873089820146561e-03 -1.446510106325149536e-02 1.922519356012344360e-01 1.571556031703948975e-01 1.178680658340454102e-01 -8.386584371328353882e-02 2.105592489242553711e-01 -1.357512772083282471e-01 -1.109044551849365234e-01 -5.033160001039505005e-02 1.731459796428680420e-01 2.033658027648925781e-01 8.718619123101234436e-03 4.559424147009849548e-02
1.896942555904388428e-01 1.593233942985534668e-01 2.967565059661865234e-01 1.085414439439773560e-01 3.146964311599731445e-01 1.801200509071350098e-01 1.204626038670539856e-01 8.986510336399078369e-02 -6.014703959226608276e-02 -3.576504811644554138e-02 1.496644616127014160e-01 1.136768534779548645e-01 2.307855524122714996e-02 1.037290394306182861e-01 1.163320168852806091e-01 1.212512850761413574e-01 5.390740931034088135e-02 3.357007801532745361e-01 -2.122302502393722534e-01 1.131082922220230103e-01 -1.119622215628623962e-02 -3.290539085865020752e-01 -4.744518175721168518e-02 -4.330669343471527100e-02 -3.681016266345977783e-01 -1.044928357005119324e-01 -1.801566928625106812e-01 3.113689720630645752e-01 -1.075783893465995789e-01 -1.770461499691009521e-01 1.846411377191543579e-01 -2.445331811904907227e-01
1.436439007520675659e-01 6.970798969268798828e-02 -1.007242947816848755e-01 -5.433618649840354919e-02 -3.086834251880645752e-01 1.007687002420425415e-01 1.351077854633331299e-02 -1.709635555744171143e-02 5.590940266847610474e-02 9.359234571456909180e-02 -2.182568609714508057e-01 4.659231007099151611e-02 4.124948009848594666e-02 -1.555179059505462646e-01 -3.772621154785156250e-01 1.337513327598571777e-01 -2.143397331237792969e-01 -9.385749697685241699e-02 2.155101485550403595e-02 -2.873200923204421997e-02 1.643151640892028809e-01 1.452145874500274658e-01 2.302220650017261505e-02 6.621128320693969727e-02 9.847971796989440918e-02 1.145459115505218506e-01 4.155982732772827148e-01 4.834920912981033325e-02 -1.565408147871494293e-02 8.395577222108840942e-02 1.054246500134468079e-01 2.507300376892089844e-01
-4.851280897855758667e-02 -1.277026981115341187e-01 2.436034977436065674e-01 -1.816505491733551025e-01 7.182780653238296509e-02 5.265206471085548401e-02 2.348169684410095215e-02 -4.736739397048950195e-02 -6.407293677330017090e-02 -7.047770172357559204e-02 4.225052297115325928e-01 4.419944435358047485e-02 -2.600647881627082825e-02 3.299903571605682373e-01 1.724691987037658691e-01 1.430793702602386475e-01 -5.739675834774971008e-02 -1.379464268684387207e-01 1.356958150863647461e-01 8.699519932270050049e-02 -2.132040262222290039e-01 1.671348139643669128e-02 -9.013821184635162354e-02 -1.137817427515983582e-01 -5.003114044666290283e-02 6.597520411014556885e-02 -2.607334554195404053e-01 -1.085114181041717529e-01 2.040867134928703308e-02 -6.905239820480346680e-02 -5.061754584312438965e-02 -8.744052052497863770e-02
3.993880152702331543e-01 1.216227486729621887e-01 6.905292719602584839e-02 4.120723605155944824e-01 7.618017494678497314e-02 2.421340048313140869e-01 2.190050482749938965e-01 -3.116865158081054688e-01 -2.066860944032669067e-01 -1.335411518812179565e-01 -1.515938937664031982e-01 2.522996962070465088e-01 4.747088253498077393e-02 8.645212650299072266e-02 -9.943570196628570557e-02 -2.301590144634246826e-01 -3.831286430358886719e-01 3.982270658016204834e-01 -2.146698385477066040e-01 -4.610909521579742432e-02 -1.474549248814582825e-02 -2.121569216251373291e-01 -1.163800526410341263e-02 2.351837605237960815e-02 -4.017743170261383057e-01 2.094285190105438232e-02 4.732837378978729248e-01 1.578245759010314941e-01 -1.321956217288970947e-01 -1.967456936836242676e-01 3.969071507453918457e-01 7.952101528644561768e-02
3.089609742164611816e-01 1.520823389291763306e-01 2.380653172731399536e-01 3.991133719682693481e-02 1.448768377304077148e-01 2.287511527538299561e-01 1.443028151988983154e-01 1.822991073131561279e-01 -4.655209928750991821e-02 8.298514783382415771e-02 2.204218506813049316e-02 1.241181418299674988e-01 6.933130323886871338e-02 -3.342767432332038879e-02 -5.536967515945434570e-02 2.224462479352951050e-01 4.669800400733947754e-03 3.442501425743103027e-01 -2.061367034912109375e-01 1.475450396537780762e-01 4.902818053960800171e-02 -1.995371878147125244e-01 -4.272036254405975342e-02 2.181321755051612854e-02 -3.160710632801055908e-01 -1.493313461542129517e-01 -2.914222143590450287e-02 3.559246957302093506e-01 -1.094172224402427673e-01 -1.134882494807243347e-01 1.630222052335739136e-01 -1.094422042369842529e-01
1.229267418384552002e-01 -6.254507228732109070e-03 3.072702884674072266e-01 5.195772647857666016e-02 -8.289550989866256714e-02 3.268046677112579346e-01 1.183820590376853943e-01 -5.929489433765411377e-02 -7.853375375270843506e-02 5.109378695487976074e-02 1.797464489936828613e-01 9.610620886087417603e-02 -4.774465784430503845e-02 2.663487493991851807e-01 3.512943536043167114e-02 1.678560078144073486e-01 -3.415418863296508789e-01 1.071450412273406982e-01 9.598359465599060059e-03 1.328691840171813965e-01 -2.425899505615234375e-01 -4.005298018455505371e-03 -2.943863160908222198e-03 -4.008851200342178345e-02 -1.553168892860412598e-01 1.417235583066940308e-01 1.100828647613525391e-01 7.957980036735534668e-02 -6.294396519660949707e-02 -1.403935253620147705e-01 2.263594865798950195e-01 7.260313630104064941e-02
2.448466718196868896e-01 1.714589074254035950e-03 1.944625973701477051e-01 2.257224917411804199e-01 -1.874928548932075500e-02 2.271476686000823975e-01 1.399146318435668945e-01 -1.639486551284790039e-01 -1.102658361196517944e-01 -8.447407744824886322e-03 1.022164896130561829e-02 1.417627632617950439e-01 1.771131157875061035e-02 1.410519033670425415e-01 9.034968912601470947e-03 -1.094238832592964172e-03 -2.354557812213897705e-01 3.355175554752349854e-01 -1.287475675344467163e-01 1.002095639705657959e-03 -1.520585268735885620e-01 -7.561012357473373413e-02 7.273290306329727173e-02 -1.311151683330535889e-02 -3.272376954555511475e-01 1.123569905757904053e-02 1.734005808830261230e-01 9.726946055889129639e-02 -8.814600110054016113e-02 -1.173260882496833801e-01 2.904186546802520752e-01 8.134113252162933350e-02
1.992352753877639771e-01 2.048944495618343353e-02 3.472674638032913208e-03 3.486288189888000488e-01 -1.567411124706268311e-01 1.565674543380737305e-01 1.834729909896850586e-01 -6.472848355770111084e-02 2.010791376233100891e-02 9.838325530290603638e-02 -3.276039361953735352e-01 1.691644787788391113e-01 3.903722018003463745e-02 -1.248953640460968018e-01 -5.596419423818588257e-02 -1.484870910644531250e-01 -1.081930696964263916e-01 5.018901228904724121e-01 -2.255847305059432983e-01 -2.410086393356323242e-01 8.492356538772583008e-02 -7.317150384187698364e-02 1.763940751552581787e-01 6.755310297012329102e-02 -2.509433627128601074e-01 -1.482139229774475098e-01 2.992763221263885498e-01 2.069140970706939697e-01 -5.038861930370330811e-02 1.670865528285503387e-02 3.624076843261718750e-01 1.514354348182678223e-01
3.307292461395263672e-01 8.125366270542144775e-02 6.218304485082626343e-02 2.068401426076889038e-01 8.458022773265838623e-02 2.100298404693603516e-01 1.380977034568786621e-01 -2.719217240810394287e-01 -2.247731238603591919e-01 -1.876561790704727173e-01 -4.156754910945892334e-02 2.173997461795806885e-01 2.081914246082305908e-02 1.515368521213531494e-01 -1.550659537315368652e-01 -1.627487391233444214e-01 -4.199255704879760742e-01 5.521126464009284973e-02 -9.353537857532501221e-02 3.432694822549819946e-02 -5.996068939566612244e-02 -1.548832654953002930e-01 -1.149368137121200562e-01 -4.116504639387130737e-02 -2.320619523525238037e-01 9.783382713794708252e-02 4.119268953800201416e-01 5.142817646265029907e-02 -1.241478398442268372e-01 -2.423856556415557861e-01 2.745165526866912842e-01 1.015545204281806946e-01
1.133566498756408691e-01 8.520892262458801270e-02 -1.153893321752548218e-01 -1.903937757015228271e-02 -2.411755025386810303e-01 2.021636441349983215e-02 -3.402498364448547363e-02 -7.765118777751922607e-02 -2.225356549024581909e-02 -2.586607635021209717e-02 -1.607406735420227051e-01 8.345805853605270386e-02 5.284659191966056824e-02 -1.233392059803009033e-01 -3.894620239734649658e-01 -3.946240991353988647e-02 -2.163301408290863037e-01 -1.607221961021423340e-01 6.471881270408630371e-02 7.982093840837478638e-03 1.360056400299072266e-01 4.605527967214584351e-02 -7.412523031234741211e-02 7.184757292270660400e-02 8.526474982500076294e-02 2.229821234941482544e-01 4.891524016857147217e-01 6.171859800815582275e-02 -7.660426944494247437e-02 2.846801653504371643e-03 1.229176521301269531e-01 2.002307176589965820e-01
1.487219929695129395e-01 -3.982166945934295654e-02 2.399534881114959717e-01 1.118737459182739258e-01 -1.419005915522575378e-02 1.639763414859771729e-01 9.307818859815597534e-02 -3.486373275518417358e-02 -8.000318706035614014e-02 6.560552120208740234e-02 3.411233052611351013e-02 9.842764586210250854e-02 2.387353405356407166e-02 1.115863472223281860e-01 6.016357988119125366e-02 4.183753952383995056e-02 -1.296361684799194336e-01 2.778486013412475586e-01 -5.700381100177764893e-02 -3.262154012918472290e-02 -1.627539843320846558e-01 -5.842360109090805054e-02 1.560569740831851959e-02 -3.138638287782669067e-02 -1.987472176551818848e-01 4.597704112529754639e-02 2.108790352940559387e-02 1.402471959590911865e-01 -1.002770140767097473e-01 -5.714308097958564758e-02 2.190830707550048828e-01 5.438119545578956604e-02
-8.121276646852493286e-02 -6.040757149457931519e-02 -1.108682155609130859e-01 -2.755727246403694153e-02 -2.273652553558349609e-01 -1.960246562957763672e-01 4.035302251577377319e-02 1.708729416131973267e-01 1.241998150944709778e-01 2.374971061944961548e-01 -2.103390693664550781e-01 -7.407914847135543823e-02 5.048711225390434265e-02 -1.151288896799087524e-01 1.343749463558197021e-01 6.971825659275054932e-02 2.077942192554473877e-01 7.779303193092346191e-02 -5.771898478269577026e-02 -1.547216475009918213e-01 3.109279647469520569e-02 1.506189405918121338e-01 -8.473644964396953583e-03 8.143904805183410645e-02 1.057811677455902100e-01 -1.320563256740570068e-01 -1.403620392084121704e-01 1.156911998987197876e-01 1.001475527882575989e-01 1.269746422767639160e-01 -1.801522523164749146e-01 1.321268379688262939e-01
6.184946000576019287e-02 3.775760531425476074e-02 -2.528272196650505066e-02 -5.389424040913581848e-02 -1.788125634193420410e-01 9.919916093349456787e-02 -6.181296706199645996e-02 -1.154733747243881226e-01 -4.644912481307983398e-02 -8.043625205755233765e-02 -1.006911471486091614e-01 1.062849983572959900e-01 -4.216363653540611267e-03 -2.400574460625648499e-02 -3.234642446041107178e-01 -5.076408386230468750e-03 -2.927713692188262939e-01 -2.069010734558105469e-01 1.227485314011573792e-01 7.165316492319107056e-03 5.146165378391742706e-03 8.707126975059509277e-02 -4.766380041837692261e-02 2.367529645562171936e-02 1.035134792327880859e-01 2.252823263406753540e-01 3.994365036487579346e-01 -1.601032540202140808e-02 -4.954551905393600464e-02 -4.548754170536994934e-02 1.582313776016235352e-01 1.761189103126525879e-01
-1.826869137585163116e-02 5.850949510931968689e-02 -9.182696044445037842e-02 -8.126290142536163330e-02 -2.140973657369613647e-01 -3.023544698953628540e-02 3.689652681350708008e-02 4.754383116960525513e-02 1.927601359784603119e-02 6.849694252014160156e-02 -1.064450517296791077e-01 -2.983461320400238037e-02 -4.330238327383995056e-02 -1.124904602766036987e-01 -2.249088287353515625e-01 4.365170374512672424e-02 -5.232327803969383240e-02 -1.782491505146026611e-01 6.053684651851654053e-02 -7.556207478046417236e-02 1.577120125293731689e-01 1.167881116271018982e-01 -3.340530395507812500e-02 -4.346930980682373047e-02 1.898040026426315308e-01 9.493598341941833496e-02 2.207962274551391602e-01 5.288595333695411682e-03 3.235989063978195190e-02 1.055564954876899719e-01 2.099968492984771729e-02 1.472421437501907349e-01
1.262075453996658325e-01 8.800194412469863892e-02 -4.458028823137283325e-03 -1.646462082862854004e-02 -1.019532978534698486e-01 6.735484302043914795e-02 8.074628561735153198e-02 2.283104360103607178e-01 3.473489731550216675e-02 3.978071361780166626e-02 -1.803278923034667969e-01 1.677995175123214722e-02 -6.520328111946582794e-03 -2.271762043237686157e-01 -1.921491920948028564e-01 2.680493593215942383e-01 6.486186385154724121e-02 7.655100524425506592e-02 -1.114482134580612183e-01 4.183182120323181152e-02 3.213438391685485840e-01 1.027623862028121948e-01 4.554758220911026001e-02 7.010989636182785034e-02 5.330528318881988525e-02 -1.756244301795959473e-01 8.946087956428527832e-02 2.070537768304347992e-02 1.281637847423553467e-01 1.741051375865936279e-01 5.880555510520935059e-02 1.500875353813171387e-01
1.130545586347579956e-01 1.816918887197971344e-02 1.203068792819976807e-01 2.837625145912170410e-01 -1.294650435447692871e-01 1.573040783405303955e-01 1.308806836605072021e-01 -5.481633543968200684e-02 -6.253711879253387451e-03 1.124251559376716614e-01 -1.771866381168365479e-01 1.304567158222198486e-01 7.999653927981853485e-03 -2.177110314369201660e-02 1.034960523247718811e-02 -4.298269748687744141e-02 -1.094834506511688232e-01 4.229267537593841553e-01 -1.372156739234924316e-01 -1.645397096872329712e-01 -5.981762334704399109e-02 7.097661495208740234e-03 1.258813291788101196e-01 5.083760246634483337e-02 -2.352284640073776245e-01 -1.020202189683914185e-01 1.412494182586669922e-01 1.655832231044769287e-01 -6.784914433956146240e-02 -1.835097186267375946e-02 3.305119276046752930e-01 1.013443395495414734e-01
1.813069730997085571e-01 -6.649108603596687317e-03 1.043738275766372681e-01 2.733606696128845215e-01 -4.940556734800338745e-02 1.261675357818603516e-01 1.194044426083564758e-01 -1.148966401815414429e-01 -1.878292113542556763e-02 4.816596210002899170e-02 -1.890079677104949951e-01 1.359880864620208740e-01 4.084487631916999817e-02 2.738853916525840759e-02 -6.192341074347496033e-02 -1.538292318582534790e-02 -1.000629365444183350e-01 4.491273462772369385e-01 -1.733815819025039673e-01 -1.804392784833908081e-01 -8.480750024318695068e-02 2.028795331716537476e-02 1.918488293886184692e-01 2.456696704030036926e-02 -2.849210500717163086e-01 -1.228353753685951233e-01 1.790345311164855957e-01 1.260341107845306396e-01 -5.663163959980010986e-02 -2.137347683310508728e-02 2.944980859756469727e-01 1.024060770869255066e-01
2.814555540680885315e-03 -3.882101923227310181e-02 -5.383295193314552307e-02 -9.430798888206481934e-02 -4.460916668176651001e-02 -1.077840998768806458e-01 -4.539779946208000183e-02 -1.077821254730224609e-01 -1.220891028642654419e-01 -1.265296489000320435e-01 3.049416840076446533e-02 3.975620865821838379e-02 5.071575194597244263e-02 -3.410935401916503906e-03 -2.723986208438873291e-01 -9.078270196914672852e-02 -1.052531152963638306e-01 -3.057736754417419434e-01 1.479252278804779053e-01 -4.123172163963317871e-02 4.324621334671974182e-02 -3.366515040397644043e-03 -1.410567611455917358e-01 -1.349998712539672852e-01 1.558326482772827148e-01 2.742269635200500488e-01 2.715894281864166260e-01 -2.188025601208209991e-02 -1.319491118192672729e-01 -3.209770098328590393e-02 2.564595080912113190e-03 4.257859289646148682e-02
2.704829275608062744e-01 1.121642664074897766e-01 4.502041265368461609e-02 -1.818388700485229492e-03 -7.338792085647583008e-02 1.557772159576416016e-01 1.021052226424217224e-01 2.148520499467849731e-01 -9.470537304878234863e-03 9.410274773836135864e-02 -1.631729006767272949e-01 5.694559216499328613e-02 5.042176321148872375e-02 -2.030989974737167358e-01 -2.302493751049041748e-01 3.003896772861480713e-01 2.573156729340553284e-02 1.890447437763214111e-01 -1.442639678716659546e-01 9.932672232389450073e-02 3.016668856143951416e-01 1.841109618544578552e-02 5.091341212391853333e-03 1.215640231966972351e-01 -8.051291108131408691e-02 -2.082352042198181152e-01 1.430966556072235107e-01 1.900800317525863647e-01 1.233476772904396057e-02 6.933432817459106445e-02 1.110350266098976135e-01 1.034532114863395691e-01
-6.436220556497573853e-02 2.667781896889209747e-03 1.377058178186416626e-01 1.792528666555881500e-02 3.539723530411720276e-02 9.154611825942993164e-02 1.419969499111175537e-01 3.104792237281799316e-01 9.633868932723999023e-02 8.500060439109802246e-02 1.431777477264404297e-01 -7.630540430545806885e-02 -1.144876182079315186e-01 9.819217026233673096e-03 1.276803016662597656e-01 2.135318666696548462e-01 1.160990297794342041e-01 1.661765575408935547e-01 -7.485018670558929443e-02 6.456439942121505737e-02 9.810817241668701172e-02 3.702867403626441956e-02 1.456730961799621582e-01 -9.265726059675216675e-02 8.666628599166870117e-02 -1.536561101675033569e-01 -2.377357035875320435e-01 -6.966032087802886963e-03 1.400652229785919189e-01 1.180864647030830383e-01 1.721916720271110535e-02 -1.030680984258651733e-01
3.491818308830261230e-01 7.714128494262695312e-02 -7.235860824584960938e-02 5.241110324859619141e-01 -4.694824665784835815e-02 1.662355065345764160e-01 2.075443267822265625e-01 -2.653070092201232910e-01 -2.201171964406967163e-02 -2.055014111101627350e-02 -4.131176769733428955e-01 2.223350405693054199e-01 4.910087585449218750e-02 -7.874052226543426514e-02 -1.825860738754272461e-01 -3.127439618110656738e-01 -1.712238788604736328e-01 6.514027714729309082e-01 -3.740624487400054932e-01 -2.563192248344421387e-01 1.919815540313720703e-01 -1.324738562107086182e-01 2.240450680255889893e-01 6.145751103758811951e-02 -4.695616662502288818e-01 -2.281077057123184204e-01 4.826042950153350830e-01 2.403021901845932007e-01 -1.439285725355148315e-01 -4.317046329379081726e-02 4.893251061439514160e-01 1.063674390316009521e-01
1.160964518785476685e-01 -1.730761677026748657e-02 3.094636499881744385e-01 4.586184024810791016e-02 2.561322227120399475e-02 1.713348925113677979e-01 7.986187189817428589e-02 -4.684646427631378174e-02 -7.404197007417678833e-02 2.072683535516262054e-02 1.908876895904541016e-01 8.700668066740036011e-02 3.416000166907906532e-03 2.836618423461914062e-01 7.779810577630996704e-02 1.784513890743255615e-01 -1.653277426958084106e-01 1.699226498603820801e-01 1.287963241338729858e-02 6.199808046221733093e-02 -2.267456650733947754e-01 7.462151348590850830e-03 1.817531883716583252e-04 -4.785192757844924927e-02 -1.884397119283676147e-01 5.662956833839416504e-02 -3.913292288780212402e-02 4.544079303741455078e-02 -8.062738925218582153e-02 -7.922515273094177246e-02 1.764173656702041626e-01 5.133692175149917603e-03
2.330976426601409912e-01 7.519933581352233887e-02 -3.052820861339569092e-01 3.616722822189331055e-01 -1.983077079057693481e-01 6.174195557832717896e-02 2.009075880050659180e-01 -1.082534641027450562e-01 1.420435756444931030e-01 1.628464907407760620e-01 -6.067513823509216309e-01 1.999462842941284180e-01 6.229090318083763123e-02 -3.114408850669860840e-01 -1.501877158880233765e-01 -2.878926992416381836e-01 -8.150640875101089478e-03 4.300905168056488037e-01 -3.625811338424682617e-01 -3.721419274806976318e-01 3.831758201122283936e-01 -8.916892856359481812e-02 2.004691660404205322e-01 1.290239989757537842e-01 -1.979505717754364014e-01 -2.992122173309326172e-01 4.827406704425811768e-01 2.536483108997344971e-01 -1.673511415719985962e-02 1.033193320035934448e-01 2.484305053949356079e-01 1.695279479026794434e-01
1.072421148419380188e-01 -3.158522024750709534e-02 8.505783975124359131e-02 -6.299205124378204346e-03 -2.659649401903152466e-02 1.695332527160644531e-01 2.244796603918075562e-02 -1.645030081272125244e-01 -1.466367989778518677e-01 -1.090929061174392700e-01 1.664072275161743164e-01 1.063234433531761169e-01 -8.076082915067672729e-03 1.758989691734313965e-01 -5.031738057732582092e-02 -8.646127581596374512e-02 -3.454791307449340820e-01 -1.774760633707046509e-01 5.411642044782638550e-02 4.324423521757125854e-02 -1.909413784742355347e-01 -5.644890666007995605e-02 -1.037426590919494629e-01 -8.950208872556686401e-02 -2.943457849323749542e-02 1.775266379117965698e-01 2.072090208530426025e-01 -4.860437661409378052e-02 -9.162472188472747803e-02 -2.112341821193695068e-01 1.584504544734954834e-01 1.792568899691104889e-02
3.230535387992858887e-01 7.667973637580871582e-02 1.628272682428359985e-01 2.098071724176406860e-01 3.472188115119934082e-02 2.712106406688690186e-01 1.556303203105926514e-01 -1.966746747493743896e-01 -1.803356707096099854e-01 -9.456855058670043945e-02 -1.989789307117462158e-03 2.017365694046020508e-01 8.490083739161491394e-03 1.750755608081817627e-01 -6.745490431785583496e-02 -6.788079440593719482e-02 -3.688480257987976074e-01 2.238004505634307861e-01 -1.251059472560882568e-01 5.361809581518173218e-02 -8.206285536289215088e-02 -1.851199567317962646e-01 -5.045086145401000977e-02 -1.734048128128051758e-03 -3.099660873413085938e-01 9.573774039745330811e-02 3.391921222209930420e-01 8.896824717521667480e-02 -8.605406433343887329e-02 -1.751266419887542725e-01 2.606847286224365234e-01 6.764986366033554077e-02
1.108686327934265137e-01 7.382409274578094482e-02 1.600803583860397339e-01 2.293618023395538330e-02 9.097857773303985596e-02 1.537381112575531006e-01 1.604132652282714844e-01 2.299709171056747437e-01 1.926763914525508881e-02 6.270683556795120239e-02 4.429405182600021362e-02 1.159840822219848633e-02 -4.646947607398033142e-02 -6.342507898807525635e-02 -3.445368260145187378e-03 2.498115599155426025e-01 4.049921408295631409e-02 2.357035875320434570e-01 -1.518658399581909180e-01 9.389971196651458740e-02 1.338399499654769897e-01 -5.252321809530258179e-02 7.496307045221328735e-02 -4.162435233592987061e-02 -1.081962063908576965e-01 -1.875232905149459839e-01 -1.213746666908264160e-01 1.458948254585266113e-01 4.495564848184585571e-02 2.386660501360893250e-02 1.029483973979949951e-01 -7.166235893964767456e-02
2.317998409271240234e-01 1.103761047124862671e-01 1.319075226783752441e-01 1.767267473042011261e-02 4.916994273662567139e-02 1.587746143341064453e-01 1.716516613960266113e-01 2.553624808788299561e-01 2.179440110921859741e-03 1.098999902606010437e-01 -2.753776498138904572e-02 2.520404011011123657e-02 4.689496941864490509e-03 -1.171405613422393799e-01 -1.083775833249092102e-01 2.629127502441406250e-01 5.866558477282524109e-02 2.709821164608001709e-01 -1.368323862552642822e-01 1.029776036739349365e-01 1.550473123788833618e-01 -5.346388369798660278e-02 6.972644478082656860e-03 1.311853155493736267e-02 -1.408708095550537109e-01 -1.945435702800750732e-01 -4.063292965292930603e-02 2.467360943555831909e-01 -1.000647619366645813e-02 3.644464164972305298e-02 1.016841530799865723e-01 -3.356013447046279907e-02
1.413100063800811768e-01 -6.119660288095474243e-02 2.154711633920669556e-01 -6.623670458793640137e-02 1.470554471015930176e-01 1.078795120120048523e-01 3.526189178228378296e-02 -1.242638975381851196e-01 -1.642192602157592773e-01 -1.361584961414337158e-01 2.655906081199645996e-01 9.554695338010787964e-02 1.685451902449131012e-02 2.558118104934692383e-01 5.711440742015838623e-02 1.959599182009696960e-02 -1.892941147089004517e-01 -3.634057566523551941e-02 4.843449592590332031e-02 3.660973161458969116e-02 -1.927503496408462524e-01 -1.256284415721893311e-01 -1.070103272795677185e-01 -1.260593235492706299e-01 -1.237123757600784302e-01 1.371543407440185547e-01 -5.689147859811782837e-03 -4.029504954814910889e-02 -7.734522968530654907e-02 -1.096060797572135925e-01 5.408649146556854248e-02 -5.062196403741836548e-02
-1.954002976417541504e-01 -6.565579026937484741e-02 -3.524513915181159973e-02 -1.343520879745483398e-01 -1.974043101072311401e-01 6.751254200935363770e-03 9.561838954687118530e-02 1.431501656770706177e-01 9.268950670957565308e-02 1.055071726441383362e-01 2.742548659443855286e-02 -6.103026121854782104e-02 -1.601845473051071167e-01 -5.322517082095146179e-02 -9.440734982490539551e-02 1.449921280145645142e-01 1.294403895735740662e-02 -1.748992949724197388e-01 4.947358369827270508e-02 -7.532200217247009277e-02 1.029631197452545166e-01 2.000097036361694336e-01 6.909622251987457275e-02 -1.055355742573738098e-01 2.817862033843994141e-01 -1.247913390398025513e-02 -6.485883891582489014e-02 -1.502071619033813477e-01 1.482725441455841064e-01 1.347369551658630371e-01 -6.117872148752212524e-02 1.105296313762664795e-01
2.907635569572448730e-01 1.144030503928661346e-02 1.920239180326461792e-01 9.469949454069137573e-02 1.071474552154541016e-01 2.413337230682373047e-01 1.156999543309211731e-01 -2.093046605587005615e-01 -1.880489289760589600e-01 -1.434428542852401733e-01 1.185356304049491882e-01 1.642368435859680176e-01 2.529734931886196136e-02 2.086251378059387207e-01 -2.495933696627616882e-02 -2.754031307995319366e-02 -2.963113486766815186e-01 1.219881922006607056e-01 -9.880680590867996216e-02 7.961632311344146729e-02 -1.408091336488723755e-01 -1.716031730175018311e-01 -3.463409096002578735e-02 -5.827543884515762329e-02 -2.794021368026733398e-01 1.279046535491943359e-01 1.955226808786392212e-01 1.364410109817981720e-02 -8.925835043191909790e-02 -1.689164340496063232e-01 2.139099836349487305e-01 5.455839633941650391e-02
-1.267692893743515015e-01 -1.236745715141296387e-01 2.177563011646270752e-01 -6.737878918647766113e-02 -7.753306627273559570e-02 -8.591877669095993042e-02 -3.252804279327392578e-03 1.262180358171463013e-01 7.942467927932739258e-03 1.473147422075271606e-01 6.188636273145675659e-02 -4.460704699158668518e-02 2.010671421885490417e-02 1.143912523984909058e-01 2.513075470924377441e-01 1.612378358840942383e-01 1.364853233098983765e-01 9.229297935962677002e-02 8.784382045269012451e-02 -4.570978134870529175e-02 -1.837182790040969849e-01 1.445338726043701172e-01 -5.976765602827072144e-02 -9.875364601612091064e-03 3.345704823732376099e-02 -5.206254869699478149e-02 -4.001792073249816895e-01 4.826897382736206055e-02 2.136819064617156982e-03 6.662355363368988037e-02 -5.278397351503372192e-02 4.044581204652786255e-02
-2.400597743690013885e-02 2.187016904354095459e-01 -5.707619190216064453e-01 -4.908285662531852722e-02 -3.500616252422332764e-01 -2.647996842861175537e-01 -1.492734998464584351e-02 2.602986097335815430e-01 2.836362123489379883e-01 3.188417553901672363e-01 -5.467743873596191406e-01 -4.035150259733200073e-02 3.430699557065963745e-02 -4.876394867897033691e-01 -1.912038959562778473e-02 -2.012592107057571411e-01 2.900116145610809326e-01 -1.055869311094284058e-01 -2.407146692276000977e-01 -3.205109834671020508e-01 4.983502030372619629e-01 -3.157018125057220459e-02 -1.760224699974060059e-01 1.825558245182037354e-01 2.250250875949859619e-01 -1.809245049953460693e-01 2.101158797740936279e-01 2.022843062877655029e-01 1.658663749694824219e-01 2.306823432445526123e-01 -4.110110402107238770e-01 1.292700618505477905e-01
1.539034247398376465e-01 -5.672965943813323975e-02 2.309693694114685059e-01 5.583179742097854614e-02 1.404196918010711670e-01 1.055243313312530518e-01 6.262777000665664673e-02 -1.049275547266006470e-01 -1.551157683134078979e-01 -7.378619164228439331e-02 1.749171018600463867e-01 7.760932296514511108e-02 3.557148203253746033e-02 2.023950815200805664e-01 1.464154422283172607e-01 -1.707928441464900970e-02 -9.584945440292358398e-02 1.074813157320022583e-01 -3.262477368116378784e-02 1.905063912272453308e-02 -1.536442339420318604e-01 -1.215615496039390564e-01 -8.024112135171890259e-02 -6.378550082445144653e-02 -1.873475015163421631e-01 6.884212791919708252e-02 -8.038598299026489258e-02 3.471709787845611572e-04 -1.263308078050613403e-01 -6.604628264904022217e-02 1.302430480718612671e-01 -1.218532025814056396e-02
-9.654445946216583252e-02 -1.257516443729400635e-01 1.225450932979583740e-01 3.875009715557098389e-04 -1.318613588809967041e-01 -1.299419701099395752e-01 1.907124370336532593e-02 1.433618813753128052e-01 3.735907375812530518e-02 1.784840822219848633e-01 -8.793064206838607788e-02 -4.595967754721641541e-02 6.335537880659103394e-02 2.258446253836154938e-02 1.798263192176818848e-01 1.279061585664749146e-01 1.701966524124145508e-01 1.665967106819152832e-01 1.487847976386547089e-02 -1.041192263364791870e-01 -1.269866228103637695e-01 1.552236229181289673e-01 2.988459542393684387e-03 1.373435184359550476e-02 5.616193264722824097e-02 -9.279920905828475952e-02 -2.943918406963348389e-01 8.791610598564147949e-02 1.181497052311897278e-02 9.789544343948364258e-02 -4.032974690198898315e-02 1.184548586606979370e-01
1.128668524324893951e-02 -1.025665737688541412e-02 2.049617655575275421e-02 -1.295503377914428711e-01 -1.434596925973892212e-01 1.680643260478973389e-01 -3.530693054199218750e-02 -1.343298405408859253e-01 -5.959481000900268555e-02 -7.636270672082901001e-02 5.455712974071502686e-02 8.517502993345260620e-02 -6.031772494316101074e-02 5.091467127203941345e-02 -2.189634442329406738e-01 -1.521043945103883743e-02 -2.667072415351867676e-01 -2.585418820381164551e-01 7.182151824235916138e-02 3.418870270252227783e-03 -6.770050525665283203e-02 6.049699708819389343e-02 -5.065546929836273193e-02 -4.644595086574554443e-02 9.173943102359771729e-02 2.308159321546554565e-01 2.829799056053161621e-01 -6.623133271932601929e-02 -2.676763013005256653e-02 -5.202933773398399353e-02 1.188634261488914490e-01 1.272521018981933594e-01
-7.929751276969909668e-02 -2.704308554530143738e-02 -1.216083317995071411e-01 -9.132039546966552734e-02 -1.445199698209762573e-01 -2.918805927038192749e-02 2.588744461536407471e-02 -5.300292372703552246e-02 3.952678665518760681e-02 -7.892930507659912109e-02 -7.547964155673980713e-02 -3.907185792922973633e-02 -1.081393957138061523e-01 -1.138417124748229980e-01 -2.202628552913665771e-01 1.658155396580696106e-02 -4.582930728793144226e-02 -2.357156872749328613e-01 3.226213902235031128e-02 -4.571496695280075073e-02 1.727267652750015259e-01 1.344854831695556641e-01 2.594379149377346039e-02 -4.729393869638442993e-02 2.104447484016418457e-01 8.906975388526916504e-03 1.338644027709960938e-01 -1.650819331407546997e-01 1.397142410278320312e-01 1.182462498545646667e-01 -1.231854595243930817e-02 1.336294114589691162e-01
2.670826315879821777e-01 7.970559597015380859e-02 1.276151239871978760e-01 1.225425302982330322e-01 7.167375087738037109e-02 2.040787041187286377e-01 9.817471355199813843e-02 -2.218144536018371582e-01 -2.005720138549804688e-01 -1.597884893417358398e-01 8.900260180234909058e-02 1.758798956871032715e-01 -8.671749383211135864e-03 2.071385383605957031e-01 -7.621666789054870605e-02 -6.570261716842651367e-02 -3.890287876129150391e-01 3.654512390494346619e-02 -2.728372067213058472e-02 6.926578283309936523e-02 -1.488292515277862549e-01 -1.133069917559623718e-01 -8.236793428659439087e-02 -5.325610190629959106e-02 -2.225867062807083130e-01 1.181634515523910522e-01 2.907769381999969482e-01 2.239719964563846588e-02 -8.552805334329605103e-02 -1.951260566711425781e-01 2.138216942548751831e-01 5.330264568328857422e-02
1.661804318428039551e-01 1.237237304449081421e-01 -1.303718090057373047e-01 1.193035580217838287e-02 -1.412169188261032104e-01 -7.772696018218994141e-02 -4.118614643812179565e-02 -1.364091187715530396e-01 -1.637635976076126099e-01 -1.238297075033187866e-01 -1.778606474399566650e-01 1.050814017653465271e-01 1.609063148498535156e-01 -9.532505273818969727e-02 -3.684834837913513184e-01 -1.156547069549560547e-01 -2.063265442848205566e-01 -1.852461844682693481e-01 4.610613733530044556e-02 -5.397379398345947266e-03 1.636584997177124023e-01 -4.587960988283157349e-02 -1.950313001871109009e-01 2.040197700262069702e-02 4.379709810018539429e-02 2.566946148872375488e-01 5.252098441123962402e-01 1.032319590449333191e-01 -1.587797999382019043e-01 -8.180689066648483276e-02 9.990354627370834351e-02 1.394627839326858521e-01
3.987634927034378052e-02 7.400628924369812012e-02 2.268163114786148071e-01 8.390406519174575806e-02 2.360765337944030762e-01 1.040609776973724365e-01 1.549942195415496826e-01 1.685197353363037109e-01 1.214201748371124268e-02 1.760444976389408112e-02 2.275659441947937012e-01 4.494365304708480835e-03 -6.280110031366348267e-02 1.275733560323715210e-01 1.753737926483154297e-01 1.203008741140365601e-01 9.696595370769500732e-02 2.605687677860260010e-01 -1.311725974082946777e-01 7.028142362833023071e-02 -6.550006568431854248e-02 -2.024983763694763184e-01 1.200127415359020233e-02 -1.423342525959014893e-01 -1.819976270198822021e-01 -8.483345806598663330e-02 -2.744070589542388916e-01 1.658485531806945801e-01 -3.172464668750762939e-02 -7.794420421123504639e-02 9.495146572589874268e-02 -2.675134241580963135e-01
-9.047977626323699951e-02 -1.751432940363883972e-02 1.267631538212299347e-02 -2.828501164913177490e-04 -7.604657858610153198e-02 1.248042657971382141e-02 1.607920527458190918e-01 3.063181042671203613e-01 1.409285217523574829e-01 1.265201121568679810e-01 4.835861176252365112e-02 -1.049424037337303162e-01 -1.396956741809844971e-01 -5.747420713305473328e-02 2.564303576946258545e-02 2.070880234241485596e-01 1.320477277040481567e-01 6.751857697963714600e-02 -2.586117014288902283e-03 3.253653645515441895e-03 1.309652477502822876e-01 1.598079949617385864e-01 1.374980658292770386e-01 -9.043855220079421997e-02 2.194047570228576660e-01 -1.249969676136970520e-01 -1.705190688371658325e-01 -8.378073573112487793e-02 1.659073829650878906e-01 1.926622986793518066e-01 7.634144276380538940e-05 -1.416297256946563721e-02
3.727594017982482910e-02 -4.477473348379135132e-02 2.913966178894042969e-01 4.303629696369171143e-02 1.047026365995407104e-03 1.276515126228332520e-01 5.348614603281021118e-02 1.730556041002273560e-02 -7.800507545471191406e-02 8.293957263231277466e-02 1.885307431221008301e-01 4.870714247226715088e-02 4.027191922068595886e-02 1.866784393787384033e-01 1.442965567111968994e-01 9.475336968898773193e-02 -9.455810487270355225e-02 1.864363551139831543e-01 1.112241670489311218e-02 5.333306640386581421e-02 -1.743667870759963989e-01 -3.581173717975616455e-02 -4.543170332908630371e-02 -3.528572618961334229e-02 -1.356662809848785400e-01 7.826225459575653076e-02 -8.269402384757995605e-02 1.069837808609008789e-01 -1.029546633362770081e-01 -5.436101928353309631e-02 1.746736019849777222e-01 -2.217157185077667236e-02
9.789051115512847900e-02 -2.086977288126945496e-02 1.738984286785125732e-01 1.511022746562957764e-01 -8.813954889774322510e-02 1.035690307617187500e-01 1.011822447180747986e-01 -1.643302291631698608e-02 -3.151876479387283325e-02 1.183321997523307800e-01 -5.747189745306968689e-02 6.280116736888885498e-02 1.495168264955282211e-02 5.895325541496276855e-02 9.111162275075912476e-02 4.693369939923286438e-02 -7.968658208847045898e-02 3.549505472183227539e-01 -5.041351169347763062e-02 -1.035454869270324707e-01 -1.329445242881774902e-01 8.835233747959136963e-03 7.632666826248168945e-02 2.163521945476531982e-02 -1.903989911079406738e-01 -1.447556912899017334e-02 1.527916640043258667e-03 1.517953872680664062e-01 -7.353418320417404175e-02 -9.846305474638938904e-04 2.090411484241485596e-01 9.732154011726379395e-02
