-6.734753400087356567e-02 -2.884798124432563782e-02 -3.343473747372627258e-02 1.882742904126644135e-02 -6.582447886466979980e-02 -4.801232367753982544e-03 1.194704249501228333e-01 2.429441064596176147e-01 1.093840673565864563e-01 4.283476620912551880e-02 -2.785582840442657471e-02 -9.523171186447143555e-02 -1.341455578804016113e-01 -1.066150814294815063e-01 -3.040219657123088837e-02 2.061825990676879883e-01 1.191099733114242554e-01 3.256635740399360657e-02 -3.234391659498214722e-02 1.944509521126747131e-02 2.356347143650054932e-01 1.393196582794189453e-01 1.228013932704925537e-01 -4.074676334857940674e-02 1.954034566879272461e-01 -1.685342490673065186e-01 -1.086065471172332764e-01 -8.945724368095397949e-02 2.001261115074157715e-01 2.056818306446075439e-01 -1.698821596801280975e-02 3.719808906316757202e-02
1.695340722799301147e-01 1.106277294456958771e-02 2.561217844486236572e-01 9.619349241256713867e-02 4.726926609873771667e-02 2.147865593433380127e-01 9.726428240537643433e-02 -9.707786142826080322e-02 -1.265867501497268677e-01 -2.170842513442039490e-02 1.623552739620208740e-01 1.026677861809730530e-01 3.120060265064239502e-02 2.121731489896774292e-01 7.759775221347808838e-02 4.394704475998878479e-02 -2.036025822162628174e-01 1.920422017574310303e-01 -2.488596737384796143e-02 6.930246204137802124e-02 -1.634507328271865845e-01 -1.341081559658050537e-01 -5.289422720670700073e-02 -8.036382496356964111e-03 -2.437248229980468750e-01 1.259993463754653931e-01 6.700249016284942627e-02 7.093694806098937988e-02 -1.223851442337036133e-01 -1.121167019009590149e-01 1.696020960807800293e-01 1.258654147386550903e-02
-1.394713968038558960e-01 -1.792654022574424744e-02 -1.700047403573989868e-03 -7.564723491668701172e-03 4.443927854299545288e-02 -5.705324560403823853e-02 1.458566188812255859e-01 2.481045871973037720e-01 9.551170468330383301e-02 -1.153240911662578583e-02 9.187112003564834595e-02 -1.447342634201049805e-01 -1.667467653751373291e-01 -9.714245796203613281e-02 6.273549050092697144e-02 1.536274999380111694e-01 1.863281726837158203e-01 -9.103622287511825562e-03 -2.984702959656715393e-02 -3.601536154747009277e-02 1.989294290542602539e-01 8.744731545448303223e-02 1.219167560338973999e-01 -1.552555263042449951e-01 1.820547133684158325e-01 -1.097602173686027527e-01 -2.512526512145996094e-01 -1.269593536853790283e-01 2.207302749156951904e-01 2.345634400844573975e-01 -7.208128273487091064e-02 -5.033858865499496460e-02
1.349773854017257690e-01 1.319867372512817383e-01 2.578605115413665771e-01 1.235097646713256836e-01 3.124711215496063232e-01 1.428554058074951172e-01 8.794500678777694702e-02 5.683229863643646240e-02 -6.661125272512435913e-02 -5.095341801643371582e-02 2.234106361865997314e-01 1.118866279721260071e-01 5.038844421505928040e-02 1.631726473569869995e-01 2.102533280849456787e-01 8.373953402042388916e-02 1.192787736654281616e-01 2.761957347393035889e-01 -2.248946875333786011e-01 9.235233068466186523e-02 -8.280229568481445312e-02 -3.458906412124633789e-01 -1.044990569353103638e-01 -9.388106316328048706e-02 -3.315765559673309326e-01 -7.220540940761566162e-02 -2.311436980962753296e-01 3.044534325599670410e-01 -1.480175554752349854e-01 -2.226324379444122314e-01 1.598894596099853516e-01 -3.016662001609802246e-01
-2.014085352420806885e-01 -4.037949070334434509e-02 -4.938913509249687195e-02 -9.164004027843475342e-02 -1.276636868715286255e-01 -9.186255186796188354e-02 1.307852566242218018e-01 2.212903499603271484e-01 1.105759441852569580e-01 9.011265635490417480e-02 8.721045404672622681e-02 -1.291458904743194580e-01 -1.725514233112335205e-01 -5.690778419375419617e-02 -1.246587932109832764e-02 1.124542355537414551e-01 1.751420348882675171e-01 -1.541399359703063965e-01 5.106098949909210205e-02 -6.381057202816009521e-02 1.478669494390487671e-01 1.593001186847686768e-01 4.811175167560577393e-02 -1.627419292926788330e-01 2.757654786109924316e-01 -4.207563400268554688e-02 -1.594534516334533691e-01 -1.366627812385559082e-01 1.613203883171081543e-01 2.121552228927612305e-01 -1.049678921699523926e-01 2.640180289745330811e-02
4.670879244804382324e-02 -4.026226326823234558e-02 2.005323022603988647e-01 1.341373622417449951e-01 -7.546085864305496216e-02 9.363333135843276978e-02 7.176651805639266968e-02 8.786559104919433594e-03 -3.530967235565185547e-02 1.079573258757591248e-01 -4.492379352450370789e-02 5.517025291919708252e-02 1.667221076786518097e-02 6.326790153980255127e-02 1.000867858529090881e-01 6.243616715073585510e-02 -5.202594026923179626e-02 2.785088717937469482e-01 -4.664147645235061646e-02 -8.413854241371154785e-02 -1.511678695678710938e-01 4.797379299998283386e-02 5.807244032621383667e-02 -5.602382123470306396e-03 -1.397970914840698242e-01 -3.829153627157211304e-02 -6.514898687601089478e-02 1.113511621952056885e-01 -4.827563464641571045e-02 -3.644219599664211273e-03 1.761326491832733154e-01 9.220148622989654541e-02
2.518829703330993652e-01 7.535184919834136963e-02 2.090744525194168091e-01 1.560144275426864624e-01 6.498959660530090332e-02 2.643327116966247559e-01 1.522818207740783691e-01 -2.077200710773468018e-01 -1.780612617731094360e-01 -7.780242711305618286e-02 8.127713203430175781e-02 1.592302620410919189e-01 -2.173076570034027100e-02 2.337237745523452759e-01 -4.779522866010665894e-02 -7.823357358574867249e-03 -4.067485928535461426e-01 1.624961793422698975e-01 -6.553100049495697021e-02 5.290364101529121399e-02 -1.598920524120330811e-01 -1.036866977810859680e-01 -3.932468593120574951e-02 -2.186574786901473999e-02 -2.936885952949523926e-01 1.396092176437377930e-01 2.638344764709472656e-01 1.068784743547439575e-01 -1.489398181438446045e-01 -1.771281361579895020e-01 2.904817461967468262e-01 8.896844089031219482e-02
-1.486094444990158081e-01 -1.798399165272712708e-02 6.689782440662384033e-02 1.182050071656703949e-02 1.495626270771026611e-01 -4.822526872158050537e-02 1.490572392940521240e-01 2.394971102476119995e-01 9.414759278297424316e-02 6.044690310955047607e-02 3.056992292404174805e-01 -1.215842291712760925e-01 -1.006401032209396362e-01 9.317848831415176392e-02 2.415210306644439697e-01 1.136869192123413086e-01 2.559827864170074463e-01 1.056374758481979370e-01 -7.897206395864486694e-02 7.887862622737884521e-03 -6.639309227466583252e-03 -8.780428022146224976e-02 5.257737636566162109e-02 -2.236319184303283691e-01 5.603516846895217896e-02 -7.623013854026794434e-02 -3.853616118431091309e-01 9.236335754394531250e-04 5.660526454448699951e-02 7.893151789903640747e-02 -7.970064133405685425e-02 -2.135677635669708252e-01
3.521249890327453613e-01 4.107905924320220947e-02 -1.227475851774215698e-01 4.368138015270233154e-01 2.993726171553134918e-02 -3.231991082429885864e-03 1.357164978981018066e-01 -2.908085882663726807e-01 -9.064723551273345947e-02 -1.212123930454254150e-01 -3.280866742134094238e-01 2.198050022125244141e-01 1.149828061461448669e-01 -4.852661117911338806e-02 -1.072189360857009888e-01 -3.270634114742279053e-01 -7.838958501815795898e-02 5.055578947067260742e-01 -3.500108122825622559e-01 -2.287790477275848389e-01 1.208708882331848145e-01 -1.292315721511840820e-01 1.357662379741668701e-01 5.335760116577148438e-02 -4.237902462482452393e-01 -2.149418145418167114e-01 3.420145511627197266e-01 9.498836100101470947e-02 -6.385453790426254272e-02 -1.923696696758270264e-02 2.810400724411010742e-01 1.323450803756713867e-01
1.091763004660606384e-01 5.697708949446678162e-02 -1.039006114006042480e-01 -7.458053529262542725e-02 -2.756690084934234619e-01 1.067086756229400635e-01 -4.421800374984741211e-02 -7.107961177825927734e-02 2.762246876955032349e-02 1.786874793469905853e-02 -2.101552784442901611e-01 7.317364960908889771e-02 -7.716500200331211090e-03 -1.450389772653579712e-01 -3.858062028884887695e-01 3.298920020461082458e-02 -2.460694015026092529e-01 -1.539666652679443359e-01 2.817854844033718109e-02 -2.582855522632598877e-02 1.449073851108551025e-01 1.215263307094573975e-01 3.546139225363731384e-03 6.664704531431198120e-02 1.153792440891265869e-01 1.178607344627380371e-01 4.308067560195922852e-01 -1.613281108438968658e-02 7.451299577951431274e-03 2.475304901599884033e-02 1.371768265962600708e-01 2.296883016824722290e-01
1.717082411050796509e-01 1.223525032401084900e-01 3.306556344032287598e-01 1.765592545270919800e-01 2.985787391662597656e-01 1.795927286148071289e-01 3.815802186727523804e-02 -5.158585309982299805e-02 -4.445353150367736816e-02 -5.005414783954620361e-02 3.893690109252929688e-01 1.694870889186859131e-01 1.464950889348983765e-01 3.505812883377075195e-01 3.127277493476867676e-01 1.532672345638275146e-02 1.260729581117630005e-01 3.054329156875610352e-01 -2.474111914634704590e-01 1.542525589466094971e-01 -2.809961140155792236e-01 -4.632110595703125000e-01 -2.244871407747268677e-01 -1.575213968753814697e-01 -4.588671326637268066e-01 7.027031481266021729e-02 -2.851170301437377930e-01 4.645911157131195068e-01 -2.961420118808746338e-01 -3.476528227329254150e-01 1.538126915693283081e-01 -4.107131063938140869e-01
7.157929241657257080e-02 -6.000254303216934204e-02 6.207601726055145264e-02 2.016750276088714600e-01 -1.832116246223449707e-01 7.356234639883041382e-02 1.057605668902397156e-01 3.364610299468040466e-02 7.678296416997909546e-02 1.636565029621124268e-01 -2.437947988510131836e-01 9.211156517267227173e-02 3.316402062773704529e-02 -7.779321074485778809e-02 -1.272346824407577515e-03 1.612464711070060730e-02 -2.183458581566810608e-02 3.828730583190917969e-01 -1.218030750751495361e-01 -2.120792567729949951e-01 -2.830509468913078308e-02 6.867093592882156372e-02 1.620483696460723877e-01 4.942794516682624817e-02 -1.314087808132171631e-01 -1.483158618211746216e-01 8.181340992450714111e-02 1.544009447097778320e-01 1.548088341951370239e-02 4.549679160118103027e-02 2.457385063171386719e-01 1.514790058135986328e-01
1.199161857366561890e-01 1.114999055862426758e-01 -2.060696780681610107e-01 2.864995896816253662e-01 -1.743270158767700195e-01 2.581081353127956390e-02 1.154798492789268494e-01 4.199926182627677917e-02 1.559053361415863037e-01 1.795910298824310303e-01 -4.520641267299652100e-01 1.188813075423240662e-01 4.344932362437248230e-02 -2.832145392894744873e-01 -1.298326067626476288e-02 -1.967655122280120850e-01 5.540584027767181396e-02 3.220328688621520996e-01 -2.280619293451309204e-01 -2.997651994228363037e-01 2.469328641891479492e-01 -2.727346867322921753e-02 4.253406822681427002e-02 1.410349011421203613e-01 -9.940361976623535156e-02 -1.988506615161895752e-01 2.757720351219177246e-01 1.979741156101226807e-01 -2.330707013607025146e-02 1.021118462085723877e-01 1.454430967569351196e-01 1.051144674420356750e-01
1.987782120704650879e-02 3.444878756999969482e-02 -2.284652888774871826e-01 4.697754979133605957e-02 -2.405103743076324463e-01 -1.261841952800750732e-01 3.205459564924240112e-02 1.651507467031478882e-01 1.745465695858001709e-01 2.341973930597305298e-01 -3.572809696197509766e-01 -2.633564546704292297e-02 3.640171885490417480e-02 -2.208049744367599487e-01 1.925154030323028564e-02 -4.574770480394363403e-02 1.779753714799880981e-01 1.305331885814666748e-01 -1.598199754953384399e-01 -2.466066777706146240e-01 2.205991148948669434e-01 3.802172839641571045e-02 -1.052427198737859726e-02 1.211984381079673767e-01 5.914881080389022827e-02 -1.455853730440139771e-01 6.364755332469940186e-02 1.618344038724899292e-01 7.585760951042175293e-02 1.651040315628051758e-01 -1.329772621393203735e-01 1.329455375671386719e-01
-5.021877586841583252e-02 9.927885234355926514e-02 -3.934907615184783936e-01 -3.548779711127281189e-02 -3.242234289646148682e-01 -2.381051480770111084e-01 6.046883761882781982e-03 2.590374946594238281e-01 2.291064262390136719e-01 2.805912792682647705e-01 -4.082046449184417725e-01 -6.158730387687683105e-02 3.679572045803070068e-02 -3.514851033687591553e-01 8.452660590410232544e-02 -9.727877378463745117e-02 2.690401077270507812e-01 -5.841404199600219727e-02 -1.563539505004882812e-01 -2.464436590671539307e-01 3.228717744350433350e-01 6.308490782976150513e-02 -1.471284478902816772e-01 1.382850408554077148e-01 1.978722661733627319e-01 -1.624390333890914917e-01 3.552899137139320374e-02 1.656076759099960327e-01 1.441332697868347168e-01 2.044384181499481201e-01 -3.360207378864288330e-01 1.401401609182357788e-01
5.395995825529098511e-02 8.567383140325546265e-02 1.328233778476715088e-01 5.532910674810409546e-02 2.171829193830490112e-01 2.509435079991817474e-02 1.160079613327980042e-01 1.641116887331008911e-01 -1.539970189332962036e-02 -1.736187189817428589e-02 1.660477817058563232e-01 -6.877806037664413452e-03 1.063738949596881866e-02 3.184646740555763245e-02 1.305842399597167969e-01 1.114007830619812012e-01 1.562170386314392090e-01 2.137641012668609619e-01 -1.440139710903167725e-01 6.123574823141098022e-02 3.199956566095352173e-02 -2.164298295974731445e-01 -4.550430178642272949e-02 -1.415667831897735596e-01 -1.655980348587036133e-01 -1.009888201951980591e-01 -2.267671227455139160e-01 1.850603222846984863e-01 -5.132409930229187012e-02 -2.058784663677215576e-02 2.976960688829421997e-02 -2.263341546058654785e-01
1.392030417919158936e-01 8.223775774240493774e-03 2.835821509361267090e-01 1.162751764059066772e-01 -1.615941897034645081e-02 2.141624093055725098e-01 6.318732351064682007e-02 -5.145370960235595703e-02 -9.446848928928375244e-02 2.424872480332851410e-02 1.385895609855651855e-01 1.091852411627769470e-01 1.432319078594446182e-02 2.173799276351928711e-01 6.193013489246368408e-02 8.071853220462799072e-02 -1.965742260217666626e-01 2.072059810161590576e-01 -2.838199585676193237e-02 5.693525448441505432e-02 -1.933616399765014648e-01 -5.221737176179885864e-02 -2.245057746767997742e-02 -5.705518275499343872e-02 -2.266795784235000610e-01 4.310405254364013672e-02 2.976242080330848694e-02 5.217330902814865112e-02 -7.507786154747009277e-02 -1.067152842879295349e-01 2.114423066377639771e-01 1.297411136329174042e-02
-1.403872221708297729e-01 -2.280863001942634583e-02 -7.851874828338623047e-02 -1.014950424432754517e-01 -2.967313230037689209e-01 3.214227408170700073e-02 3.238502144813537598e-02 4.775231704115867615e-02 8.766852319240570068e-02 9.910941869020462036e-02 3.068853169679641724e-03 -1.396611332893371582e-02 -1.104590371251106262e-01 -6.661747395992279053e-02 -1.989560127258300781e-01 1.819062605500221252e-02 -1.093655824661254883e-01 -2.164328843355178833e-01 1.060905307531356812e-01 -4.728835076093673706e-02 7.870725542306900024e-02 1.854344308376312256e-01 1.471168734133243561e-02 -2.849248796701431274e-02 2.634644210338592529e-01 1.357402354478836060e-01 1.723579317331314087e-01 -1.175323948264122009e-01 6.033196300268173218e-02 9.483233839273452759e-02 3.398660570383071899e-03 1.632973700761795044e-01
-6.566940248012542725e-02 -1.076814532279968262e-01 4.745757579803466797e-02 4.005643725395202637e-02 -9.802936017513275146e-02 -1.763203442096710205e-01 -1.731280237436294556e-02 1.402114927768707275e-01 3.907540440559387207e-02 1.704627275466918945e-01 -1.204957291483879089e-01 -5.361881479620933533e-02 8.110579103231430054e-02 -2.521561458706855774e-02 1.679814755916595459e-01 2.331316843628883362e-02 2.076584547758102417e-01 1.597910076379776001e-01 -6.852243095636367798e-02 -1.645164042711257935e-01 -1.696870848536491394e-02 9.702980518341064453e-02 -8.641537278890609741e-03 2.031370252370834351e-02 5.590826272964477539e-02 -9.461735188961029053e-02 -2.199203222990036011e-01 7.695858925580978394e-02 6.993591785430908203e-03 1.577070355415344238e-01 -3.894675523042678833e-02 9.643118083477020264e-02
-2.692266404628753662e-01 -1.137344837188720703e-01 3.553422167897224426e-02 -2.392288744449615479e-01 -1.740936562418937683e-02 -4.175779223442077637e-02 -5.584179610013961792e-02 2.743698656558990479e-03 2.680902555584907532e-02 -5.855454504489898682e-02 2.944254577159881592e-01 -6.825497746467590332e-02 -1.207082122564315796e-01 9.981250017881393433e-02 3.740444779396057129e-03 -3.428807854652404785e-02 -7.519930601119995117e-03 -4.281938374042510986e-01 1.812869459390640259e-01 -2.688217908143997192e-02 -3.556646406650543213e-02 8.985760807991027832e-02 -1.109238266944885254e-01 -1.369143426418304443e-01 2.547753155231475830e-01 1.470716893672943115e-01 -1.583359837532043457e-01 -2.042938023805618286e-01 3.101192414760589600e-02 8.752169460058212280e-02 -1.213065162301063538e-01 -2.355590462684631348e-03
-3.752997815608978271e-01 -1.409885287284851074e-01 1.402102038264274597e-02 -2.789237499237060547e-01 -1.788466721773147583e-01 -3.465254604816436768e-02 2.970254421234130859e-02 1.181325390934944153e-01 8.902805298566818237e-02 1.290517002344131470e-01 2.273034453392028809e-01 -1.156788915395736694e-01 -2.324954718351364136e-01 4.552200064063072205e-02 4.119085520505905151e-02 3.779305517673492432e-02 4.350157082080841064e-02 -3.991780877113342285e-01 1.531404107809066772e-01 -1.132696419954299927e-01 2.549685165286064148e-02 2.130581736564636230e-01 -3.504429757595062256e-02 -1.940883696079254150e-01 3.781451284885406494e-01 4.996609687805175781e-02 -2.363486140966415405e-01 -2.348294407129287720e-01 1.189813688397407532e-01 1.206327453255653381e-01 -1.150698885321617126e-01 2.115061320364475250e-02
1.399720013141632080e-01 1.054570972919464111e-01 1.740928888320922852e-01 3.525107726454734802e-02 1.774052530527114868e-01 1.009658947587013245e-01 1.782060563564300537e-01 2.110136747360229492e-01 -2.143397182226181030e-02 4.933607578277587891e-02 9.093100577592849731e-02 1.695190370082855225e-02 2.778512192890048027e-03 9.079715237021446228e-03 3.849058598279953003e-02 1.964478194713592529e-01 1.053300946950912476e-01 2.654950618743896484e-01 -1.672477126121520996e-01 1.042868494987487793e-01 8.778776228427886963e-02 -1.810645759105682373e-01 -6.718710064888000488e-04 -7.969533652067184448e-02 -1.899319887161254883e-01 -1.472251415252685547e-01 -1.379305571317672729e-01 2.430445998907089233e-01 -1.296698860824108124e-02 -2.193061262369155884e-02 5.556718260049819946e-02 -1.316513568162918091e-01
2.319978177547454834e-01 1.777693033218383789e-01 4.034726619720458984e-01 1.343619674444198608e-01 3.066893219947814941e-01 2.591280937194824219e-01 5.026357620954513550e-02 2.722404897212982178e-02 -5.110369622707366943e-02 -2.448025345802307129e-02 2.507565915584564209e-01 2.008638978004455566e-01 8.342444896697998047e-02 2.499672919511795044e-01 2.116229534149169922e-01 7.467344403266906738e-02 2.180416136980056763e-02 3.610822558403015137e-01 -2.473074048757553101e-01 1.409023702144622803e-01 -1.876427829265594482e-01 -4.154198169708251953e-01 -1.324998885393142700e-01 -5.621763318777084351e-02 -4.634772837162017822e-01 3.194659948348999023e-03 -1.984222531318664551e-01 4.124346673488616943e-01 -2.468629181385040283e-01 -3.168208897113800049e-01 2.500052154064178467e-01 -3.500640690326690674e-01
2.807214558124542236e-01 5.241508036851882935e-02 -6.592738628387451172e-02 4.422149062156677246e-01 -5.747385323047637939e-02 1.351385414600372314e-01 1.922152340412139893e-01 -1.949513852596282959e-01 -5.367277562618255615e-02 -1.427376456558704376e-02 -3.540534377098083496e-01 2.077566385269165039e-01 4.864534363150596619e-02 -1.191952675580978394e-01 -9.451435506343841553e-02 -2.912657260894775391e-01 -1.208134442567825317e-01 5.226863622665405273e-01 -3.229750990867614746e-01 -2.713593542575836182e-01 1.694697737693786621e-01 -1.498565375804901123e-01 1.502149701118469238e-01 8.970476686954498291e-02 -3.701742887496948242e-01 -1.843522787094116211e-01 4.225697219371795654e-01 2.125368267297744751e-01 -8.851356059312820435e-02 -2.867773734033107758e-02 4.119533002376556396e-01 1.133378818631172180e-01
3.098829276859760284e-02 -9.171134978532791138e-02 2.830676436424255371e-01 -3.451913967728614807e-02 6.613576412200927734e-02 8.461403846740722656e-02 3.439141809940338135e-02 -5.608826875686645508e-03 -8.481162786483764648e-02 8.704911917448043823e-03 2.031733989715576172e-01 4.251641035079956055e-02 2.285696566104888916e-02 2.284409254789352417e-01 1.655888855457305908e-01 1.285663396120071411e-01 -5.345759168267250061e-02 8.287101984024047852e-02 4.245848953723907471e-02 4.206855967640876770e-02 -2.199119329452514648e-01 1.229935884475708008e-02 -3.279044106602668762e-02 -5.144862085580825806e-02 -9.932778775691986084e-02 3.543528914451599121e-02 -1.956994533538818359e-01 -1.016844343394041061e-02 -4.032300412654876709e-02 -4.738066717982292175e-02 6.394476443529129028e-02 -1.397312432527542114e-02
-4.242623597383499146e-02 -1.421973481774330139e-02 -5.792606249451637268e-02 6.755322217941284180e-02 -2.276882827281951904e-01 -8.660077303647994995e-02 5.791763216257095337e-02 1.905042827129364014e-01 1.079990416765213013e-01 2.382325679063796997e-01 -2.756004333496093750e-01 4.595518112182617188e-04 5.566919222474098206e-02 -1.786775439977645874e-01 9.430328756570816040e-02 -1.573117636144161224e-02 1.565571278333663940e-01 1.977286934852600098e-01 -8.741726726293563843e-02 -2.016310393810272217e-01 9.770061075687408447e-02 5.419801175594329834e-02 -1.705954410135746002e-02 6.923872977495193481e-02 7.343580573797225952e-02 -1.139332652091979980e-01 -5.025554075837135315e-02 1.661184877157211304e-01 4.151930660009384155e-02 1.491364836692810059e-01 -2.252573706209659576e-02 1.567039638757705688e-01
2.636729776859283447e-01 5.904456600546836853e-02 2.188292145729064941e-01 2.173865288496017456e-01 -1.606167852878570557e-02 3.018130958080291748e-01 1.548928022384643555e-01 -1.681142449378967285e-01 -1.403551101684570312e-01 -3.966817259788513184e-02 4.930759221315383911e-02 1.474371254444122314e-01 -1.793454401195049286e-02 1.870669573545455933e-01 -1.754806004464626312e-02 -1.664750650525093079e-02 -3.608426749706268311e-01 2.648905813694000244e-01 -1.033725589513778687e-01 2.419042214751243591e-02 -1.368625909090042114e-01 -1.143569424748420715e-01 1.849646307528018951e-02 -3.017780184745788574e-02 -2.993325591087341309e-01 7.912823557853698730e-02 2.624780833721160889e-01 1.128883361816406250e-01 -8.356896042823791504e-02 -1.339978575706481934e-01 3.361339867115020752e-01 6.217808276414871216e-02
7.650984823703765869e-02 2.442095614969730377e-02 -3.061642646789550781e-01 1.167627274990081787e-01 -1.549366116523742676e-01 -1.541724801063537598e-01 5.555389076471328735e-02 6.195354461669921875e-02 1.537796407938003540e-01 1.527078896760940552e-01 -3.703768551349639893e-01 3.187107294797897339e-02 7.315581291913986206e-02 -2.449064403772354126e-01 4.572384059429168701e-02 -1.279502958059310913e-01 1.706647425889968872e-01 1.192723065614700317e-01 -2.033437788486480713e-01 -2.634669244289398193e-01 2.326209694147109985e-01 5.551384016871452332e-02 -6.448104977607727051e-04 1.373597383499145508e-01 1.732095330953598022e-02 -2.053535282611846924e-01 1.444735825061798096e-01 1.064623743295669556e-01 9.935147315263748169e-02 1.482411921024322510e-01 -9.976328909397125244e-02 9.554682672023773193e-02
-4.983468353748321533e-02 -4.321259632706642151e-02 -8.115251362323760986e-02 -1.166590005159378052e-01 -2.229286730289459229e-01 -7.880195975303649902e-03 6.160400062799453735e-02 -8.788242936134338379e-03 4.784848541021347046e-02 2.500152029097080231e-02 -8.221362531185150146e-02 -3.455322235822677612e-03 -6.818304955959320068e-02 -8.755981922149658203e-02 -2.698590159416198730e-01 1.076767742633819580e-01 -1.154091358184814453e-01 -1.939681917428970337e-01 6.214259564876556396e-02 -7.193683087825775146e-02 1.353784799575805664e-01 1.837399601936340332e-01 4.669861495494842529e-02 -7.378878444433212280e-02 2.239595055580139160e-01 6.387101113796234131e-02 1.800526827573776245e-01 -1.315673142671585083e-01 8.807599544525146484e-02 9.079325199127197266e-02 2.705809101462364197e-02 1.673792302608489990e-01
-1.373638510704040527e-01 -6.301125511527061462e-03 -6.083108112215995789e-02 -8.528797328472137451e-02 -2.138455212116241455e-01 -5.112778395414352417e-02 1.051123812794685364e-01 1.544924080371856689e-01 7.381565868854522705e-02 1.106011793017387390e-01 -8.017508313059806824e-03 -7.393132150173187256e-02 -1.134574636816978455e-01 -7.954393327236175537e-02 -1.166111677885055542e-01 9.893138706684112549e-02 6.671551614999771118e-03 -1.504719853401184082e-01 4.847646504640579224e-02 -6.940369307994842529e-02 1.473363935947418213e-01 1.797590106725692749e-01 3.389919549226760864e-02 -1.001366749405860901e-01 2.769509255886077881e-01 1.226274669170379639e-02 2.211027964949607849e-02 -9.998204559087753296e-02 1.060936376452445984e-01 1.435465216636657715e-01 -2.134750224649906158e-02 1.028169840574264526e-01
1.884129494428634644e-01 -6.021758168935775757e-02 1.303043514490127563e-01 1.247707158327102661e-01 6.096857786178588867e-02 -2.200105786323547363e-02 6.059951335191726685e-02 -1.072304397821426392e-01 -8.622288703918457031e-02 -1.904973573982715607e-02 -2.079962752759456635e-02 7.463846355676651001e-02 8.360961824655532837e-02 1.004754006862640381e-01 5.466675013303756714e-02 1.242763921618461609e-02 4.996955394744873047e-04 3.195722699165344238e-01 -1.083555445075035095e-01 -8.813177049160003662e-02 -1.237797588109970093e-01 -1.365068554878234863e-02 6.387622654438018799e-02 -2.357911318540573120e-02 -2.424531430006027222e-01 -5.154764279723167419e-02 -3.473855555057525635e-02 5.135715752840042114e-02 -4.057098925113677979e-02 1.450703665614128113e-02 1.249853819608688354e-01 7.480265200138092041e-02
-1.187180653214454651e-01 7.026385515928268433e-02 -3.700121939182281494e-01 -8.719964325428009033e-02 -2.857699990272521973e-01 -3.374464809894561768e-01 -6.225311011075973511e-02 2.922952771186828613e-01 2.140986472368240356e-01 2.782652378082275391e-01 -3.110777437686920166e-01 -1.289449036121368408e-01 5.836957693099975586e-02 -2.943259179592132568e-01 1.195331439375877380e-01 -8.400630205869674683e-02 3.492865860462188721e-01 -1.069569513201713562e-01 -1.405878961086273193e-01 -2.318183481693267822e-01 3.107556402683258057e-01 4.949976503849029541e-02 -1.998441815376281738e-01 1.193263903260231018e-01 2.523004412651062012e-01 -1.194418147206306458e-01 -8.059521019458770752e-02 1.326890587806701660e-01 1.304789483547210693e-01 2.568680346012115479e-01 -4.171304106712341309e-01 9.975195676088333130e-02
2.276322096586227417e-01 1.043423786759376526e-01 3.357938677072525024e-02 2.030438929796218872e-02 -6.775988638401031494e-02 7.716511189937591553e-02 1.537214815616607666e-01 2.036422491073608398e-01 2.695306017994880676e-02 1.282272785902023315e-01 -6.248318031430244446e-02 5.048308521509170532e-03 6.071737408638000488e-02 -1.590797305107116699e-01 -1.437041163444519043e-01 2.464959323406219482e-01 6.439553946256637573e-02 1.975729465484619141e-01 -1.408972591161727905e-01 1.104182004928588867e-01 2.313763797283172607e-01 -5.236102640628814697e-02 1.413890533149242401e-02 5.745781213045120239e-02 -1.052558794617652893e-01 -1.497100293636322021e-01 6.116614118218421936e-02 2.376801520586013794e-01 -1.679010875523090363e-02 8.687724173069000244e-02 3.306214511394500732e-02 2.995179407298564911e-02
-9.038215130567550659e-02 -1.148116141557693481e-01 -3.652472048997879028e-03 -1.106230914592742920e-02 -9.391878545284271240e-02 -2.207086980342864990e-01 -3.081466630101203918e-02 1.591538190841674805e-01 4.438822343945503235e-02 1.490925103425979614e-01 -7.428608834743499756e-02 -7.579653710126876831e-02 7.165457308292388916e-02 -5.066999420523643494e-02 2.257552146911621094e-01 2.416361495852470398e-02 2.382611334323883057e-01 9.237055480480194092e-02 -4.037472978234291077e-02 -1.345663517713546753e-01 -3.726312518119812012e-02 1.253715902566909790e-01 -7.423737645149230957e-02 5.270489305257797241e-02 7.498522102832794189e-02 -1.097533777356147766e-01 -2.767327427864074707e-01 5.915819853544235229e-02 6.595816463232040405e-02 1.341080367565155029e-01 -1.197235360741615295e-01 8.622768521308898926e-02
-3.168380819261074066e-03 -7.833983004093170166e-02 4.665653407573699951e-02 7.029311358928680420e-02 -1.576609760522842407e-01 -5.427160859107971191e-02 6.859912723302841187e-02 1.083083450794219971e-01 6.679987907409667969e-02 1.607740819454193115e-01 -2.189395129680633545e-01 1.651513576507568359e-02 4.935751855373382568e-02 -5.160064622759819031e-02 9.675841778516769409e-02 5.943420156836509705e-02 9.520547091960906982e-02 2.605389356613159180e-01 -6.071884185075759888e-02 -1.876766979694366455e-01 -3.449323400855064392e-02 1.209209114313125610e-01 7.586516439914703369e-02 5.362537503242492676e-02 -1.372065767645835876e-02 -1.214637160301208496e-01 -1.116814017295837402e-01 1.188611984252929688e-01 2.302924171090126038e-02 1.347995698451995850e-01 2.685706689953804016e-02 1.787136942148208618e-01
-1.298554241657257080e-01 -1.873163282871246338e-01 2.835939526557922363e-01 -1.625108420848846436e-01 7.347000390291213989e-02 -5.256771296262741089e-02 -8.976832032203674316e-04 7.333103567361831665e-02 -1.667639613151550293e-02 5.594017356634140015e-02 3.069897592067718506e-01 -4.504374042153358459e-02 -1.139714149758219719e-03 2.358394563198089600e-01 2.825604379177093506e-01 1.581365615129470825e-01 1.559753268957138062e-01 -6.020297855138778687e-02 9.904069453477859497e-02 4.857704788446426392e-02 -1.510529965162277222e-01 3.203359618782997131e-02 -1.095920503139495850e-01 -6.697655469179153442e-02 1.541794836521148682e-02 3.099146485328674316e-02 -4.563433229923248291e-01 -4.862872511148452759e-02 2.146703749895095825e-02 3.653858602046966553e-02 -9.378851205110549927e-02 -7.831206172704696655e-02
-8.779370784759521484e-02 8.289861492812633514e-03 9.713745117187500000e-02 6.194509938359260559e-02 1.180055439472198486e-01 1.397825777530670166e-02 1.452054679393768311e-01 2.616652250289916992e-01 1.065642461180686951e-01 3.137215971946716309e-02 1.906922757625579834e-01 -9.577456861734390259e-02 -9.882251918315887451e-02 3.758434206247329712e-03 1.719620525836944580e-01 1.492253094911575317e-01 1.688950359821319580e-01 1.515610665082931519e-01 -5.572407692670822144e-02 3.076062723994255066e-02 1.051434278488159180e-01 -4.410727322101593018e-02 1.266090273857116699e-01 -1.268378794193267822e-01 6.698200851678848267e-02 -1.394270062446594238e-01 -2.791232168674468994e-01 -7.849010638892650604e-03 1.104352548718452454e-01 1.170094385743141174e-01 -1.407532021403312683e-03 -1.723359972238540649e-01
1.883983612060546875e-01 5.643111839890480042e-02 1.444226801395416260e-01 -1.634320244193077087e-02 7.233212888240814209e-02 1.421195566654205322e-01 6.860683113336563110e-02 -1.830091178417205811e-01 -1.685079038143157959e-01 -1.720919758081436157e-01 1.793537735939025879e-01 1.328077316284179688e-01 -2.708983374759554863e-03 2.541669607162475586e-01 -7.144248485565185547e-02 -1.439875271171331406e-02 -3.124746680259704590e-01 -7.193792611360549927e-02 3.767727315425872803e-02 5.533792451024055481e-02 -1.585539728403091431e-01 -1.170505806803703308e-01 -1.060713902115821838e-01 -8.539079874753952026e-02 -1.398623287677764893e-01 2.056647688150405884e-01 1.918574571609497070e-01 -1.732620596885681152e-02 -7.684174925088882446e-02 -1.569885909557342529e-01 9.750197082757949829e-02 4.204715043306350708e-02
3.184596598148345947e-01 9.727914631366729736e-02 1.539724022150039673e-01 3.178004026412963867e-01 9.276126325130462646e-02 1.762201488018035889e-01 1.805886626243591309e-01 -2.202230989933013916e-01 -1.876726001501083374e-01 -8.762781322002410889e-02 -6.487603485584259033e-02 1.907253563404083252e-01 2.908106520771980286e-02 1.372450292110443115e-01 -4.040865972638130188e-02 -1.531964093446731567e-01 -2.797931134700775146e-01 3.680627942085266113e-01 -1.769050657749176025e-01 -6.083317101001739502e-02 -3.128060325980186462e-02 -2.010031044483184814e-01 -2.799164131283760071e-02 -1.306454837322235107e-02 -3.633570075035095215e-01 5.074058473110198975e-02 3.043341040611267090e-01 1.553920656442642212e-01 -1.719573140144348145e-01 -1.275320649147033691e-01 3.235824704170227051e-01 5.082660913467407227e-02
5.728479027748107910e-01 3.189828395843505859e-01 -2.207099497318267822e-01 3.128044307231903076e-01 -2.279599308967590332e-01 2.215657941997051239e-02 -6.619781255722045898e-02 -2.897886037826538086e-01 -1.854239404201507568e-01 -1.119110137224197388e-01 -5.719138383865356445e-01 2.723568677902221680e-01 3.802905082702636719e-01 -2.861732542514801025e-01 -5.531401634216308594e-01 -2.090701609849929810e-01 -2.654152512550354004e-01 1.472088098526000977e-01 -1.996615976095199585e-01 1.205272823572158813e-01 4.794064164161682129e-01 -1.605577468872070312e-01 -3.057551383972167969e-01 3.271491527557373047e-01 -3.173516988754272461e-01 3.056327998638153076e-02 9.269055724143981934e-01 4.471542239189147949e-01 -2.333530783653259277e-01 -1.449043452739715576e-01 2.438113689422607422e-01 2.564780116081237793e-01
-2.713567391037940979e-02 9.956689551472663879e-03 1.104067564010620117e-01 2.300709672272205353e-02 4.881068319082260132e-02 9.053210914134979248e-02 1.513488888740539551e-01 2.798087894916534424e-01 9.488644450902938843e-02 7.217779755592346191e-02 1.405655443668365479e-01 -7.449252158403396606e-02 -1.083332225680351257e-01 -2.147212252020835876e-02 8.783840388059616089e-02 2.092333287000656128e-01 1.066368669271469116e-01 1.622436344623565674e-01 -7.192994654178619385e-02 4.530429095029830933e-02 9.573207795619964600e-02 3.016148507595062256e-02 1.217985302209854126e-01 -9.442029148340225220e-02 6.936298310756683350e-02 -1.607071310281753540e-01 -2.329448312520980835e-01 5.149161443114280701e-03 1.143049970269203186e-01 1.198438331484794617e-01 5.465009808540344238e-02 -1.140221804380416870e-01
3.021590970456600189e-02 1.035247445106506348e-01 -3.301799893379211426e-01 5.228634923696517944e-02 -3.395790457725524902e-01 -9.550570696592330933e-02 7.731444388628005981e-02 1.965360790491104126e-01 2.231124341487884521e-01 2.744504511356353760e-01 -4.620204865932464600e-01 4.448506981134414673e-03 2.881003171205520630e-02 -3.298870921134948730e-01 -1.751959882676601410e-02 -9.312897920608520508e-02 1.416701376438140869e-01 9.811230003833770752e-02 -1.967792659997940063e-01 -2.771078646183013916e-01 3.217728137969970703e-01 1.542317494750022888e-02 -5.297919735312461853e-03 1.258605867624282837e-01 8.232098072767257690e-02 -1.716067194938659668e-01 1.943024694919586182e-01 2.129505574703216553e-01 1.115483865141868591e-01 1.825755834579467773e-01 -1.413326412439346313e-01 1.745009720325469971e-01
2.271421551704406738e-01 9.565742313861846924e-02 1.009664237499237061e-01 4.318721219897270203e-02 -3.182397782802581787e-02 1.765160262584686279e-01 1.703786551952362061e-01 2.140724360942840576e-01 5.141648650169372559e-02 1.020938381552696228e-01 -1.214710175991058350e-01 2.693754434585571289e-02 -3.449772670865058899e-02 -1.503177434206008911e-01 -1.689704358577728271e-01 3.085271120071411133e-01 2.201735973358154297e-03 2.398188412189483643e-01 -1.248624473810195923e-01 1.002841740846633911e-01 2.436286658048629761e-01 2.125461399555206299e-02 8.659040182828903198e-02 9.159824997186660767e-02 -9.697149693965911865e-02 -1.828791201114654541e-01 4.147154465317726135e-02 1.766761541366577148e-01 6.845023483037948608e-02 9.834261983633041382e-02 1.058159619569778442e-01 7.917848229408264160e-02
-7.321950048208236694e-02 -7.814623415470123291e-02 2.109239846467971802e-01 -1.747184246778488159e-01 1.722095161676406860e-02 1.232239305973052979e-01 2.835762500762939453e-02 -6.366881728172302246e-02 -6.977383047342300415e-02 -4.943055287003517151e-02 3.720205724239349365e-01 4.278063029050827026e-02 -6.080529093742370605e-02 2.598218917846679688e-01 1.078448519110679626e-01 4.371577128767967224e-02 -1.418354660272598267e-01 -2.476559877395629883e-01 1.266356855630874634e-01 8.832260221242904663e-02 -1.501583755016326904e-01 -7.178948074579238892e-02 -1.471231132745742798e-01 -8.076322823762893677e-02 3.142234683036804199e-02 2.098168879747390747e-01 -1.185602098703384399e-01 -6.135950982570648193e-02 -7.704533636569976807e-02 -1.141271367669105530e-01 -4.211522638797760010e-03 -5.022030323743820190e-02
-9.125907719135284424e-02 -1.110309660434722900e-01 3.330976963043212891e-01 -1.045680940151214600e-01 2.885842137038707733e-02 5.627481266856193542e-02 2.043360471725463867e-02 7.626287639141082764e-02 -2.245840430259704590e-02 8.531456440687179565e-02 2.706597745418548584e-01 -8.125066757202148438e-03 -2.708623185753822327e-02 2.435672134160995483e-01 2.367514669895172119e-01 1.528918594121932983e-01 3.640275076031684875e-02 -1.674404740333557129e-02 1.112240627408027649e-01 4.809579625725746155e-02 -1.661025732755661011e-01 8.271522819995880127e-03 -8.791882544755935669e-02 -6.642728298902511597e-02 -4.363819956779479980e-03 5.756321549415588379e-02 -3.635839223861694336e-01 -5.440849810838699341e-03 -4.603024572134017944e-02 -1.341983396559953690e-02 2.766226418316364288e-02 -5.846343934535980225e-02
1.247892677783966064e-01 -4.272796586155891418e-02 8.781658113002777100e-02 2.176208645105361938e-01 -6.951331347227096558e-02 4.141591116786003113e-02 9.421186894178390503e-02 -6.641316413879394531e-02 1.507134363055229187e-02 5.765698850154876709e-02 -1.453945338726043701e-01 8.418770879507064819e-02 5.247623100876808167e-02 2.673671767115592957e-02 1.465613022446632385e-02 7.957935333251953125e-03 -2.874895557761192322e-02 3.878546357154846191e-01 -1.133274808526039124e-01 -1.584699898958206177e-01 -1.019997745752334595e-01 4.471353441476821899e-02 1.354810893535614014e-01 4.798147454857826233e-02 -2.308603376150131226e-01 -1.212241500616073608e-01 4.311580583453178406e-02 8.242719620466232300e-02 -3.503983467817306519e-02 1.315524987876415253e-02 1.858444958925247192e-01 9.768791496753692627e-02
5.850971490144729614e-02 1.816102862358093262e-02 -9.860792756080627441e-02 -9.907254576683044434e-02 -1.862599700689315796e-01 3.989655897021293640e-02 -6.475044041872024536e-02 -1.302009522914886475e-01 -7.302928715944290161e-02 -6.690295785665512085e-02 -1.030025780200958252e-01 8.377807587385177612e-02 2.528578974306583405e-02 -8.238278329372406006e-02 -3.211256861686706543e-01 -4.989439249038696289e-02 -2.153461873531341553e-01 -2.249501794576644897e-01 5.772514641284942627e-02 -2.136825770139694214e-02 7.259028404951095581e-02 6.248495727777481079e-02 -7.333760708570480347e-02 4.237085580825805664e-03 9.875655174255371094e-02 2.296240180730819702e-01 4.111222922801971436e-01 -2.443714439868927002e-02 -4.276366904377937317e-02 7.238943129777908325e-03 1.046385690569877625e-01 1.727710962295532227e-01
-4.225707612931728363e-03 -1.051747649908065796e-01 2.252337336540222168e-01 -4.878677800297737122e-02 8.181606233119964600e-02 -4.735165834426879883e-02 5.666253715753555298e-02 -9.610526263713836670e-03 -5.077490210533142090e-02 3.516224026679992676e-02 2.023544907569885254e-01 -1.266863942146301270e-02 3.038530610501766205e-02 1.864934861660003662e-01 2.422512769699096680e-01 8.860713243484497070e-02 8.385196328163146973e-02 9.279769659042358398e-02 3.273721784353256226e-02 1.166513189673423767e-02 -1.304939240217208862e-01 -1.750496029853820801e-02 -8.930590748786926270e-02 -2.166780084371566772e-02 -8.528985083103179932e-02 6.522908806800842285e-02 -2.928127646446228027e-01 2.581105567514896393e-02 -5.260698497295379639e-02 4.251065850257873535e-02 -2.347898669540882111e-02 -2.476688101887702942e-02
6.716647744178771973e-02 -8.146672695875167847e-02 1.588506251573562622e-01 5.780649185180664062e-02 5.198244377970695496e-02 -4.885204136371612549e-02 3.529529273509979248e-02 -2.021232247352600098e-02 -9.913839399814605713e-02 6.646765395998954773e-03 3.456360474228858948e-02 5.630597472190856934e-03 6.906799972057342529e-02 9.848465025424957275e-02 2.043933570384979248e-01 2.780482172966003418e-03 7.048320770263671875e-02 1.641901284456253052e-01 -4.042095318436622620e-02 -4.149559885263442993e-02 -1.248424053192138672e-01 -1.798708736896514893e-02 -4.504676163196563721e-02 -2.157297730445861816e-02 -1.143679693341255188e-01 -1.879545301198959351e-02 -2.006735205650329590e-01 2.661149390041828156e-02 -5.395673215389251709e-02 3.362829238176345825e-02 2.339539118111133575e-02 4.243456199765205383e-02
7.675842940807342529e-02 -2.651667594909667969e-02 1.611186563968658447e-01 1.539035290479660034e-01 -6.707038730382919312e-02 4.553798213601112366e-02 6.377696245908737183e-02 5.746804177761077881e-03 -2.052345871925354004e-02 1.157068982720375061e-01 -1.057629957795143127e-01 5.986377596855163574e-02 4.419595748186111450e-02 2.442993223667144775e-02 6.536202877759933472e-02 1.620574295520782471e-02 7.433604449033737183e-03 3.181652724742889404e-01 -5.878840386867523193e-02 -1.264150440692901611e-01 -1.047350913286209106e-01 1.132310926914215088e-02 5.929996073246002197e-02 1.152589172124862671e-02 -1.402059793472290039e-01 -4.967032372951507568e-02 -5.402351915836334229e-02 1.188073903322219849e-01 -7.411619275808334351e-02 3.001206740736961365e-02 1.733536869287490845e-01 7.925456017255783081e-02
-6.717632710933685303e-02 2.792767062783241272e-02 9.992131590843200684e-02 4.720526933670043945e-02 1.695197075605392456e-01 -1.475233212113380432e-02 1.277788281440734863e-01 2.356577217578887939e-01 6.528702378273010254e-02 1.883307658135890961e-02 2.022311389446258545e-01 -7.899007946252822876e-02 -5.602476000785827637e-02 3.472500294446945190e-02 1.875135600566864014e-01 1.132679134607315063e-01 2.251076549291610718e-01 1.595846116542816162e-01 -8.420887589454650879e-02 4.203690961003303528e-02 8.017000555992126465e-02 -1.465136706829071045e-01 6.615445762872695923e-02 -1.540884673595428467e-01 -1.467290520668029785e-02 -1.103320270776748657e-01 -2.682007253170013428e-01 6.691886484622955322e-02 5.776455253362655640e-02 7.795368134975433350e-02 -4.516424238681793213e-02 -1.872439831495285034e-01
-7.518010586500167847e-02 3.063924238085746765e-02 2.409233599901199341e-01 9.249596297740936279e-02 2.681357860565185547e-01 4.419697448611259460e-02 8.305228501558303833e-02 8.868850767612457275e-02 1.779561489820480347e-02 -1.189774367958307266e-02 3.807824254035949707e-01 3.112987428903579712e-02 -2.617489919066429138e-02 2.510703206062316895e-01 3.157799839973449707e-01 6.921169161796569824e-02 1.826908439397811890e-01 2.048641443252563477e-01 -1.828303337097167969e-01 6.380413472652435303e-02 -1.604506522417068481e-01 -3.199342787265777588e-01 -7.966643571853637695e-02 -2.030398249626159668e-01 -2.253517657518386841e-01 2.613019943237304688e-02 -3.614943623542785645e-01 2.211928516626358032e-01 -1.014048829674720764e-01 -1.513462066650390625e-01 3.062327951192855835e-02 -3.378500640392303467e-01
1.829825341701507568e-03 -7.334095984697341919e-02 2.601260840892791748e-01 -1.077568978071212769e-01 1.176880076527595520e-01 1.390883028507232666e-01 8.768290281295776367e-03 -9.141565859317779541e-02 -1.067807972431182861e-01 -1.130666211247444153e-01 3.492714166641235352e-01 4.861313104629516602e-02 -3.066878765821456909e-02 3.058519363403320312e-01 9.326869994401931763e-02 1.156163066625595093e-01 -1.567060947418212891e-01 -1.960309147834777832e-01 8.907356113195419312e-02 1.013537198305130005e-01 -2.008931785821914673e-01 -3.920562565326690674e-03 -9.759062528610229492e-02 -1.184721365571022034e-01 -3.437618166208267212e-02 1.193795353174209595e-01 -9.019891917705535889e-02 -1.067488342523574829e-01 -1.140391454100608826e-03 -1.436386704444885254e-01 3.802952170372009277e-02 -5.367701500654220581e-02
3.801794648170471191e-01 1.154227778315544128e-01 7.148618251085281372e-02 3.997767269611358643e-01 6.095432490110397339e-02 2.167409062385559082e-01 2.215413749217987061e-01 -3.019275963306427002e-01 -1.985600143671035767e-01 -1.017898619174957275e-01 -1.223827153444290161e-01 2.382797598838806152e-01 4.825422540307044983e-02 1.208889782428741455e-01 -1.313968747854232788e-01 -1.957748085260391235e-01 -3.868138492107391357e-01 3.738562762737274170e-01 -2.472766488790512085e-01 -2.788969129323959351e-02 2.388807013630867004e-03 -1.829915046691894531e-01 -1.569840125739574432e-02 1.886009797453880310e-02 -4.267500936985015869e-01 5.087323486804962158e-03 4.872561991214752197e-01 1.612286418676376343e-01 -1.243248283863067627e-01 -2.029621601104736328e-01 3.982868492603302002e-01 5.751912295818328857e-02
-5.817145109176635742e-02 -1.113143749535083771e-02 -1.100763380527496338e-01 -1.192115247249603271e-01 -2.488981783390045166e-01 -7.302717119455337524e-02 5.040629953145980835e-02 4.910771921277046204e-02 4.643461480736732483e-02 1.041264384984970093e-01 -3.570145741105079651e-02 -4.810091853141784668e-02 -3.153389692306518555e-02 -8.660510182380676270e-02 -2.143550813198089600e-01 4.595596715807914734e-02 -2.628717198967933655e-02 -1.899408251047134399e-01 9.125686436891555786e-02 -8.372849225997924805e-02 1.309202313423156738e-01 1.136148273944854736e-01 -1.289070770144462585e-02 -8.784126490354537964e-02 2.106367647647857666e-01 1.426600515842437744e-01 1.736209690570831299e-01 -4.759618267416954041e-02 1.779907196760177612e-02 1.469617486000061035e-01 -3.307802975177764893e-02 1.224922463297843933e-01
5.864464491605758667e-02 -8.306508511304855347e-02 2.863680124282836914e-01 -3.415481373667716980e-02 1.215103343129158020e-01 5.912168323993682861e-02 5.443919450044631958e-02 -4.331342875957489014e-02 -5.191946774721145630e-02 -2.411827817559242249e-02 2.295726537704467773e-01 5.365228652954101562e-02 2.706546522676944733e-02 2.660174071788787842e-01 1.401389837265014648e-01 1.538113802671432495e-01 -4.502441734075546265e-03 1.078432649374008179e-01 5.553819239139556885e-02 4.929023981094360352e-02 -1.761783212423324585e-01 -2.083554863929748535e-03 -2.206932939589023590e-02 -6.448147445917129517e-02 -1.405916959047317505e-01 3.150109946727752686e-02 -2.205739766359329224e-01 -1.131926570087671280e-02 -4.300319403409957886e-02 -3.660938236862421036e-03 3.361607342958450317e-02 -2.399703487753868103e-02
-1.347024291753768921e-01 -1.006707102060317993e-01 2.375681400299072266e-01 -1.847270429134368896e-01 1.082349643111228943e-01 2.683126926422119141e-02 -2.000699937343597412e-02 -2.734615653753280640e-02 -9.296996891498565674e-02 -7.302280515432357788e-02 4.199142754077911377e-01 3.496874123811721802e-03 -5.097905546426773071e-02 2.785652279853820801e-01 2.037225961685180664e-01 2.671863511204719543e-02 -5.419925227761268616e-02 -3.010284900665283203e-01 1.677251458168029785e-01 5.674077942967414856e-02 -1.435481756925582886e-01 -5.357616394758224487e-02 -2.228898853063583374e-01 -1.191479042172431946e-01 8.834198117256164551e-02 1.568754166364669800e-01 -2.634517550468444824e-01 -9.515196084976196289e-02 -9.365988522768020630e-02 -1.061295196413993835e-01 -6.032392382621765137e-02 -1.166097670793533325e-01
-7.270036637783050537e-02 -7.861109077930450439e-02 3.213259279727935791e-01 -1.300859004259109497e-01 1.120479926466941833e-01 1.411356627941131592e-01 1.219376921653747559e-03 -1.766853034496307373e-02 -8.924366533756256104e-02 -4.565136879682540894e-02 3.713906705379486084e-01 1.723282784223556519e-02 -8.359541743993759155e-02 2.932936847209930420e-01 1.950087547302246094e-01 1.232866644859313965e-01 -1.212593317031860352e-01 -1.664798259735107422e-01 1.414107829332351685e-01 7.805147022008895874e-02 -1.967669725418090820e-01 -1.027014851570129395e-02 -1.171299293637275696e-01 -1.105040088295936584e-01 -4.940979182720184326e-03 1.076735556125640869e-01 -2.396569699048995972e-01 -4.687517881393432617e-02 -5.741099640727043152e-02 -8.965378254652023315e-02 6.705557554960250854e-02 -5.307636409997940063e-02
9.919687360525131226e-02 -4.765692353248596191e-02 2.241662144660949707e-01 1.178147941827774048e-01 -3.089518100023269653e-02 8.791239559650421143e-02 8.737770467996597290e-02 -3.972391784191131592e-02 -5.033812671899795532e-02 7.062925398349761963e-02 2.870731428265571594e-02 5.570205301046371460e-02 3.843072801828384399e-02 1.437083184719085693e-01 5.909778922796249390e-02 1.096662431955337524e-01 -7.319225370883941650e-02 3.024759590625762939e-01 -3.513611853122711182e-02 -3.550236672163009644e-02 -1.666537523269653320e-01 1.296218484640121460e-02 7.488039880990982056e-02 -1.948110759258270264e-02 -1.955558359622955322e-01 -5.089111626148223877e-03 -4.197040200233459473e-02 9.609807282686233521e-02 -4.985172301530838013e-02 -2.070630528032779694e-02 1.463457494974136353e-01 6.994651257991790771e-02
2.096047103404998779e-01 1.380229145288467407e-01 2.549058496952056885e-01 8.310472965240478516e-02 2.544402182102203369e-01 1.314190775156021118e-01 1.164145097136497498e-01 1.196811944246292114e-01 -3.074870258569717407e-02 -1.048720441758632660e-02 1.760762333869934082e-01 1.012365892529487610e-01 7.639007270336151123e-02 8.711244165897369385e-02 1.042854711413383484e-01 1.036526113748550415e-01 1.332127451896667480e-01 2.948064208030700684e-01 -1.947616636753082275e-01 1.014707982540130615e-01 -3.176969662308692932e-02 -3.475856482982635498e-01 -1.088507920503616333e-01 -7.766783982515335083e-02 -3.235062360763549805e-01 -5.610282346606254578e-02 -1.569404304027557373e-01 3.456561565399169922e-01 -1.574934422969818115e-01 -1.414403915405273438e-01 1.220005229115486145e-01 -2.776877880096435547e-01
8.109845221042633057e-03 -7.131585478782653809e-02 2.572287917137145996e-01 -1.514507457613945007e-02 -1.023043692111968994e-02 3.390488401055335999e-02 4.466792196035385132e-02 4.307195916771888733e-02 -4.770416766405105591e-02 8.649424463510513306e-02 1.108869537711143494e-01 1.758089661598205566e-02 1.336228661239147186e-02 1.608543246984481812e-01 2.009828388690948486e-01 1.115459799766540527e-01 -5.546286702156066895e-03 1.542331576347351074e-01 3.471510857343673706e-02 -1.374788582324981689e-02 -1.713363677263259888e-01 2.533644437789916992e-02 -3.038127347826957703e-02 -2.594966441392898560e-02 -7.702068984508514404e-02 1.299017667770385742e-02 -2.289421558380126953e-01 5.978601425886154175e-02 -5.460151284933090210e-02 1.890984736382961273e-02 7.648532092571258545e-02 1.588241383433341980e-02
-2.606867551803588867e-01 -1.549749523401260376e-01 2.751542925834655762e-01 -2.867498397827148438e-01 7.519198954105377197e-02 -7.124751061201095581e-02 -6.458047032356262207e-02 1.067682281136512756e-01 -2.328693121671676636e-02 2.483361773192882538e-02 5.055630207061767578e-01 -3.793954104185104370e-02 -5.339828506112098694e-02 2.956281602382659912e-01 3.033946156501770020e-01 1.015079468488693237e-01 1.280868053436279297e-01 -2.924948334693908691e-01 2.111894339323043823e-01 7.408567517995834351e-02 -1.270400136709213257e-01 -2.059493958950042725e-02 -2.361919581890106201e-01 -1.239090785384178162e-01 1.272767335176467896e-01 9.707057476043701172e-02 -5.104646086692810059e-01 -1.073867753148078918e-01 -5.186679959297180176e-02 -8.330620825290679932e-03 -1.754591166973114014e-01 -1.830385923385620117e-01
1.546440869569778442e-01 8.060711622238159180e-02 8.024778962135314941e-02 4.105285555124282837e-02 2.624513022601604462e-02 1.341478228569030762e-01 1.607182919979095459e-01 2.194351404905319214e-01 3.584831207990646362e-02 4.783306270837783813e-02 -7.983992993831634521e-02 -4.089679569005966187e-03 -6.241779774427413940e-02 -1.571687906980514526e-01 -1.185899376869201660e-01 2.847810685634613037e-01 6.331677734851837158e-02 1.743450909852981567e-01 -1.193852499127388000e-01 7.631050050258636475e-02 2.644119262695312500e-01 -6.043240427970886230e-04 7.336834818124771118e-02 3.994686901569366455e-02 -5.756875872611999512e-02 -2.126042544841766357e-01 -4.848017916083335876e-02 1.429574936628341675e-01 8.077062666416168213e-02 9.845258295536041260e-02 8.331047743558883667e-02 3.253605216741561890e-02
-7.615854963660240173e-03 8.234608918428421021e-02 -1.114504039287567139e-01 -9.787471592426300049e-02 -2.157612890005111694e-01 -7.058664411306381226e-02 4.606003314256668091e-02 4.367436841130256653e-02 1.064682006835937500e-02 5.044881999492645264e-02 -1.098241060972213745e-01 -3.840227052569389343e-02 -4.788869619369506836e-02 -1.317866295576095581e-01 -2.457506358623504639e-01 4.965459927916526794e-02 -3.227781876921653748e-02 -1.868111938238143921e-01 4.338836669921875000e-02 -7.532919943332672119e-02 2.110744267702102661e-01 1.178963035345077515e-01 -3.906285762786865234e-02 -6.061165779829025269e-02 1.707882136106491089e-01 7.708431780338287354e-02 2.222459018230438232e-01 3.358693793416023254e-03 3.823747485876083374e-02 1.365408599376678467e-01 -5.980927497148513794e-03 1.541707664728164673e-01
-1.267825216054916382e-01 -9.916798025369644165e-02 1.185939610004425049e-01 -2.031520754098892212e-01 -8.064825832843780518e-02 1.060878634452819824e-01 -1.705891638994216919e-02 -6.654919683933258057e-02 -4.214635491371154785e-02 -4.590880870819091797e-02 2.852076590061187744e-01 2.607485651969909668e-02 -1.028217449784278870e-01 1.892726570367813110e-01 -2.812187001109123230e-02 3.375153243541717529e-02 -1.777106970548629761e-01 -3.740319609642028809e-01 1.422823816537857056e-01 2.339841052889823914e-02 -1.370168775320053101e-01 5.956289917230606079e-02 -8.368144929409027100e-02 -1.048373654484748840e-01 1.504755765199661255e-01 1.979432255029678345e-01 -1.966807059943675995e-02 -1.336442083120346069e-01 -3.988174721598625183e-02 -8.425948768854141235e-02 3.116489760577678680e-02 1.656163670122623444e-02
2.425416111946105957e-01 5.356363952159881592e-02 5.525935441255569458e-03 4.695995748043060303e-01 -1.724845319986343384e-01 2.069401144981384277e-01 1.950635015964508057e-01 -1.158895492553710938e-01 3.500275313854217529e-02 9.518823027610778809e-02 -3.558323085308074951e-01 1.943255662918090820e-01 2.377988584339618683e-02 -1.385172307491302490e-01 -7.358381152153015137e-02 -2.454200834035873413e-01 -1.321370303630828857e-01 5.999218225479125977e-01 -2.699207067489624023e-01 -2.583575546741485596e-01 1.465178579092025757e-01 -1.116750016808509827e-01 1.602923274040222168e-01 1.133781969547271729e-01 -3.440755903720855713e-01 -1.594582945108413696e-01 3.698248565196990967e-01 2.374632209539413452e-01 -1.138880550861358643e-01 3.568832762539386749e-03 4.822991490364074707e-01 1.203363090753555298e-01
-1.463958472013473511e-01 -1.345942541956901550e-02 -4.403148964047431946e-02 -4.103892669081687927e-02 -3.783707320690155029e-02 -9.198138862848281860e-02 1.611678600311279297e-01 3.075442612171173096e-01 1.138888671994209290e-01 1.107449308037757874e-01 9.528002887964248657e-02 -1.408961564302444458e-01 -1.509492248296737671e-01 -7.829903066158294678e-02 5.918011069297790527e-02 1.336002647876739502e-01 2.209675461053848267e-01 -2.146832272410392761e-02 -6.938168779015541077e-03 -3.119893372058868408e-02 1.313536018133163452e-01 9.065673500299453735e-02 8.769009262323379517e-02 -1.537398993968963623e-01 2.090599089860916138e-01 -1.225668787956237793e-01 -2.295380681753158569e-01 -8.610954135656356812e-02 1.717838346958160400e-01 2.043233215808868408e-01 -7.518892735242843628e-02 -6.185566633939743042e-02
1.822613477706909180e-01 9.790369868278503418e-02 2.029000073671340942e-01 4.883442074060440063e-02 1.696939319372177124e-01 1.367356777191162109e-01 1.762624382972717285e-01 1.974799633026123047e-01 -6.469976156949996948e-03 5.456568300724029541e-02 1.057962551712989807e-01 4.387384653091430664e-02 2.391782961785793304e-02 2.065923623740673065e-02 1.537600532174110413e-02 1.932974159717559814e-01 1.057643592357635498e-01 2.739833295345306396e-01 -1.575391441583633423e-01 1.153348162770271301e-01 4.012845084071159363e-02 -1.862244307994842529e-01 5.091331899166107178e-03 -7.002376765012741089e-02 -2.169930338859558105e-01 -1.376826167106628418e-01 -1.248378455638885498e-01 2.564203441143035889e-01 -5.453999713063240051e-02 -6.064995005726814270e-02 8.623856306076049805e-02 -1.461404263973236084e-01
-7.650277763605117798e-02 -6.458055227994918823e-02 -1.869663223624229431e-02 6.714420393109321594e-03 -2.008616924285888672e-01 -1.655111312866210938e-01 8.605435490608215332e-03 2.043696045875549316e-01 8.257823437452316284e-02 2.276472300291061401e-01 -1.827351748943328857e-01 -5.143410339951515198e-02 6.911741197109222412e-02 -1.120888888835906982e-01 1.523082256317138672e-01 2.166069298982620239e-02 2.144224494695663452e-01 1.427065581083297729e-01 -5.407141149044036865e-02 -1.688282787799835205e-01 4.308693110942840576e-02 8.049332350492477417e-02 -5.863580852746963501e-02 4.074374958872795105e-02 1.005825847387313843e-01 -8.840660005807876587e-02 -1.983369439840316772e-01 1.280869245529174805e-01 3.265231102705001831e-02 1.780146658420562744e-01 -1.057224795222282410e-01 1.467580795288085938e-01
-3.344436883926391602e-01 -1.142314970493316650e-01 -1.394872367382049561e-02 -1.114853769540786743e-01 -6.536402553319931030e-02 -1.134525761008262634e-01 1.127676293253898621e-01 3.016676306724548340e-01 1.600503623485565186e-01 1.137995943427085876e-01 2.321054339408874512e-01 -1.817972958087921143e-01 -2.476855516433715820e-01 -1.140547916293144226e-02 1.589519381523132324e-01 1.095382273197174072e-01 2.302424758672714233e-01 -1.538143306970596313e-01 5.812107771635055542e-02 -6.204240024089813232e-02 8.191105723381042480e-02 1.855372190475463867e-01 7.582922279834747314e-02 -2.128126621246337891e-01 3.390973508358001709e-01 -8.009739220142364502e-02 -3.984801471233367920e-01 -2.195351421833038330e-01 2.201034128665924072e-01 2.414237856864929199e-01 -1.617442220449447632e-01 -8.108492940664291382e-02
3.292737603187561035e-01 4.955792799592018127e-02 7.721269130706787109e-02 1.645583659410476685e-01 3.061362355947494507e-02 2.138320505619049072e-01 1.410486400127410889e-01 -2.627132236957550049e-01 -2.104071229696273804e-01 -1.546663492918014526e-01 -8.312603458762168884e-03 1.937465071678161621e-01 2.178700454533100128e-02 1.482735127210617065e-01 -1.524133682250976562e-01 -1.473691612482070923e-01 -4.441467523574829102e-01 6.712414324283599854e-02 -8.101406693458557129e-02 4.023486003279685974e-02 -9.824062883853912354e-02 -1.728022098541259766e-01 -9.296210855245590210e-02 -6.748450547456741333e-02 -2.171979099512100220e-01 1.704570204019546509e-01 3.971202075481414795e-01 6.410764902830123901e-02 -1.465740799903869629e-01 -2.095647752285003662e-01 2.468904256820678711e-01 1.071332022547721863e-01
-6.889764964580535889e-02 9.575895965099334717e-04 -5.249592289328575134e-02 -3.826232627034187317e-02 -4.274760931730270386e-02 -7.987247407436370850e-02 1.309985220432281494e-01 2.602567672729492188e-01 7.576984167098999023e-02 4.163355380296707153e-02 1.974429562687873840e-02 -1.131630688905715942e-01 -1.038094237446784973e-01 -1.343862414360046387e-01 -3.397816047072410583e-02 1.891979724168777466e-01 1.836337000131607056e-01 -4.386543482542037964e-02 -3.259164094924926758e-02 -1.828634738922119141e-02 2.385330498218536377e-01 7.853026688098907471e-02 5.185595154762268066e-02 -1.050461903214454651e-01 1.790476143360137939e-01 -1.392112970352172852e-01 -1.557131111621856689e-01 -3.140272200107574463e-02 1.751635074615478516e-01 2.180775701999664307e-01 -7.303400337696075439e-02 -2.009533345699310303e-03
-3.073879182338714600e-01 -9.431497007608413696e-02 -1.278515160083770752e-02 -1.603648066520690918e-01 -5.738225579261779785e-02 -8.641346544027328491e-02 9.815321117639541626e-02 2.836440801620483398e-01 1.301617920398712158e-01 9.338602423667907715e-02 1.962763667106628418e-01 -1.548633575439453125e-01 -2.441411465406417847e-01 -2.287608757615089417e-02 1.151735410094261169e-01 7.007683813571929932e-02 2.098747789859771729e-01 -1.870241016149520874e-01 5.373811721801757812e-02 -1.096720546483993530e-01 1.187259107828140259e-01 1.706331968307495117e-01 5.639015138149261475e-02 -2.040342986583709717e-01 3.561557829380035400e-01 -8.680292218923568726e-02 -3.473104536533355713e-01 -2.254621386528015137e-01 2.083217203617095947e-01 2.061905562877655029e-01 -1.181158199906349182e-01 -6.319091469049453735e-02
-8.559902757406234741e-02 -6.485913693904876709e-02 1.464839726686477661e-01 -1.760022342205047607e-01 2.035206556320190430e-01 -3.708619624376296997e-02 -7.052565366029739380e-02 -6.115090847015380859e-02 -8.114057779312133789e-02 -1.868772804737091064e-01 4.076446592807769775e-01 1.993951946496963501e-02 -5.859223753213882446e-02 2.275776118040084839e-01 1.130384430289268494e-01 -3.176564723253250122e-02 -4.155810549855232239e-02 -3.435669839382171631e-01 1.758416742086410522e-01 3.173708170652389526e-02 -1.038711816072463989e-01 -5.056475847959518433e-02 -2.101707458496093750e-01 -1.708515286445617676e-01 8.495423942804336548e-02 1.155477911233901978e-01 -2.035815417766571045e-01 -1.400338709354400635e-01 -5.129762738943099976e-02 -4.774922132492065430e-02 -9.898784011602401733e-02 -1.083281189203262329e-01
-2.906298935413360596e-01 -1.400604099035263062e-01 1.950603872537612915e-01 -2.873704731464385986e-01 1.190362945199012756e-01 -1.154221817851066589e-01 -6.026709079742431641e-02 1.091027185320854187e-01 -3.452669829130172729e-02 -2.481017634272575378e-02 5.354068279266357422e-01 -3.930385410785675049e-02 -5.617015436291694641e-02 2.473908066749572754e-01 3.300049602985382080e-01 -1.873123273253440857e-02 1.638212502002716064e-01 -3.884893059730529785e-01 2.252483218908309937e-01 3.029130026698112488e-02 -1.393420398235321045e-01 -3.272762894630432129e-02 -2.909250855445861816e-01 -1.648377180099487305e-01 1.798259615898132324e-01 8.971944451332092285e-02 -5.232928991317749023e-01 -1.645813882350921631e-01 -6.866462528705596924e-02 -3.775021061301231384e-02 -2.248546779155731201e-01 -2.094057500362396240e-01
-1.030980609357357025e-02 -5.911542475223541260e-02 2.523932456970214844e-01 -7.553544640541076660e-02 1.438484936952590942e-01 6.893133372068405151e-02 1.988833397626876831e-02 -6.952224671840667725e-02 -9.138721227645874023e-02 -1.143744140863418579e-01 3.428879082202911377e-01 3.445571660995483398e-02 -2.631634846329689026e-02 2.703717648983001709e-01 1.380440890789031982e-01 6.300623714923858643e-02 -9.266491234302520752e-02 -1.025878861546516418e-01 1.077086627483367920e-01 6.892672181129455566e-02 -1.690603792667388916e-01 -7.784884423017501831e-02 -9.785931557416915894e-02 -8.476125448942184448e-02 -6.429357826709747314e-02 9.865008294582366943e-02 -1.939276754856109619e-01 -1.077559217810630798e-01 -4.829108715057373047e-02 -8.864257484674453735e-02 8.981386199593544006e-04 -7.964943349361419678e-02
-2.728075385093688965e-01 -9.426829218864440918e-02 -8.020700514316558838e-02 -1.590497940778732300e-01 -1.107422113418579102e-01 -1.669357717037200928e-01 1.155598834156990051e-01 2.242025583982467651e-01 1.003136560320854187e-01 1.315930783748626709e-01 2.105278074741363525e-01 -1.678941994905471802e-01 -1.503039747476577759e-01 -4.582924023270606995e-02 5.890464037656784058e-02 5.022920295596122742e-02 2.313363403081893921e-01 -2.306994497776031494e-01 3.502329438924789429e-02 -6.511759757995605469e-02 1.205403208732604980e-01 1.089693009853363037e-01 -1.013761572539806366e-02 -1.917974948883056641e-01 2.811037302017211914e-01 3.600381314754486084e-03 -2.483375221490859985e-01 -1.296781450510025024e-01 1.319118142127990723e-01 2.301195859909057617e-01 -2.051820605993270874e-01 -4.032344371080398560e-02
-2.319136112928390503e-01 -1.820098012685775757e-01 2.370417118072509766e-01 -1.535209268331527710e-01 -2.470029145479202271e-02 -1.390413939952850342e-01 -2.878107875585556030e-02 1.279983222484588623e-01 1.110684126615524292e-02 1.225061491131782532e-01 2.185268700122833252e-01 -9.211443364620208740e-02 -5.284206941723823547e-03 1.833673119544982910e-01 3.414211571216583252e-01 1.571397334337234497e-01 2.211386412382125854e-01 -7.946306467056274414e-02 1.113444641232490540e-01 -2.131439745426177979e-03 -1.341607868671417236e-01 1.102858781814575195e-01 -1.409277021884918213e-01 -2.909471094608306885e-02 9.499694406986236572e-02 -1.755625754594802856e-02 -5.422503948211669922e-01 -1.734325662255287170e-02 -6.034092977643013000e-03 6.653146445751190186e-02 -1.189879402518272400e-01 -4.202707856893539429e-02
5.870213359594345093e-02 -3.692997246980667114e-02 2.162385433912277222e-01 -6.982381641864776611e-02 4.729411751031875610e-02 1.594226658344268799e-01 5.593568831682205200e-02 -1.006624698638916016e-01 -1.013779193162918091e-01 -6.066031754016876221e-02 3.011994957923889160e-01 6.912110000848770142e-02 -1.362260058522224426e-02 2.540209293365478516e-01 6.733846664428710938e-02 3.991805389523506165e-02 -1.887574791908264160e-01 -7.912608981132507324e-02 6.761803478002548218e-02 8.141465485095977783e-02 -1.655670702457427979e-01 -1.283865869045257568e-01 -1.023869663476943970e-01 -7.921379059553146362e-02 -9.915353357791900635e-02 2.080416828393936157e-01 2.199076116085052490e-04 -1.120183337479829788e-02 -1.050093844532966614e-01 -1.175075769424438477e-01 7.134548574686050415e-02 -3.988435864448547363e-02
-1.264342963695526123e-01 7.751174271106719971e-04 6.925383210182189941e-02 4.752368852496147156e-02 1.636405736207962036e-01 -5.740398913621902466e-02 1.539955735206604004e-01 2.372993975877761841e-01 9.456983208656311035e-02 2.485594712197780609e-02 2.932312488555908203e-01 -1.245618909597396851e-01 -8.272538334131240845e-02 7.060335576534271240e-02 2.276557981967926025e-01 1.065714806318283081e-01 2.598716318607330322e-01 1.149674952030181885e-01 -5.677163600921630859e-02 1.045276597142219543e-02 1.193984970450401306e-02 -9.235521405935287476e-02 4.920334368944168091e-02 -2.168982326984405518e-01 4.698407649993896484e-02 -7.695909589529037476e-02 -3.715680837631225586e-01 9.365027770400047302e-03 5.445239692926406860e-02 1.003853455185890198e-01 -6.294359266757965088e-02 -2.297619283199310303e-01
-2.570949867367744446e-02 -1.175838857889175415e-01 2.732536494731903076e-01 -6.320472061634063721e-02 1.064969226717948914e-02 2.354084700345993042e-02 4.598522931337356567e-02 5.064304545521736145e-02 -4.348694533109664917e-02 8.597272634506225586e-02 1.801917850971221924e-01 4.726652055978775024e-03 1.940108463168144226e-02 2.065853327512741089e-01 2.256802022457122803e-01 1.129617989063262939e-01 5.401525646448135376e-02 6.966963410377502441e-02 4.737145453691482544e-02 2.515998855233192444e-02 -1.462933272123336792e-01 -8.761905133724212646e-03 -8.370647579431533813e-02 -3.698402643203735352e-02 -4.752488806843757629e-02 3.943157196044921875e-02 -2.905923724174499512e-01 2.055347152054309845e-02 -4.496105387806892395e-02 5.657130852341651917e-03 2.396428026258945465e-02 -2.496384829282760620e-02
3.948788344860076904e-02 4.938764870166778564e-02 -1.068225353956222534e-01 -6.742197275161743164e-02 -2.454650402069091797e-01 1.216521486639976501e-02 -4.624900594353675842e-02 -5.015704035758972168e-02 -2.061361074447631836e-02 -8.946190588176250458e-03 -1.423692852258682251e-01 2.286310493946075439e-02 3.169852495193481445e-02 -1.370247900485992432e-01 -3.138833642005920410e-01 -2.960004471242427826e-02 -1.676948219537734985e-01 -2.106872648000717163e-01 3.059010021388530731e-02 -2.607107907533645630e-02 1.601586937904357910e-01 9.594336897134780884e-02 -1.021689549088478088e-01 8.869893848896026611e-03 1.511200517416000366e-01 1.384970545768737793e-01 3.832851648330688477e-01 -6.169950589537620544e-03 4.654031246900558472e-03 7.014116644859313965e-02 6.631002575159072876e-02 1.754435896873474121e-01
1.639266461133956909e-01 1.274722814559936523e-01 3.449398875236511230e-01 8.216163516044616699e-02 2.245814502239227295e-01 2.187083363533020020e-01 9.475509077310562134e-02 1.489163935184478760e-01 -3.245934098958969116e-02 1.822452060878276825e-02 1.588928401470184326e-01 1.400368213653564453e-01 -1.467227237299084663e-03 1.297389864921569824e-01 1.330847442150115967e-01 1.479679793119430542e-01 -2.682402357459068298e-02 3.687207996845245361e-01 -2.179363518953323364e-01 1.188768744468688965e-01 -6.690713763236999512e-02 -2.334065139293670654e-01 -2.389162406325340271e-02 -2.946290373802185059e-02 -3.123446404933929443e-01 -7.099355757236480713e-02 -1.437297314405441284e-01 2.589884400367736816e-01 -5.713699758052825928e-02 -1.635161936283111572e-01 1.946432143449783325e-01 -2.123938053846359253e-01
8.203018456697463989e-02 9.724184870719909668e-02 -8.101499080657958984e-02 -5.007802322506904602e-02 -1.840929985046386719e-01 -2.754937857389450073e-02 9.665661305189132690e-02 1.784112006425857544e-01 3.734676539897918701e-02 1.137911453843116760e-01 -1.226751953363418579e-01 -3.471746668219566345e-02 -4.111831076443195343e-03 -1.529703289270401001e-01 -1.824314892292022705e-01 2.009205967187881470e-01 7.515598088502883911e-02 -3.814428299665451050e-02 -2.975209802389144897e-02 -2.222002297639846802e-02 2.875909805297851562e-01 8.169531822204589844e-02 1.872951164841651917e-03 1.193732768297195435e-02 1.148387342691421509e-01 -6.716845929622650146e-02 1.224464476108551025e-01 8.213994652032852173e-02 3.669889271259307861e-02 1.419972479343414307e-01 -2.402532845735549927e-03 1.309033632278442383e-01
-2.714329659938812256e-01 -9.795968234539031982e-02 -4.805191978812217712e-02 -1.957788765430450439e-01 -1.006663143634796143e-01 -1.140739396214485168e-02 -5.398273468017578125e-03 4.802398383617401123e-03 6.898603588342666626e-02 -2.865807525813579559e-02 1.188677921891212463e-01 -8.957745134830474854e-02 -1.649856567382812500e-01 -6.694097816944122314e-02 -7.882566750049591064e-02 -2.383662387728691101e-02 2.415603958070278168e-02 -3.663202524185180664e-01 7.916499674320220947e-02 -3.536376357078552246e-02 1.067033708095550537e-01 1.187340542674064636e-01 -3.940721601247787476e-02 -1.090641692280769348e-01 3.041524589061737061e-01 5.590726435184478760e-02 -8.429935574531555176e-02 -2.019633203744888306e-01 1.145569160580635071e-01 1.367871463298797607e-01 -9.218040853738784790e-02 4.284128919243812561e-02
1.262734644114971161e-02 7.725326716899871826e-02 2.443843185901641846e-01 6.064542755484580994e-02 2.155554294586181641e-01 1.108047515153884888e-01 1.105804815888404846e-01 1.850825250148773193e-01 1.352092996239662170e-02 3.296742588281631470e-02 2.554085254669189453e-01 -5.301982164382934570e-04 -4.605100303888320923e-02 1.273352801799774170e-01 1.784516572952270508e-01 1.085430085659027100e-01 9.430049359798431396e-02 2.730648815631866455e-01 -1.361461728811264038e-01 6.858654320240020752e-02 -6.650972366333007812e-02 -2.167741060256958008e-01 -2.047369256615638733e-02 -1.345402598381042480e-01 -1.840417534112930298e-01 -5.774621665477752686e-02 -2.614667117595672607e-01 1.858121901750564575e-01 -5.413637310266494751e-02 -5.765660852193832397e-02 9.229873120784759521e-02 -2.790870070457458496e-01
-3.360732197761535645e-01 -9.519913792610168457e-02 -2.310560271143913269e-02 -2.360717952251434326e-01 -1.532558649778366089e-01 -8.052548021078109741e-02 2.927281707525253296e-02 1.213791072368621826e-01 7.559435814619064331e-02 9.810156375169754028e-02 2.054361999034881592e-01 -1.090335696935653687e-01 -1.907261908054351807e-01 2.710927277803421021e-03 1.141617447137832642e-02 -1.848735846579074860e-02 6.310473382472991943e-02 -3.648256659507751465e-01 1.543082743883132935e-01 -1.157175451517105103e-01 6.149139627814292908e-02 1.641270518302917480e-01 -5.630210041999816895e-02 -1.773551106452941895e-01 3.706616461277008057e-01 9.030169248580932617e-02 -1.788720637559890747e-01 -1.816399395465850830e-01 7.301065325736999512e-02 1.337666511535644531e-01 -1.064486578106880188e-01 6.685554981231689453e-04
-1.799567788839340210e-01 -1.438464075326919556e-01 1.875543445348739624e-01 -8.494769036769866943e-02 -7.616285234689712524e-02 -1.640940606594085693e-01 -3.544786944985389709e-02 1.735323071479797363e-01 2.816971763968467712e-02 2.111878544092178345e-01 7.280242443084716797e-02 -9.554129093885421753e-02 4.185752570629119873e-02 5.281707644462585449e-02 2.956900000572204590e-01 1.310535967350006104e-01 2.412146329879760742e-01 6.528002023696899414e-02 7.939757406711578369e-02 -5.672984570264816284e-02 -1.275383383035659790e-01 1.200596690177917480e-01 -1.428328305482864380e-01 -9.702444076538085938e-04 8.737680315971374512e-02 -1.162867993116378784e-02 -4.544335305690765381e-01 1.092513948678970337e-01 -2.816429361701011658e-02 1.282640695571899414e-01 -1.098675504326820374e-01 4.928605258464813232e-02
-8.204509317874908447e-02 -6.948145478963851929e-02 6.642059981822967529e-02 -1.624047607183456421e-01 -1.430357545614242554e-01 1.048480123281478882e-01 -2.394977957010269165e-02 -6.521962583065032959e-02 -2.597936242818832397e-02 -3.319256007671356201e-02 1.414774656295776367e-01 5.070739984512329102e-02 -8.557540178298950195e-02 1.006627529859542847e-01 -1.604865193367004395e-01 2.808891236782073975e-02 -2.104112803936004639e-01 -3.147698938846588135e-01 1.470066457986831665e-01 -9.399220347404479980e-03 -1.097483336925506592e-01 9.841927886009216309e-02 -7.350981980562210083e-02 -7.655239850282669067e-02 1.783169955015182495e-01 2.230951637029647827e-01 1.320961117744445801e-01 -9.414228051900863647e-02 -2.710424177348613739e-02 -5.113895237445831299e-02 2.325747907161712646e-02 8.995603024959564209e-02
3.137496113777160645e-01 8.039895445108413696e-02 -3.305118978023529053e-01 4.024172723293304443e-01 -2.184456586837768555e-01 1.044626832008361816e-01 2.208772897720336914e-01 -1.832132935523986816e-01 1.157381758093833923e-01 1.385633647441864014e-01 -6.563287973403930664e-01 2.387839257717132568e-01 7.870727777481079102e-02 -3.128997683525085449e-01 -2.014678716659545898e-01 -3.522104024887084961e-01 -4.007015749812126160e-02 5.102810859680175781e-01 -3.997393250465393066e-01 -3.604980409145355225e-01 3.833217918872833252e-01 -1.338945925235748291e-01 2.442066520452499390e-01 1.236462146043777466e-01 -2.625639438629150391e-01 -3.218316435813903809e-01 5.430722236633300781e-01 2.765712440013885498e-01 -1.934975013136863708e-02 6.975434720516204834e-02 2.739147841930389404e-01 2.062888294458389282e-01
8.119677007198333740e-02 -7.668264955282211304e-02 1.592566370964050293e-01 7.135301828384399414e-02 -3.945437073707580566e-02 -1.178496330976486206e-02 7.000362128019332886e-02 -8.036270737648010254e-03 -3.754551708698272705e-02 9.342844784259796143e-02 -1.764794811606407166e-03 5.013383179903030396e-02 7.151756435632705688e-02 9.246523678302764893e-02 1.054837033152580261e-01 8.914603292942047119e-02 8.449442684650421143e-04 2.637054920196533203e-01 -2.147508226335048676e-02 -7.662308216094970703e-02 -2.020970880985260010e-01 6.316258013248443604e-02 3.874157369136810303e-02 -1.159206032752990723e-02 -1.356034278869628906e-01 -2.179744839668273926e-02 -1.004274040460586548e-01 8.498536795377731323e-02 -4.545212537050247192e-02 -3.766770008951425552e-03 9.293903410434722900e-02 6.025928631424903870e-02
1.419730037450790405e-01 9.406044334173202515e-02 -1.165574043989181519e-01 -2.446632832288742065e-02 -2.225080132484436035e-01 -5.065355449914932251e-02 3.577289730310440063e-02 7.296721637248992920e-02 -1.511120796203613281e-02 6.666773557662963867e-02 -1.990951299667358398e-01 1.665202528238296509e-02 8.587854355573654175e-02 -1.714324653148651123e-01 -2.901282310485839844e-01 1.023938506841659546e-01 -7.232555747032165527e-02 -4.999815672636032104e-02 -4.328115377575159073e-03 -1.890899240970611572e-02 2.991029024124145508e-01 8.520220220088958740e-02 -3.459136933088302612e-02 5.813661590218544006e-02 9.425535798072814941e-02 6.838411092758178711e-03 3.151348829269409180e-01 3.520624339580535889e-02 -8.490908890962600708e-03 6.414749473333358765e-02 8.528704941272735596e-02 1.466683447360992432e-01
8.062547445297241211e-02 8.052640408277511597e-02 -1.215699166059494019e-01 -4.700393602252006531e-02 -2.168126106262207031e-01 -9.014870971441268921e-03 5.797233432531356812e-02 9.606686979532241821e-02 4.680048301815986633e-02 6.116338074207305908e-02 -1.696772277355194092e-01 5.022652447223663330e-03 -2.206119149923324585e-02 -1.899631619453430176e-01 -2.523689270019531250e-01 1.261510998010635376e-01 -4.970408603549003601e-02 -6.862439215183258057e-02 -1.668745279312133789e-02 -4.084178060293197632e-02 2.599680721759796143e-01 1.123665720224380493e-01 2.467752806842327118e-02 3.286200016736984253e-02 1.380340903997421265e-01 -1.102117449045181274e-02 2.350135445594787598e-01 1.016198843717575073e-02 6.547921150922775269e-02 1.156213805079460144e-01 4.570909589529037476e-02 1.627879142761230469e-01
-2.528623342514038086e-01 -5.588129162788391113e-02 -1.027017235755920410e-01 -1.199733167886734009e-01 -2.218208834528923035e-02 -1.919215321540832520e-01 9.246676415205001831e-02 1.939136981964111328e-01 7.564380764961242676e-02 6.566960364580154419e-02 1.538774967193603516e-01 -1.658742427825927734e-01 -1.651663929224014282e-01 -3.385512903332710266e-02 6.543814390897750854e-02 1.626162230968475342e-02 2.782280743122100830e-01 -1.717587113380432129e-01 5.818952620029449463e-02 -5.625703930854797363e-02 1.839763522148132324e-01 6.101084500551223755e-02 -9.170968085527420044e-03 -1.666311621665954590e-01 2.574540674686431885e-01 -1.005735993385314941e-02 -2.353755682706832886e-01 -1.223999261856079102e-01 1.333860456943511963e-01 2.625397741794586182e-01 -2.106831669807434082e-01 -1.381185650825500488e-02
1.677612066268920898e-01 -3.704991564154624939e-02 8.355118334293365479e-03 3.131476640701293945e-01 -1.340922117233276367e-01 6.440728902816772461e-02 1.302100419998168945e-01 -6.587892770767211914e-02 3.335454687476158142e-02 7.066144049167633057e-02 -2.811833024024963379e-01 1.139166876673698425e-01 5.946553498506546021e-02 -7.895237207412719727e-02 -1.142343133687973022e-02 -1.055311858654022217e-01 -4.970402643084526062e-02 4.439113438129425049e-01 -1.859317719936370850e-01 -2.127526104450225830e-01 -3.724209964275360107e-04 3.190353140234947205e-02 1.510390639305114746e-01 7.407254725694656372e-02 -2.233907729387283325e-01 -1.779742240905761719e-01 1.613878011703491211e-01 1.424887031316757202e-01 -1.913264580070972443e-02 3.761895000934600830e-02 2.527641057968139648e-01 1.550599187612533569e-01
-1.691771298646926880e-01 -4.844424873590469360e-02 -6.850562989711761475e-03 1.126825623214244843e-02 -2.628903836011886597e-02 -7.317715138196945190e-02 1.405456960201263428e-01 2.973877489566802979e-01 1.071303412318229675e-01 5.563496798276901245e-02 9.923163801431655884e-02 -1.440632045269012451e-01 -1.371164619922637939e-01 -1.029498279094696045e-01 6.867924332618713379e-02 1.550174057483673096e-01 2.078312784433364868e-01 4.635151475667953491e-03 -6.678378209471702576e-03 -9.351164102554321289e-03 1.442676782608032227e-01 1.280453503131866455e-01 1.144683063030242920e-01 -1.449162364006042480e-01 2.116903960704803467e-01 -1.055362373590469360e-01 -2.314666062593460083e-01 -1.283293962478637695e-01 2.149104773998260498e-01 2.214348614215850830e-01 -8.400227129459381104e-02 -4.755947738885879517e-02
2.251059412956237793e-01 1.927580311894416809e-02 1.988946795463562012e-01 8.886961638927459717e-02 1.683650761842727661e-01 1.746073067188262939e-01 6.407221406698226929e-02 -1.780755221843719482e-01 -1.759659349918365479e-01 -1.978848278522491455e-01 1.656618118286132812e-01 1.252340972423553467e-01 1.564620994031429291e-02 2.343233525753021240e-01 5.869533866643905640e-03 -5.153951793909072876e-02 -2.511427700519561768e-01 2.941343560814857483e-02 -4.624357074499130249e-02 6.930661201477050781e-02 -1.584872305393218994e-01 -1.228154227137565613e-01 -9.312935173511505127e-02 -7.521138340234756470e-02 -2.169042825698852539e-01 9.783484041690826416e-02 9.543584287166595459e-02 -1.971486955881118774e-02 -9.831921011209487915e-02 -1.439000964164733887e-01 1.554641723632812500e-01 4.068304225802421570e-02
-1.678684502840042114e-01 -4.015996679663658142e-02 3.834425657987594604e-02 4.629604518413543701e-03 8.914975821971893311e-02 -5.788847059011459351e-02 1.430484652519226074e-01 2.931143045425415039e-01 1.049913167953491211e-01 6.013921648263931274e-02 2.083685696125030518e-01 -1.277746856212615967e-01 -1.123402714729309082e-01 9.766494855284690857e-03 1.823927462100982666e-01 1.470156908035278320e-01 2.035131603479385376e-01 8.704255521297454834e-02 -4.191429167985916138e-02 3.777593374252319336e-04 6.367722898721694946e-02 1.883130893111228943e-02 1.032027751207351685e-01 -1.975010931491851807e-01 1.426704674959182739e-01 -1.468591839075088501e-01 -3.410748243331909180e-01 -6.149261444807052612e-02 1.438985168933868408e-01 1.438381075859069824e-01 -5.546745657920837402e-02 -1.802348792552947998e-01
-2.007309198379516602e-01 -2.036317065358161926e-02 8.388796448707580566e-02 4.316499829292297363e-02 3.099269568920135498e-01 -1.248120442032814026e-01 8.931016176939010620e-02 1.169993877410888672e-01 1.922047324478626251e-02 -3.668453544378280640e-02 4.144559800624847412e-01 -1.145161986351013184e-01 -3.298914805054664612e-02 1.749203503131866455e-01 3.589263260364532471e-01 -1.039347052574157715e-02 3.162610530853271484e-01 9.082703292369842529e-02 -1.132359355688095093e-01 -1.441679894924163818e-03 -5.310913547873497009e-02 -2.847535908222198486e-01 -7.609073072671890259e-02 -3.007568717002868652e-01 -6.412500143051147461e-02 3.159403800964355469e-03 -4.626758396625518799e-01 8.433445543050765991e-02 -3.997604548931121826e-02 6.110275164246559143e-03 -9.796394407749176025e-02 -3.696908652782440186e-01
-5.882340669631958008e-02 2.481205761432647705e-02 2.643507160246372223e-02 1.817045174539089203e-02 1.909384280443191528e-01 -8.805666118860244751e-02 1.275199353694915771e-01 2.174087911844253540e-01 1.804238371551036835e-02 -6.328111514449119568e-03 1.613382399082183838e-01 -9.607753157615661621e-02 -4.366074502468109131e-02 -4.824599996209144592e-02 1.182299330830574036e-01 1.296808123588562012e-01 2.200634926557540894e-01 1.198300719261169434e-01 -9.106716513633728027e-02 1.005957648158073425e-02 1.057169586420059204e-01 -1.046191230416297913e-01 -9.759603068232536316e-03 -1.958818733692169189e-01 -2.743682265281677246e-02 -1.467832475900650024e-01 -3.014878034591674805e-01 7.437475025653839111e-02 6.196922808885574341e-02 9.812206029891967773e-02 -4.826337844133377075e-02 -1.809215992689132690e-01
