-1.089191716164350510e-02 1.846546120941638947e-02 -6.304524838924407959e-02 2.088392153382301331e-02 -9.363847970962524414e-02 -3.340354561805725098e-02 7.978207617998123169e-02 1.682457625865936279e-01 2.566043287515640259e-03 -8.264576084911823273e-03 -3.851312398910522461e-02 -4.128800332546234131e-02 -5.466111749410629272e-02 -1.669303625822067261e-01 -1.065378114581108093e-01 9.832668304443359375e-02 1.097441762685775757e-01 -4.763768613338470459e-02 -7.235747575759887695e-02 5.270458385348320007e-02 2.111449688673019409e-01 1.013086661696434021e-01 4.867953807115554810e-02 -3.537745773792266846e-02 1.170267760753631592e-01 -1.197078824043273926e-01 1.189644634723663330e-02 2.342220954596996307e-02 1.028081551194190979e-01 1.328130960464477539e-01 -1.706303469836711884e-02 6.131429597735404968e-02
9.186530113220214844e-02 1.958616077899932861e-02 2.249364256858825684e-01 8.149701356887817383e-02 3.828505054116249084e-02 1.575060635805130005e-01 9.271640330553054810e-02 -1.206954568624496460e-01 -1.023624688386917114e-01 1.130481250584125519e-02 1.266869604587554932e-01 1.106019690632820129e-01 -3.050623834133148193e-02 2.209191024303436279e-01 9.271798282861709595e-02 4.719628021121025085e-02 -1.808816492557525635e-01 2.220466434955596924e-01 4.421716555953025818e-03 5.956796929240226746e-02 -1.760280281305313110e-01 -6.600833684206008911e-02 -5.647274665534496307e-03 2.623756602406501770e-02 -2.540092468261718750e-01 7.489684224128723145e-02 1.345806568861007690e-02 1.095893979072570801e-01 -1.150115206837654114e-01 -1.124080047011375427e-01 1.575284898281097412e-01 4.186761751770973206e-02
-1.535931080579757690e-01 -3.017275035381317139e-02 -1.367465034127235413e-02 -2.911910787224769592e-02 2.603504806756973267e-03 -4.643869400024414062e-02 1.368771791458129883e-01 2.569720149040222168e-01 1.309068500995635986e-02 4.375981539487838745e-02 9.627098590135574341e-02 -1.469738334417343140e-01 -1.759976297616958618e-01 -1.086829751729965210e-01 4.926415532827377319e-02 1.044909954071044922e-01 1.712804138660430908e-01 -5.008183792233467102e-02 -5.823751538991928101e-02 -1.260638982057571411e-02 1.184228360652923584e-01 1.498929709196090698e-01 7.730925828218460083e-02 -1.821447312831878662e-01 1.853853017091751099e-01 -1.740253865718841553e-01 -2.617386281490325928e-01 -1.430408656597137451e-01 2.086437642574310303e-01 1.611921191215515137e-01 -4.352682828903198242e-02 -4.313020408153533936e-02
1.437344104051589966e-01 8.920010924339294434e-02 2.767970263957977295e-01 7.051124423742294312e-02 2.245756089687347412e-01 1.845898628234863281e-01 8.963010460138320923e-02 1.378587186336517334e-01 -8.024524152278900146e-02 5.389002710580825806e-02 2.307860851287841797e-01 8.096256107091903687e-02 -1.607811637222766876e-02 1.262047141790390015e-01 1.083633378148078918e-01 8.990904688835144043e-02 8.981045335531234741e-02 3.035702407360076904e-01 -2.014169394969940186e-01 9.700611233711242676e-02 -1.459268480539321899e-01 -2.628454566001892090e-01 -1.537263542413711548e-01 -1.157338693737983704e-01 -3.109641075134277344e-01 -8.084428310394287109e-02 -2.133007347583770752e-01 3.283043205738067627e-01 -1.279108077287673950e-01 -1.931285560131072998e-01 1.292193531990051270e-01 -2.802063524723052979e-01
-1.828316301107406616e-01 -2.638977020978927612e-02 -2.645443752408027649e-02 -8.484883606433868408e-02 -5.381446331739425659e-02 -4.114630073308944702e-02 1.121558472514152527e-01 1.959351897239685059e-01 2.664041332900524139e-02 3.988359868526458740e-02 8.777007460594177246e-03 -1.314322352409362793e-01 -2.092467099428176880e-01 -9.008502960205078125e-02 3.464280068874359131e-02 2.935278043150901794e-02 1.222170591354370117e-01 -1.633339822292327881e-01 -1.357789058238267899e-02 -8.380211889743804932e-02 1.468232423067092896e-01 2.043892443180084229e-01 1.119076758623123169e-01 -1.548036932945251465e-01 2.983624339103698730e-01 -1.229356154799461365e-01 -1.732241362333297729e-01 -2.158782184123992920e-01 2.035715878009796143e-01 1.679580807685852051e-01 -3.457964956760406494e-02 3.160401806235313416e-02
-1.516051590442657471e-02 -2.953012660145759583e-02 1.903335601091384888e-01 1.326405704021453857e-01 -1.033196747303009033e-01 7.557091116905212402e-02 5.099066346883773804e-02 1.948153227567672729e-02 -1.197177916765213013e-03 1.514153033494949341e-01 -5.555088818073272705e-02 5.618172883987426758e-02 -2.358651347458362579e-02 7.209706306457519531e-02 1.005029305815696716e-01 6.099572405219078064e-02 -2.667611464858055115e-02 3.453920185565948486e-01 -3.907792270183563232e-02 -1.097358763217926025e-01 -9.199756383895874023e-02 2.200632914900779724e-02 9.747488051652908325e-02 2.041535079479217529e-02 -1.517923623323440552e-01 -8.982215076684951782e-02 -8.533047139644622803e-02 1.304781287908554077e-01 -5.495344847440719604e-02 2.320758625864982605e-02 2.237394452095031738e-01 8.027575165033340454e-02
2.527471184730529785e-01 1.813171990215778351e-02 1.993497908115386963e-01 2.270074635744094849e-01 6.309877336025238037e-02 2.732224166393280029e-01 2.015917301177978516e-01 -2.591288089752197266e-01 -1.611486822366714478e-01 -6.328994780778884888e-02 -6.109739840030670166e-02 1.824811398983001709e-01 -5.002396926283836365e-02 2.007898390293121338e-01 -8.718280494213104248e-02 -8.629893884062767029e-03 -3.666706681251525879e-01 3.047235608100891113e-01 -1.429465860128402710e-01 9.484764188528060913e-03 -1.384544223546981812e-01 -8.807184547185897827e-02 1.123040020465850830e-01 -1.474422961473464966e-02 -3.331999778747558594e-01 3.269095718860626221e-02 3.031215071678161621e-01 1.153363883495330811e-01 -7.011359930038452148e-02 -1.713677942752838135e-01 3.494123518466949463e-01 9.499259293079376221e-02
-2.033756971359252930e-01 -4.935307800769805908e-02 1.011546403169631958e-01 2.380937524139881134e-02 1.814661026000976562e-01 -3.526430577039718628e-02 1.098523959517478943e-01 2.198145538568496704e-01 1.556891575455665588e-02 4.051534086465835571e-02 3.117382228374481201e-01 -1.222700998187065125e-01 -1.375301480293273926e-01 7.918412983417510986e-02 2.806944251060485840e-01 6.693705916404724121e-02 1.748881489038467407e-01 1.111109554767608643e-01 -1.238048896193504333e-01 2.248686179518699646e-02 -6.632018089294433594e-02 -5.965668708086013794e-02 4.627190530300140381e-02 -2.597891688346862793e-01 2.538434416055679321e-02 -9.690151363611221313e-02 -4.139187037944793701e-01 -4.487869143486022949e-02 1.256718933582305908e-01 3.520104289054870605e-02 -2.539387904107570648e-02 -2.410434484481811523e-01
3.196320831775665283e-01 5.485008284449577332e-02 1.904704235494136810e-02 4.510800242424011230e-01 3.417648375034332275e-02 1.542737483978271484e-01 1.753286123275756836e-01 -2.390015721321105957e-01 -1.204564273357391357e-01 -3.760080039501190186e-02 -2.328838109970092773e-01 2.318857610225677490e-01 5.247096717357635498e-02 2.767108380794525146e-03 -5.604711920022964478e-02 -2.581122219562530518e-01 -1.766931712627410889e-01 5.539778470993041992e-01 -3.099255263805389404e-01 -1.626336127519607544e-01 6.164528802037239075e-02 -1.410242915153503418e-01 1.022249609231948853e-01 5.478230863809585571e-02 -4.256771206855773926e-01 -1.275881528854370117e-01 4.073991179466247559e-01 1.908683627843856812e-01 -1.385137736797332764e-01 -5.292732641100883484e-02 4.364140927791595459e-01 6.865113973617553711e-02
8.721254765987396240e-02 6.199128925800323486e-02 -1.116897314786911011e-01 2.877093851566314697e-03 -2.956206202507019043e-01 5.070311203598976135e-02 2.432791143655776978e-02 -7.068419456481933594e-02 1.352958381175994873e-02 4.458846151828765869e-02 -2.183746397495269775e-01 7.771164923906326294e-02 -7.905582897365093231e-03 -1.194632649421691895e-01 -3.414726257324218750e-01 7.672488689422607422e-03 -2.566465735435485840e-01 -1.501675546169281006e-01 7.165933400392532349e-02 -4.445724189281463623e-03 1.150525361299514771e-01 1.578800380229949951e-01 9.200531989336013794e-03 7.961872220039367676e-02 1.052796393632888794e-01 1.372788101434707642e-01 3.940939009189605713e-01 5.505516380071640015e-02 -4.714251682162284851e-02 -3.605347871780395508e-02 1.068798452615737915e-01 2.684575915336608887e-01
1.526796370744705200e-01 2.009618729352951050e-01 4.229566156864166260e-01 1.618682593107223511e-01 3.991052210330963135e-01 2.249837517738342285e-01 -2.135543525218963623e-02 -5.335056781768798828e-02 -1.242555975914001465e-01 -1.042118668556213379e-01 3.451891839504241943e-01 2.084616422653198242e-01 7.061505317687988281e-02 3.605661392211914062e-01 3.081403970718383789e-01 3.914793953299522400e-03 1.657921448349952698e-02 3.517573773860931396e-01 -2.650376260280609131e-01 1.083062589168548584e-01 -3.059109747409820557e-01 -4.329076409339904785e-01 -2.325831204652786255e-01 -1.207209601998329163e-01 -5.298020839691162109e-01 3.077681362628936768e-02 -3.259440362453460693e-01 3.904983103275299072e-01 -2.537608742713928223e-01 -3.987615108489990234e-01 2.465300709009170532e-01 -4.163898825645446777e-01
4.166182130575180054e-03 -1.763596758246421814e-02 1.864746399223804474e-02 1.901055723428726196e-01 -2.046010047197341919e-01 -8.630406111478805542e-03 1.123228594660758972e-01 9.214680641889572144e-02 1.243734434247016907e-01 2.168487161397933960e-01 -2.888927459716796875e-01 5.043040215969085693e-02 3.928739950060844421e-02 -7.765449583530426025e-02 5.085460841655731201e-03 1.698544248938560486e-02 -8.356697857379913330e-03 3.952628672122955322e-01 -1.181049123406410217e-01 -2.493409216403961182e-01 4.630997776985168457e-02 8.467133343219757080e-02 2.135320454835891724e-01 6.931910663843154907e-02 -6.973549723625183105e-02 -1.724665462970733643e-01 9.918189048767089844e-02 1.970397680997848511e-01 2.445798739790916443e-02 1.658240258693695068e-01 1.603197604417800903e-01 2.066598385572433472e-01
2.295612730085849762e-02 4.358992725610733032e-02 -1.365559399127960205e-01 1.432073116302490234e-01 -1.958993375301361084e-01 -1.207566633820533752e-01 4.615478962659835815e-02 1.064436882734298706e-01 1.443459689617156982e-01 2.917725741863250732e-01 -3.454678952693939209e-01 2.801584452390670776e-02 4.023007676005363464e-02 -1.980234086513519287e-01 6.164703518152236938e-03 -9.018823504447937012e-02 1.330493986606597900e-01 2.812137305736541748e-01 -1.691958755254745483e-01 -2.654422521591186523e-01 1.604076176881790161e-01 4.545286297798156738e-03 7.682265341281890869e-02 1.016905382275581360e-01 -2.513272687792778015e-02 -1.877710074186325073e-01 1.087473332881927490e-01 1.893306970596313477e-01 9.602166712284088135e-03 1.324609220027923584e-01 5.965258181095123291e-02 1.087583452463150024e-01
-8.231620304286479950e-03 5.004121363162994385e-02 -2.474411129951477051e-01 5.908307805657386780e-02 -2.252394258975982666e-01 -1.631314456462860107e-01 2.378528565168380737e-02 1.483397781848907471e-01 1.879435479640960693e-01 2.464686483144760132e-01 -3.738068342208862305e-01 -2.665392681956291199e-02 2.684836648404598236e-02 -2.176527231931686401e-01 6.768614053726196289e-03 -4.130787402391433716e-02 1.718166172504425049e-01 1.400877088308334351e-01 -1.645932942628860474e-01 -2.651686668395996094e-01 2.348368167877197266e-01 3.563666716217994690e-02 2.514151297509670258e-02 1.422563493251800537e-01 7.123892754316329956e-02 -1.492017954587936401e-01 9.187546372413635254e-02 1.633710861206054688e-01 7.833569496870040894e-02 1.741622984409332275e-01 -1.227804943919181824e-01 1.458263993263244629e-01
-9.082511812448501587e-02 1.164757683873176575e-01 -4.119569957256317139e-01 -7.199420034885406494e-02 -3.680339455604553223e-01 -2.997361719608306885e-01 -7.247550040483474731e-02 3.068329095840454102e-01 2.739957273006439209e-01 3.424202799797058105e-01 -3.436115682125091553e-01 -1.648466885089874268e-01 3.843424841761589050e-02 -3.215370178222656250e-01 3.279402107000350952e-02 -9.257563948631286621e-02 3.291504681110382080e-01 -6.027190014719963074e-02 -1.783795952796936035e-01 -2.385186553001403809e-01 3.820908069610595703e-01 -3.119362890720367432e-02 -1.436367928981781006e-01 1.575335562229156494e-01 2.010047882795333862e-01 -1.186021342873573303e-01 3.511450067162513733e-02 1.836544275283813477e-01 1.441298425197601318e-01 2.362481951713562012e-01 -3.876813650131225586e-01 8.442910015583038330e-02
4.980795830488204956e-02 4.451347887516021729e-02 8.540728688240051270e-02 1.589873433113098145e-02 1.600205302238464355e-01 1.825112849473953247e-03 1.810173094272613525e-01 2.121972590684890747e-01 -5.617500841617584229e-02 8.313659578561782837e-02 1.967928707599639893e-01 -4.786677658557891846e-02 -5.815763771533966064e-02 1.993149518966674805e-02 9.418643265962600708e-02 7.246170938014984131e-02 2.150670588016510010e-01 1.604476422071456909e-01 -1.759091764688491821e-01 4.881544411182403564e-02 -4.890900477766990662e-02 -9.221000224351882935e-02 -9.411160647869110107e-02 -1.913829743862152100e-01 -1.131059154868125916e-01 -1.120963543653488159e-01 -2.707416415214538574e-01 1.304744482040405273e-01 1.176473498344421387e-02 -1.950064674019813538e-02 -4.255146533250808716e-02 -1.871894001960754395e-01
7.426147907972335815e-02 4.264440387487411499e-03 2.252106368541717529e-01 1.098477542400360107e-01 5.169003456830978394e-02 1.598959863185882568e-01 8.024380356073379517e-02 -1.355947256088256836e-01 -1.312120556831359863e-01 -6.548782810568809509e-03 1.013382002711296082e-01 1.160618588328361511e-01 -4.538725689053535461e-02 2.196559309959411621e-01 8.220971375703811646e-02 2.572621777653694153e-02 -2.103705406188964844e-01 1.746464818716049194e-01 -1.820332743227481842e-02 3.585516661405563354e-02 -1.797332316637039185e-01 -3.847809135913848877e-02 2.592878602445125580e-02 1.167379319667816162e-03 -2.130779623985290527e-01 1.832834631204605103e-02 3.659230098128318787e-02 6.864508986473083496e-02 -9.594951570034027100e-02 -1.346955597400665283e-01 2.328686714172363281e-01 7.895192131400108337e-03
-1.368101388216018677e-01 -2.457310259342193604e-02 -8.163011074066162109e-02 -8.917155861854553223e-02 -2.438865303993225098e-01 -8.645236492156982422e-03 4.127930849790573120e-02 3.297905996441841125e-02 5.775120481848716736e-02 5.258040875196456909e-02 -1.083168387413024902e-02 -2.767691761255264282e-02 -1.281744688749313354e-01 -8.292838931083679199e-02 -1.691422760486602783e-01 -1.623327657580375671e-02 -9.018449485301971436e-02 -2.234008759260177612e-01 8.914572000503540039e-02 -5.767291784286499023e-02 8.945927023887634277e-02 1.623586565256118774e-01 2.211823873221874237e-02 -6.108877807855606079e-02 2.516169846057891846e-01 1.039855629205703735e-01 1.503877937793731689e-01 -1.241352781653404236e-01 8.984932303428649902e-02 7.388707995414733887e-02 -2.447478473186492920e-04 1.335972547531127930e-01
-4.840680211782455444e-02 -7.315810024738311768e-02 7.626765966415405273e-02 8.111403882503509521e-02 -8.652916550636291504e-02 -1.586923897266387939e-01 -1.421858370304107666e-02 1.302985697984695435e-01 5.031099170446395874e-02 1.792290955781936646e-01 -1.112865805625915527e-01 -5.202459171414375305e-02 4.550492763519287109e-02 -1.050794869661331177e-02 1.609376966953277588e-01 1.309943199157714844e-02 1.580098569393157959e-01 2.510344982147216797e-01 -8.009726554155349731e-02 -1.681691706180572510e-01 -1.047810353338718414e-02 5.955863744020462036e-02 5.731865018606185913e-02 3.524684160947799683e-02 5.208302289247512817e-03 -1.514612734317779541e-01 -2.192163467407226562e-01 1.096414476633071899e-01 -1.715067587792873383e-02 1.863947808742523193e-01 4.104852676391601562e-02 1.105195507407188416e-01
-2.668947875499725342e-01 -2.014686018228530884e-01 -1.609127596020698547e-02 -2.141917049884796143e-01 2.933764643967151642e-02 -6.370478123426437378e-02 -3.522946313023567200e-02 -9.665532410144805908e-02 -1.952484995126724243e-02 -9.852676838636398315e-02 2.712824344635009766e-01 -5.600301921367645264e-02 -1.533123403787612915e-01 4.640381410717964172e-02 1.282248646020889282e-03 -1.103240400552749634e-01 -1.276791095733642578e-03 -4.288917481899261475e-01 1.705667227506637573e-01 -1.470912992954254150e-02 -6.282065808773040771e-02 7.206284254789352417e-02 -1.119261980056762695e-02 -1.573073565959930420e-01 2.619218230247497559e-01 1.251666545867919922e-01 -1.309627294540405273e-01 -2.345907837152481079e-01 2.759183570742607117e-02 9.695030748844146729e-03 -1.428795009851455688e-01 2.176681533455848694e-02
-4.299056828022003174e-01 -1.717719882726669312e-01 3.365194052457809448e-02 -2.062854468822479248e-01 -1.073430627584457397e-01 3.984775394201278687e-03 4.310495406389236450e-02 1.280788034200668335e-01 1.098508685827255249e-01 8.305812627077102661e-02 2.445632815361022949e-01 -1.338428407907485962e-01 -2.721606194972991943e-01 6.572462618350982666e-03 8.539670705795288086e-02 -3.033420816063880920e-02 2.369780465960502625e-02 -3.570197224617004395e-01 1.376059353351593018e-01 -5.445126444101333618e-02 4.855953156948089600e-04 2.079895138740539551e-01 4.460786283016204834e-02 -1.604847013950347900e-01 4.107499122619628906e-01 4.574272036552429199e-02 -2.726437449455261230e-01 -2.824660241603851318e-01 1.522258222103118896e-01 1.036287173628807068e-01 -8.452593535184860229e-02 -1.407855749130249023e-02
1.943936347961425781e-01 9.383800625801086426e-02 1.143503934144973755e-01 2.801082842051982880e-02 7.736935466527938843e-02 1.255346536636352539e-01 1.466059386730194092e-01 2.185944169759750366e-01 -7.064912468194961548e-02 8.631315827369689941e-02 -4.568075761198997498e-03 2.335965633392333984e-02 -2.384352497756481171e-02 -1.185438781976699829e-01 -5.802000313997268677e-02 2.113931775093078613e-01 5.321350321173667908e-02 2.384129762649536133e-01 -1.975329965353012085e-01 1.048399582505226135e-01 9.764224290847778320e-02 -2.871660888195037842e-02 -4.867720603942871094e-02 -3.069633990526199341e-02 -1.673803329467773438e-01 -2.222179770469665527e-01 -1.036873236298561096e-01 1.940492987632751465e-01 4.233074188232421875e-02 -1.005576364696025848e-02 7.240591198205947876e-02 -5.003850162029266357e-02
3.102029263973236084e-01 2.816491127014160156e-01 3.107851445674896240e-01 1.189882904291152954e-01 3.951142728328704834e-01 2.017139792442321777e-01 6.211034208536148071e-02 -6.807580590248107910e-03 -1.923940479755401611e-01 -5.693379044532775879e-02 2.097625434398651123e-01 1.553640961647033691e-01 1.339009255170822144e-01 1.631640344858169556e-01 1.493021845817565918e-01 5.724195018410682678e-02 1.094407588243484497e-01 3.127952814102172852e-01 -2.751350104808807373e-01 1.245593428611755371e-01 -1.429116576910018921e-01 -3.925011754035949707e-01 -2.926974296569824219e-01 -9.049240499734878540e-02 -5.574157238006591797e-01 -7.255118340253829956e-02 -2.323317974805831909e-01 4.869352579116821289e-01 -2.524222135543823242e-01 -3.091281056404113770e-01 1.595091223716735840e-01 -3.229487240314483643e-01
2.408249974250793457e-01 2.307138964533805847e-02 7.546381652355194092e-02 3.774420320987701416e-01 -1.543971151113510132e-01 2.512708306312561035e-01 2.051505446434020996e-01 -1.646940410137176514e-01 -9.013861417770385742e-04 1.430985182523727417e-01 -3.040459752082824707e-01 1.983956396579742432e-01 -3.806671872735023499e-02 -2.842802926898002625e-02 -1.360870003700256348e-01 -1.198386698961257935e-01 -2.318846583366394043e-01 6.084668636322021484e-01 -2.667005062103271484e-01 -2.195826172828674316e-01 3.311891108751296997e-02 -5.299425125122070312e-02 2.767151296138763428e-01 7.820901274681091309e-02 -3.996424078941345215e-01 -1.323788762092590332e-01 4.132665693759918213e-01 2.508054077625274658e-01 -9.244337677955627441e-02 -7.293294370174407959e-02 5.095653533935546875e-01 1.283653527498245239e-01
1.026559621095657349e-02 -8.939360827207565308e-02 2.141369432210922241e-01 -4.202220588922500610e-03 1.068531498312950134e-01 9.318640828132629395e-02 6.199958175420761108e-02 -1.151974499225616455e-01 -1.128140091896057129e-01 -3.875756263732910156e-02 2.281206548213958740e-01 5.940219759941101074e-02 -2.141563966870307922e-02 2.495690286159515381e-01 1.591524183750152588e-01 9.118598699569702148e-02 -7.789774239063262939e-02 7.569032907485961914e-02 4.417321830987930298e-02 1.156382337212562561e-01 -1.736909002065658569e-01 -5.781085044145584106e-02 7.839743047952651978e-04 -3.597557544708251953e-02 -1.461443603038787842e-01 4.057461023330688477e-02 -1.310390233993530273e-01 2.847334556281566620e-02 -4.713387787342071533e-02 -8.737079799175262451e-02 9.126611053943634033e-02 -5.339946597814559937e-03
-6.459423154592514038e-02 -4.988346248865127563e-02 -3.918807953596115112e-03 1.205126494169235229e-01 -2.628410160541534424e-01 -5.668855458498001099e-02 2.886527031660079956e-02 1.678114831447601318e-01 1.596826463937759399e-01 2.942491471767425537e-01 -2.007697820663452148e-01 -2.664938010275363922e-02 3.703860193490982056e-02 -1.174890846014022827e-01 1.004639491438865662e-01 5.454061552882194519e-03 1.282481551170349121e-01 2.909349501132965088e-01 -7.030872255563735962e-02 -1.924326121807098389e-01 5.870395526289939880e-02 6.316256523132324219e-02 3.834811598062515259e-02 1.207187250256538391e-01 5.067612975835800171e-03 -9.703285247087478638e-02 -5.151662603020668030e-02 1.792847961187362671e-01 1.756723970174789429e-03 1.569976806640625000e-01 5.743467807769775391e-02 1.266163736581802368e-01
2.458343207836151123e-01 5.283915624022483826e-02 1.534123122692108154e-01 2.376861870288848877e-01 -4.548558592796325684e-02 2.821122109889984131e-01 1.867289841175079346e-01 -1.931191384792327881e-01 -1.295879483222961426e-01 9.016100317239761353e-03 1.314790919423103333e-03 2.102967202663421631e-01 -4.742418229579925537e-02 1.602866500616073608e-01 -4.184660315513610840e-02 -5.209969356656074524e-02 -4.137427210807800293e-01 3.143661320209503174e-01 -1.164527684450149536e-01 4.326219856739044189e-02 -1.341073215007781982e-01 -1.238306835293769836e-01 3.194322437047958374e-02 1.918127387762069702e-02 -3.437303602695465088e-01 6.566452980041503906e-02 3.350667953491210938e-01 1.624004989862442017e-01 -9.834834933280944824e-02 -2.053314447402954102e-01 3.436269164085388184e-01 7.193437963724136353e-02
5.160473287105560303e-02 3.777787089347839355e-02 -2.104351818561553955e-01 1.521180123090744019e-01 -2.260232567787170410e-01 -1.252959072589874268e-01 -7.702633738517761230e-03 1.179986894130706787e-01 1.662073582410812378e-01 2.880815863609313965e-01 -3.739369213581085205e-01 4.228428006172180176e-03 5.316151678562164307e-02 -2.310670465230941772e-01 1.825186237692832947e-02 -1.529201269149780273e-01 1.689996570348739624e-01 2.290961444377899170e-01 -1.983014941215515137e-01 -2.841789722442626953e-01 2.200334072113037109e-01 7.887251675128936768e-03 3.487391769886016846e-02 1.282919645309448242e-01 -1.821771077811717987e-02 -1.953377127647399902e-01 1.104228049516677856e-01 1.720814853906631470e-01 6.644029170274734497e-03 1.727116703987121582e-01 3.438318148255348206e-03 9.005790948867797852e-02
-3.447838127613067627e-02 1.340860594063997269e-02 -1.119933724403381348e-01 -4.565456882119178772e-02 -2.284948825836181641e-01 -2.227451652288436890e-02 5.445601791143417358e-02 8.407309651374816895e-03 1.122303307056427002e-02 5.356238782405853271e-02 -1.050969809293746948e-01 -2.664176560938358307e-02 -6.190982460975646973e-02 -1.394043117761611938e-01 -2.079879939556121826e-01 1.820715144276618958e-03 -1.026255339384078979e-01 -2.160399854183197021e-01 5.838843435049057007e-02 -5.977343022823333740e-02 1.072433590888977051e-01 1.898832917213439941e-01 3.488987684249877930e-02 -3.876056522130966187e-02 1.969887018203735352e-01 5.632880330085754395e-02 1.701737493276596069e-01 -6.073178350925445557e-02 2.671312168240547180e-02 5.016057193279266357e-02 3.543655946850776672e-02 1.900559663772583008e-01
-1.377438604831695557e-01 -3.042134642601013184e-02 -5.245502665638923645e-02 -5.113061890006065369e-02 -2.067156732082366943e-01 5.840711295604705811e-03 9.827511757612228394e-02 1.407055705785751343e-01 8.425565063953399658e-02 7.685915380716323853e-02 -4.128131270408630371e-02 -8.879628777503967285e-02 -1.938686668872833252e-01 -9.758910536766052246e-02 -9.971515834331512451e-02 7.106204330921173096e-02 -1.244690269231796265e-03 -1.719755232334136963e-01 5.652712285518646240e-02 -6.566987931728363037e-02 1.284228861331939697e-01 2.161684930324554443e-01 1.335942149162292480e-01 -6.877190619707107544e-02 2.633748650550842285e-01 -6.091514974832534790e-02 -2.757359296083450317e-03 -1.343196332454681396e-01 1.769578158855438232e-01 1.326076686382293701e-01 4.654567688703536987e-02 1.240198686718940735e-01
1.189077794551849365e-01 -4.253244772553443909e-02 1.785840988159179688e-01 1.026229560375213623e-01 2.987800911068916321e-02 6.137052178382873535e-02 5.018299072980880737e-02 -8.747339248657226562e-02 -1.011152565479278564e-01 4.796732962131500244e-02 2.002980560064315796e-02 9.623438864946365356e-02 1.367281563580036163e-02 1.373900771141052246e-01 9.781236201524734497e-02 -1.123133581131696701e-02 -5.957138910889625549e-02 2.815310359001159668e-01 -6.541316211223602295e-02 -4.051479697227478027e-02 -1.150384694337844849e-01 -7.185051590204238892e-02 4.769704490900039673e-02 -2.891951054334640503e-02 -2.199181765317916870e-01 -2.665139734745025635e-02 -2.632430195808410645e-02 9.241665154695510864e-02 -8.532020449638366699e-02 -2.659320086240768433e-02 1.886696070432662964e-01 3.573778644204139709e-02
-1.467357873916625977e-01 8.964116871356964111e-02 -3.506756722927093506e-01 -7.800050079822540283e-02 -3.220692276954650879e-01 -3.132669627666473389e-01 -6.126435101032257080e-02 2.856743335723876953e-01 2.518559098243713379e-01 3.137935698032379150e-01 -2.894005179405212402e-01 -1.484115719795227051e-01 4.761071503162384033e-02 -2.780170440673828125e-01 8.610793948173522949e-02 -5.152709782123565674e-02 3.249717950820922852e-01 -1.007751226425170898e-01 -1.132131516933441162e-01 -2.274680733680725098e-01 2.924527823925018311e-01 7.102951407432556152e-02 -1.459096223115921021e-01 1.490622013807296753e-01 2.016318291425704956e-01 -1.418344378471374512e-01 -5.973036214709281921e-02 1.613213866949081421e-01 1.459624171257019043e-01 2.227891087532043457e-01 -3.907878994941711426e-01 8.888611942529678345e-02
3.006660044193267822e-01 9.789688885211944580e-02 8.192405104637145996e-02 1.164877600967884064e-02 -6.400004029273986816e-02 2.226228117942810059e-01 1.539234817028045654e-01 2.349437028169631958e-01 -6.329938769340515137e-02 1.282792985439300537e-01 -7.729183137416839600e-02 2.957931905984878540e-02 2.735324390232563019e-02 -2.057858705520629883e-01 -2.212876081466674805e-01 2.936978042125701904e-01 2.159762382507324219e-02 2.044844329357147217e-01 -1.651492565870285034e-01 1.190398782491683960e-01 2.030424922704696655e-01 4.970951005816459656e-02 -1.686349511146545410e-02 6.942236423492431641e-02 -1.286244988441467285e-01 -2.124653309583663940e-01 5.258261784911155701e-02 2.251778841018676758e-01 8.109703660011291504e-03 5.512087047100067139e-02 7.610565423965454102e-02 7.419878989458084106e-02
-1.572655737400054932e-01 -1.026698276400566101e-01 -5.166833475232124329e-02 -3.672702237963676453e-02 -1.257354021072387695e-01 -3.045134246349334717e-01 -6.844675540924072266e-02 1.453006118535995483e-01 8.128692209720611572e-02 2.075916230678558350e-01 -9.272776544094085693e-02 -1.323873549699783325e-01 5.428772047162055969e-02 -3.065574914216995239e-03 1.734720468521118164e-01 5.451463535428047180e-02 2.759023606777191162e-01 8.581864833831787109e-02 -5.386974662542343140e-02 -1.563875228166580200e-01 4.861885681748390198e-03 1.109038889408111572e-01 -8.364226669073104858e-04 6.605424731969833374e-02 9.954610466957092285e-02 -1.469013243913650513e-01 -2.871823906898498535e-01 3.321126103401184082e-02 7.164312154054641724e-02 1.688237190246582031e-01 -1.559805423021316528e-01 9.438949078321456909e-02
-3.987856209278106689e-02 -7.477753609418869019e-02 3.786080330610275269e-02 9.450098872184753418e-02 -2.527948915958404541e-01 -6.659188866615295410e-02 5.624026805162429810e-02 1.381414383649826050e-01 1.250741183757781982e-01 2.757622897624969482e-01 -1.654323041439056396e-01 -3.064818307757377625e-02 2.100343070924282074e-02 -4.379947856068611145e-02 6.287512928247451782e-02 3.911909088492393494e-02 1.173705309629440308e-01 3.290798366069793701e-01 -9.215176105499267578e-02 -1.780133098363876343e-01 4.166829213500022888e-02 2.261614054441452026e-02 8.090656250715255737e-02 6.456214189529418945e-02 -4.101255908608436584e-02 -8.232580125331878662e-02 -7.277259230613708496e-02 1.648107022047042847e-01 2.306093275547027588e-02 1.231099143624305725e-01 7.237324863672256470e-02 1.338754594326019287e-01
-2.156773358583450317e-01 -1.530025601387023926e-01 3.065440952777862549e-01 -1.567302644252777100e-01 6.079857423901557922e-02 -6.455700844526290894e-03 -5.616480112075805664e-02 7.470066845417022705e-02 -1.845583319664001465e-02 7.664720714092254639e-02 2.914054393768310547e-01 -4.416586086153984070e-02 -6.815608590841293335e-02 2.655678689479827881e-01 2.465485334396362305e-01 2.162126749753952026e-01 7.579008489847183228e-02 -4.864109680056571960e-02 1.245674267411231995e-01 3.703027218580245972e-02 -2.270325273275375366e-01 7.322898507118225098e-02 -1.925932429730892181e-02 -6.026274710893630981e-02 3.350907564163208008e-02 -1.581028848886489868e-02 -4.434060752391815186e-01 -4.876287281513214111e-02 -2.339207753539085388e-02 -6.451409310102462769e-03 -1.770302839577198029e-02 -4.304566234350204468e-02
-3.537827730178833008e-02 4.700144380331039429e-02 3.003673255443572998e-02 1.326946169137954712e-02 1.535001248121261597e-01 3.402780741453170776e-03 1.679392158985137939e-01 2.389234304428100586e-01 -7.942613959312438965e-02 2.286322228610515594e-02 1.251272559165954590e-01 -1.141498237848281860e-01 -1.223849207162857056e-01 -6.772261857986450195e-02 6.590548902750015259e-02 1.314660161733627319e-01 1.983920931816101074e-01 4.844209924340248108e-02 -1.235079020261764526e-01 4.217411577701568604e-02 1.140754520893096924e-01 2.447648718953132629e-02 -1.007646322250366211e-02 -1.883114278316497803e-01 2.351161837577819824e-02 -2.342165559530258179e-01 -2.737138569355010986e-01 -7.971133105456829071e-03 1.158223673701286316e-01 5.993399769067764282e-02 4.042777232825756073e-03 -1.343867331743240356e-01
6.112718582153320312e-02 3.014236688613891602e-02 1.514625251293182373e-01 -6.030725315213203430e-02 5.390182137489318848e-02 1.577945053577423096e-01 4.735226184129714966e-02 -1.706731617450714111e-01 -1.169121563434600830e-01 -1.086329296231269836e-01 1.828660368919372559e-01 1.059989556670188904e-01 -9.223768860101699829e-02 2.048332840204238892e-01 -4.413782060146331787e-02 -3.656508028507232666e-02 -2.899204194545745850e-01 -1.200828477740287781e-01 9.140156209468841553e-02 4.799395799636840820e-02 -1.621425747871398926e-01 -9.980820864439010620e-02 -7.754766941070556641e-02 -4.650594294071197510e-02 -7.538759708404541016e-02 2.151053398847579956e-01 1.065936684608459473e-01 1.852318830788135529e-02 -1.156638562679290771e-01 -1.689755916595458984e-01 1.340557187795639038e-01 5.061012506484985352e-02
2.406069338321685791e-01 6.334432959556579590e-02 1.608492732048034668e-01 2.818590700626373291e-01 8.031071722507476807e-02 1.609023362398147583e-01 1.645603775978088379e-01 -2.123915553092956543e-01 -1.688002794981002808e-01 -3.596105054020881653e-02 -7.694727182388305664e-02 1.908740997314453125e-01 -3.162047639489173889e-02 1.317222714424133301e-01 -2.306938357651233673e-02 -1.093148887157440186e-01 -2.500344812870025635e-01 4.050377905368804932e-01 -1.731184422969818115e-01 -8.409558236598968506e-02 -7.191124558448791504e-02 -1.319994032382965088e-01 6.134320050477981567e-02 -9.740158915519714355e-03 -3.718778192996978760e-01 -1.952817291021347046e-02 2.478967010974884033e-01 1.704432517290115356e-01 -1.485802233219146729e-01 -1.272139847278594971e-01 3.411869108676910400e-01 5.131630599498748779e-02
5.844030380249023438e-01 3.802602291107177734e-01 -1.525442898273468018e-01 1.255735456943511963e-01 -3.437273502349853516e-01 2.452991604804992676e-01 -1.486317068338394165e-02 -1.815696060657501221e-01 -7.353783398866653442e-02 5.357792228460311890e-02 -5.462834239006042480e-01 2.626172006130218506e-01 2.222598791122436523e-01 -3.178587555885314941e-01 -6.011857390403747559e-01 -1.010712329298257828e-02 -3.514659404754638672e-01 1.178884208202362061e-01 -1.192775592207908630e-01 1.059170961380004883e-01 2.988586127758026123e-01 -1.029266640543937683e-01 -2.047245651483535767e-01 3.935530781745910645e-01 -2.548888325691223145e-01 6.836843490600585938e-02 7.989459037780761719e-01 4.844119548797607422e-01 -2.863634526729583740e-01 -1.704040765762329102e-01 2.180550843477249146e-01 3.963650465011596680e-01
-2.132465504109859467e-02 -1.991209760308265686e-02 3.904829174280166626e-02 1.950795203447341919e-02 1.369317062199115753e-02 2.217810600996017456e-03 1.969083845615386963e-01 2.789075374603271484e-01 1.602992415428161621e-03 9.043332189321517944e-02 4.518034309148788452e-02 -1.137882620096206665e-01 -1.157212257385253906e-01 -8.547832071781158447e-02 2.873180061578750610e-02 1.910697817802429199e-01 8.914305269718170166e-02 1.229655444622039795e-01 -1.090621277689933777e-01 5.517165735363960266e-02 8.369165658950805664e-02 1.449699848890304565e-01 9.882079809904098511e-02 -1.487105488777160645e-01 7.211285084486007690e-02 -2.007714807987213135e-01 -2.265207022428512573e-01 -8.950746059417724609e-02 2.030543088912963867e-01 1.172880157828330994e-01 -4.612617194652557373e-03 -4.316919296979904175e-02
7.763640955090522766e-03 1.226878464221954346e-01 -2.940799295902252197e-01 8.177521824836730957e-02 -3.160413503646850586e-01 -1.290389299392700195e-01 3.479667007923126221e-02 1.788896024227142334e-01 2.378744035959243774e-01 3.281548023223876953e-01 -4.659714102745056152e-01 6.143674254417419434e-03 4.133305698633193970e-02 -2.909924387931823730e-01 -4.814864695072174072e-02 -7.032895088195800781e-02 1.484836339950561523e-01 1.813960820436477661e-01 -1.538958251476287842e-01 -3.011578917503356934e-01 2.747972309589385986e-01 3.203204274177551270e-02 5.357141047716140747e-02 1.585303544998168945e-01 5.139498412609100342e-02 -1.803366243839263916e-01 1.891150176525115967e-01 2.212519347667694092e-01 8.295591175556182861e-02 1.944365203380584717e-01 -1.311321407556533813e-01 1.832418590784072876e-01
2.774361073970794678e-01 1.124015823006629944e-01 1.114048212766647339e-01 4.793187603354454041e-02 -5.726344883441925049e-02 2.355192601680755615e-01 1.738205552101135254e-01 2.280783504247665405e-01 -3.100772202014923096e-02 1.182182803750038147e-01 -7.727896422147750854e-02 2.532193809747695923e-02 -3.582901507616043091e-02 -1.942822486162185669e-01 -1.981529891490936279e-01 3.229086399078369141e-01 -2.047595009207725525e-02 2.131080925464630127e-01 -1.429579555988311768e-01 1.298862099647521973e-01 2.071485668420791626e-01 8.800514042377471924e-02 4.091199487447738647e-02 8.630844205617904663e-02 -1.445727050304412842e-01 -2.265612334012985229e-01 2.087126299738883972e-02 2.107900679111480713e-01 4.607377201318740845e-02 4.815391823649406433e-02 1.271112263202667236e-01 7.877874374389648438e-02
-1.005227193236351013e-01 -6.255766749382019043e-02 1.920991688966751099e-01 -9.806796908378601074e-02 3.747678175568580627e-02 1.196886748075485229e-01 -2.167072892189025879e-02 -5.507446825504302979e-02 -1.074962913990020752e-01 -1.695188321173191071e-02 3.223663866519927979e-01 2.275808900594711304e-02 -7.926557958126068115e-02 1.618450880050659180e-01 1.209249421954154968e-01 -8.693938702344894409e-02 -1.951753944158554077e-01 -1.976249814033508301e-01 1.288861334323883057e-01 9.226778149604797363e-02 -1.923800259828567505e-01 -1.194391027092933655e-01 -1.320498138666152954e-01 -1.274471580982208252e-01 5.804420262575149536e-02 2.088336199522018433e-01 -6.021960452198982239e-02 -1.345482934266328812e-02 -1.068151816725730896e-01 -1.525003314018249512e-01 4.961065948009490967e-02 -4.179429262876510620e-02
-1.262419670820236206e-01 -1.381831616163253784e-01 3.005162477493286133e-01 -1.061723828315734863e-01 1.066250652074813843e-01 2.230176329612731934e-02 -2.299013361334800720e-02 1.470605283975601196e-02 -4.957309365272521973e-02 4.354982078075408936e-02 2.525523900985717773e-01 1.724217087030410767e-03 -3.710024803876876831e-02 2.845014631748199463e-01 2.256329655647277832e-01 1.937441378831863403e-01 3.502485901117324829e-02 9.869039058685302734e-05 1.145309433341026306e-01 5.832146853208541870e-02 -2.441565692424774170e-01 6.118176132440567017e-02 3.167694434523582458e-03 -8.492156118154525757e-02 -3.195620328187942505e-02 -2.957581728696823120e-02 -3.396916091442108154e-01 -3.401691094040870667e-02 -3.417043015360832214e-02 -6.901161372661590576e-02 1.627716608345508575e-02 -4.364649206399917603e-02
6.732654571533203125e-02 -3.422665596008300781e-02 1.152194738388061523e-01 2.213620394468307495e-01 -9.547975659370422363e-02 5.186435952782630920e-02 9.433715790510177612e-02 -3.036132454872131348e-02 1.779433153569698334e-02 1.174913421273231506e-01 -1.471941471099853516e-01 6.460023671388626099e-02 2.356843836605548859e-02 3.476630523800849915e-02 4.331129789352416992e-02 2.713517099618911743e-02 -2.957232668995857239e-02 3.943889141082763672e-01 -1.024321019649505615e-01 -1.573525220155715942e-01 -1.174297481775283813e-01 6.762385368347167969e-02 1.589022725820541382e-01 5.210266262292861938e-02 -1.949887871742248535e-01 -1.258687674999237061e-01 2.170064672827720642e-02 1.198591142892837524e-01 -6.551113724708557129e-02 1.633818261325359344e-02 2.117733061313629150e-01 9.941282123327255249e-02
4.775916785001754761e-02 7.694080471992492676e-02 -9.985004365444183350e-02 -2.515425533056259155e-02 -2.415026128292083740e-01 1.498874090611934662e-02 -1.471238583326339722e-02 -5.613118410110473633e-02 -4.480042308568954468e-02 -3.845676779747009277e-02 -1.565926969051361084e-01 7.215888053178787231e-02 -1.549876481294631958e-02 -1.302996724843978882e-01 -3.204876482486724854e-01 -9.436446428298950195e-02 -2.071019709110260010e-01 -1.887247115373611450e-01 7.778508961200714111e-02 -2.658574283123016357e-02 1.122432202100753784e-01 8.303059637546539307e-02 -6.362912058830261230e-02 1.581667363643646240e-02 1.275672018527984619e-01 1.910296231508255005e-01 3.806240260601043701e-01 4.112890362739562988e-02 -4.518744722008705139e-02 7.477588951587677002e-06 9.312533587217330933e-02 1.860669106245040894e-01
-5.675135552883148193e-02 -2.832351624965667725e-02 1.849981993436813354e-01 -2.648302540183067322e-02 7.475523650646209717e-02 7.783152163028717041e-03 3.083508461713790894e-02 -8.664785325527191162e-02 -1.126922518014907837e-01 -5.543821305036544800e-02 2.150515317916870117e-01 1.994299888610839844e-02 -4.703553020954132080e-02 2.379979342222213745e-01 2.146974503993988037e-01 2.840738371014595032e-02 -5.025536939501762390e-02 1.973788067698478699e-02 7.218394428491592407e-02 8.553922921419143677e-02 -1.122782826423645020e-01 -9.196885675191879272e-02 -5.099680274724960327e-02 -4.095552116632461548e-02 -1.250897049903869629e-01 1.341529190540313721e-02 -2.397610247135162354e-01 -2.013168483972549438e-02 -4.943753033876419067e-02 -6.434804201126098633e-02 1.560345198959112167e-02 -6.445161998271942139e-04
1.742437295615673065e-02 -5.633726716041564941e-02 1.739806830883026123e-01 4.929068312048912048e-02 1.252372860908508301e-01 -7.382155209779739380e-02 2.022860199213027954e-02 -2.488627284765243530e-02 -8.127690851688385010e-02 -1.173491589725017548e-02 4.493939131498336792e-02 -1.567342877388000488e-02 8.923789486289024353e-03 1.309977620840072632e-01 2.086858749389648438e-01 -4.317484796047210693e-03 7.493842393159866333e-02 2.131366133689880371e-01 -6.117668002843856812e-02 -5.119106173515319824e-02 -8.226181566715240479e-02 -4.304613173007965088e-02 1.035179756581783295e-02 -3.442503511905670166e-03 -1.434261053800582886e-01 -7.589614391326904297e-02 -2.417304068803787231e-01 5.903492867946624756e-02 -9.374628961086273193e-02 9.832338243722915649e-02 4.108574986457824707e-02 5.515388399362564087e-02
3.059658221900463104e-02 -6.284781545400619507e-02 1.457506418228149414e-01 1.404534280300140381e-01 -1.993803307414054871e-02 -3.333675861358642578e-02 3.164914995431900024e-02 -1.479726284742355347e-02 -2.588924765586853027e-02 1.125239506363868713e-01 -7.671955972909927368e-02 3.777942061424255371e-02 3.524871543049812317e-02 8.369349688291549683e-02 8.033225685358047485e-02 1.404726505279541016e-02 5.325518921017646790e-02 3.435860872268676758e-01 -9.023986011743545532e-02 -1.269356161355972290e-01 -7.625576853752136230e-02 3.381629660725593567e-02 1.005262136459350586e-01 1.374807953834533691e-02 -1.887684315443038940e-01 -1.137764602899551392e-01 -8.429992198944091797e-02 1.102071106433868408e-01 -6.347838044166564941e-02 4.525322094559669495e-02 1.506466418504714966e-01 5.401445925235748291e-02
1.630211994051933289e-02 1.484226621687412262e-02 -6.849983334541320801e-02 3.497485443949699402e-02 1.622754484415054321e-01 -1.646317243576049805e-01 1.806333661079406738e-01 2.319286912679672241e-01 -6.643690913915634155e-02 1.480961218476295471e-03 1.012543663382530212e-01 -1.484605073928833008e-01 -2.421535924077033997e-02 -1.131323277950286865e-01 5.014055222272872925e-02 7.022650539875030518e-02 3.308633565902709961e-01 3.180444613099098206e-02 -1.153468713164329529e-01 3.387145698070526123e-02 1.246120184659957886e-01 -1.008510589599609375e-02 -7.579892128705978394e-02 -2.170139253139495850e-01 -1.110969297587871552e-02 -1.801443547010421753e-01 -2.937867641448974609e-01 9.780623018741607666e-03 1.006835624575614929e-01 1.373390257358551025e-01 -1.326964199542999268e-01 -1.159719675779342651e-01
-8.269181102514266968e-02 2.468156628310680389e-03 1.667691022157669067e-01 8.450183272361755371e-02 2.950837314128875732e-01 3.227001056075096130e-02 9.133412688970565796e-02 1.074341759085655212e-01 -6.440810859203338623e-02 -1.737375184893608093e-02 3.277381956577301025e-01 -3.905837982892990112e-02 -6.372950971126556396e-02 1.736414283514022827e-01 3.114128112792968750e-01 2.521494403481483459e-02 1.667632609605789185e-01 1.911597698926925659e-01 -1.896557211875915527e-01 2.912495285272598267e-02 -1.480396986007690430e-01 -2.190663814544677734e-01 -4.964446276426315308e-02 -2.344737946987152100e-01 -1.510575413703918457e-01 -8.416305482387542725e-02 -4.059852063655853271e-01 8.872726559638977051e-02 5.244594067335128784e-03 -1.142727807164192200e-01 5.099558830261230469e-02 -3.530402481555938721e-01
-3.718785941600799561e-02 -4.140794649720191956e-02 1.997407227754592896e-01 -1.391303539276123047e-01 8.865943551063537598e-02 8.831524848937988281e-02 3.524508327245712280e-02 -1.165855824947357178e-01 -8.296503126621246338e-02 -5.689933151006698608e-02 3.371751308441162109e-01 4.626429826021194458e-02 -1.104316115379333496e-01 2.529281675815582275e-01 9.485203772783279419e-02 3.331708163022994995e-02 -1.786795407533645630e-01 -1.692610085010528564e-01 1.237709894776344299e-01 9.416769444942474365e-02 -2.063611447811126709e-01 -6.360094994306564331e-02 -7.227881997823715210e-02 -9.303987771272659302e-02 -2.107388339936733246e-02 1.952556222677230835e-01 -7.542326301336288452e-02 -3.119701892137527466e-02 -3.922724351286888123e-02 -1.072534993290901184e-01 1.028571464121341705e-02 6.686506792902946472e-03
3.185762763023376465e-01 5.016937851905822754e-02 9.029784798622131348e-02 3.221921920776367188e-01 7.511129230260848999e-02 2.131367027759552002e-01 1.883996427059173584e-01 -2.765358984470367432e-01 -1.873693019151687622e-01 -6.733839213848114014e-02 -1.583565175533294678e-01 2.190603911876678467e-01 1.356932334601879120e-03 1.117655634880065918e-01 -9.429992735385894775e-02 -1.901525259017944336e-01 -2.895592153072357178e-01 3.947235643863677979e-01 -2.312701493501663208e-01 -3.736004233360290527e-02 5.777999758720397949e-03 -1.673986911773681641e-01 7.578480243682861328e-02 1.184334233403205872e-02 -4.071103334426879883e-01 -3.013636916875839233e-02 4.046190977096557617e-01 1.909786462783813477e-01 -1.088632196187973022e-01 -1.310039162635803223e-01 3.729349076747894287e-01 6.666322797536849976e-02
-7.591905444860458374e-02 1.416385639458894730e-02 -9.159824252128601074e-02 -2.252661064267158508e-02 -2.354688942432403564e-01 -4.504641890525817871e-02 8.388105779886245728e-02 8.659130334854125977e-02 3.870976716279983521e-02 1.041965484619140625e-01 -5.981428548693656921e-02 -7.998935133218765259e-02 -1.042018160223960876e-01 -1.083304435014724731e-01 -1.155918315052986145e-01 6.822519004344940186e-03 -3.679778799414634705e-02 -1.724766343832015991e-01 4.596240073442459106e-02 -5.501478910446166992e-02 1.137897968292236328e-01 1.883891671895980835e-01 3.993247449398040771e-02 -5.905725806951522827e-02 1.960975676774978638e-01 2.753101289272308350e-02 8.717569708824157715e-02 -2.958329953253269196e-02 5.659818649291992188e-02 8.987798541784286499e-02 -3.657415509223937988e-04 1.396103799343109131e-01
-6.472478155046701431e-03 -7.635284960269927979e-02 2.277086526155471802e-01 -4.464355483651161194e-02 1.905210614204406738e-01 1.808935590088367462e-02 1.264241337776184082e-02 -1.161285787820816040e-01 -1.570843905210494995e-01 -9.582497924566268921e-02 2.599525749683380127e-01 4.490125924348831177e-02 -3.592138737440109253e-02 2.913997769355773926e-01 1.978721916675567627e-01 6.593681871891021729e-02 -4.024533554911613464e-02 2.056314423680305481e-02 4.110646992921829224e-02 7.852969318628311157e-02 -1.758697628974914551e-01 -3.484313189983367920e-02 -4.024867713451385498e-02 -8.391090482473373413e-02 -1.430389285087585449e-01 -6.802923977375030518e-03 -2.063181549310684204e-01 -2.771543338894844055e-02 -5.342345684766769409e-02 -7.537999749183654785e-02 5.305420607328414917e-02 -2.604777365922927856e-02
-1.561175584793090820e-01 -9.085460752248764038e-02 2.327882349491119385e-01 -1.144728213548660278e-01 1.267372071743011475e-01 2.208272553980350494e-02 -3.080390393733978271e-03 -8.495788276195526123e-02 -9.361730515956878662e-02 -6.947839260101318359e-02 3.975751101970672607e-01 -3.673676773905754089e-02 -9.111105650663375854e-02 2.945847213268280029e-01 2.096263766288757324e-01 4.923747852444648743e-02 -4.264875128865242004e-02 -1.812423169612884521e-01 1.613815575838088989e-01 1.162708103656768799e-01 -1.799381673336029053e-01 -6.592573970556259155e-02 -8.313331753015518188e-02 -1.003858670592308044e-01 -1.438312977552413940e-02 1.283640563488006592e-01 -2.580470740795135498e-01 -1.048121824860572815e-01 -7.603802531957626343e-02 -9.821882098913192749e-02 -7.938738167285919189e-02 -9.895661473274230957e-02
-8.982061594724655151e-02 -1.085595339536666870e-01 2.735987603664398193e-01 -1.038330495357513428e-01 1.352721303701400757e-01 6.058333814144134521e-02 -2.207849174737930298e-02 -5.914701521396636963e-02 -1.138853579759597778e-01 -6.086846441030502319e-02 3.374771177768707275e-01 1.739916950464248657e-02 -5.682964250445365906e-02 3.053804934024810791e-01 2.000223100185394287e-01 1.263765394687652588e-01 -6.635414063930511475e-02 -9.921650588512420654e-02 1.187095567584037781e-01 1.234102249145507812e-01 -2.099832594394683838e-01 -2.459213137626647949e-04 -5.817499756813049316e-02 -8.940169960260391235e-02 -5.650512874126434326e-02 2.852238714694976807e-02 -2.474874705076217651e-01 -7.440738379955291748e-02 -4.870457574725151062e-03 -1.208768635988235474e-01 1.284080278128385544e-02 -7.502778619527816772e-02
4.887718707323074341e-02 -2.737701684236526489e-02 2.369055598974227905e-01 9.603796899318695068e-02 4.691537469625473022e-03 8.860284090042114258e-02 7.588409632444381714e-02 -3.281665593385696411e-02 -4.657424241304397583e-02 6.857900321483612061e-02 2.900779247283935547e-02 3.520400077104568481e-02 -4.020880535244941711e-02 1.477528959512710571e-01 1.033858582377433777e-01 9.722764790058135986e-02 -9.936743974685668945e-02 2.937195003032684326e-01 -3.400496393442153931e-02 -1.096010208129882812e-02 -1.978871524333953857e-01 -1.922916620969772339e-02 1.177145540714263916e-01 -1.046216487884521484e-02 -1.967546045780181885e-01 -5.907595157623291016e-03 -8.192403614521026611e-02 1.090783774852752686e-01 -8.771984279155731201e-02 -3.935401141643524170e-02 1.423401683568954468e-01 8.494585752487182617e-02
2.878603339195251465e-01 1.016768962144851685e-01 2.565841972827911377e-01 3.468232601881027222e-02 1.268301606178283691e-01 1.645945310592651367e-01 1.740469038486480713e-01 1.973968744277954102e-01 -9.725087881088256836e-02 1.073698624968528748e-01 1.190001592040061951e-01 1.043029800057411194e-01 6.232247874140739441e-02 6.575885415077209473e-02 8.660729974508285522e-03 1.212669461965560913e-01 8.553896844387054443e-02 2.985512018203735352e-01 -2.518528401851654053e-01 1.457193195819854736e-01 -6.059677526354789734e-02 -1.936345696449279785e-01 -1.557658910751342773e-01 -6.774341315031051636e-02 -2.950522005558013916e-01 -1.451078206300735474e-01 -1.150015145540237427e-01 3.481708765029907227e-01 -7.349121570587158203e-02 -1.771883666515350342e-01 5.250979959964752197e-02 -1.645222306251525879e-01
-2.567530795931816101e-02 -1.168540120124816895e-01 1.936783045530319214e-01 4.764629900455474854e-02 7.149884849786758423e-02 -7.192637771368026733e-03 4.209861904382705688e-02 -2.212761342525482178e-02 -3.980834037065505981e-02 5.987232923507690430e-02 1.067754998803138733e-01 1.850351691246032715e-02 1.272501330822706223e-02 1.563664525747299194e-01 1.789493858814239502e-01 8.542151749134063721e-02 4.152783751487731934e-02 2.221229374408721924e-01 -2.103668823838233948e-02 -5.866192281246185303e-03 -1.435526162385940552e-01 1.377829909324645996e-02 2.646866627037525177e-02 6.369419395923614502e-03 -1.550677716732025146e-01 -5.420896783471107483e-02 -1.846511960029602051e-01 9.188043326139450073e-02 -6.020683050155639648e-02 9.454945102334022522e-03 5.549931526184082031e-02 2.754358202219009399e-02
-3.241790533065795898e-01 -1.861168593168258667e-01 2.108330875635147095e-01 -2.419962882995605469e-01 2.010185122489929199e-01 -1.142929568886756897e-01 -7.966543734073638916e-02 -1.636643707752227783e-02 -6.367421150207519531e-02 -8.634018152952194214e-02 4.505728483200073242e-01 -7.979370653629302979e-02 -1.198458895087242126e-01 2.981241941452026367e-01 2.866409122943878174e-01 9.674929082393646240e-02 1.054405048489570618e-01 -3.427498638629913330e-01 1.728267371654510498e-01 8.224322646856307983e-02 -1.554979681968688965e-01 5.725791305303573608e-02 -9.349209815263748169e-02 -1.352081000804901123e-01 1.348383128643035889e-01 -9.070158004760742188e-03 -4.960256218910217285e-01 -2.030967622995376587e-01 3.705590218305587769e-02 -3.824491053819656372e-02 -1.242656186223030090e-01 -9.633301198482513428e-02
1.989544481039047241e-01 9.033453464508056641e-02 7.542578130960464478e-02 1.842426694929599762e-02 2.250455133616924286e-02 1.501618921756744385e-01 1.649562716484069824e-01 2.548724412918090820e-01 -6.277962774038314819e-02 7.200546562671661377e-02 -8.637839555740356445e-02 1.155167818069458008e-02 -8.063355833292007446e-02 -1.712156832218170166e-01 -1.647008359432220459e-01 2.478927373886108398e-01 7.087567448616027832e-02 1.543301045894622803e-01 -1.453185081481933594e-01 7.469977438449859619e-02 1.842716187238693237e-01 4.914288967847824097e-02 -2.829792350530624390e-02 -8.208483457565307617e-03 -9.884913265705108643e-02 -2.297822982072830200e-01 -5.548775941133499146e-02 1.129554063081741333e-01 8.673783391714096069e-02 6.117855757474899292e-02 4.572302848100662231e-02 3.494339808821678162e-02
-3.165950626134872437e-02 5.029654875397682190e-02 -1.725061833858489990e-01 -6.315295398235321045e-02 -1.695694923400878906e-01 -1.221844777464866638e-01 5.124685913324356079e-02 3.969037160277366638e-02 -4.221253097057342529e-03 -6.578791886568069458e-03 -6.704372167587280273e-02 -3.726259618997573853e-02 -2.219808660447597504e-02 -1.469612121582031250e-01 -1.707895100116729736e-01 -7.726854830980300903e-02 7.373739033937454224e-02 -2.199791222810745239e-01 2.325719036161899567e-02 -7.382509112358093262e-02 2.052411735057830811e-01 4.194777458906173706e-02 -5.405082553625106812e-02 -4.061810672283172607e-02 1.620434522628784180e-01 5.697903037071228027e-02 1.389183849096298218e-01 -5.024801939725875854e-03 1.161434501409530640e-02 8.953446894884109497e-02 -7.199507951736450195e-02 1.133864596486091614e-01
-1.524662077426910400e-01 -2.553262189030647278e-02 8.209037035703659058e-02 -9.790559113025665283e-02 -1.292355805635452271e-01 1.305996775627136230e-01 2.945698797702789307e-03 -7.425761222839355469e-02 -2.698829770088195801e-02 -2.657303959131240845e-02 1.753600239753723145e-01 1.007769256830215454e-02 -1.727590113878250122e-01 1.287020593881607056e-01 -4.477277770638465881e-02 -4.996901750564575195e-02 -2.605569958686828613e-01 -2.672772705554962158e-01 1.748016625642776489e-01 5.516747757792472839e-02 -1.348766684532165527e-01 4.041720181703567505e-02 -8.276329375803470612e-03 -5.864378064870834351e-02 1.593171060085296631e-01 1.846823841333389282e-01 5.566190555691719055e-02 -8.174039423465728760e-02 -6.213820725679397583e-02 -7.944209873676300049e-02 7.460404187440872192e-02 6.520444899797439575e-02
1.859908849000930786e-01 7.533141970634460449e-02 -1.375342905521392822e-02 4.188138544559478760e-01 -2.071862071752548218e-01 1.621320098638534546e-01 1.651917397975921631e-01 -8.074790239334106445e-02 7.426377385854721069e-02 1.494556665420532227e-01 -3.713411092758178711e-01 1.902709007263183594e-01 3.580161835998296738e-03 -1.177971214056015015e-01 -9.353812038898468018e-02 -1.779573708772659302e-01 -1.225523948669433594e-01 5.958085060119628906e-01 -2.272030115127563477e-01 -2.746352553367614746e-01 1.320075094699859619e-01 -7.639472931623458862e-02 2.048411220312118530e-01 1.295201480388641357e-01 -3.176729083061218262e-01 -1.970717310905456543e-01 3.494771122932434082e-01 2.196393758058547974e-01 -8.206844329833984375e-02 2.121817320585250854e-02 4.216063618659973145e-01 1.259135603904724121e-01
-1.173290312290191650e-01 -4.987389594316482544e-02 -2.955198660492897034e-02 -8.637864142656326294e-03 -5.273512750864028931e-02 -8.117490261793136597e-02 1.909343898296356201e-01 3.054415583610534668e-01 4.465815052390098572e-02 1.167908981442451477e-01 9.316819161176681519e-02 -1.593780517578125000e-01 -1.482973396778106689e-01 -4.568951204419136047e-02 6.450739502906799316e-02 1.211241781711578369e-01 1.609820574522018433e-01 -2.421717345714569092e-02 -4.299903661012649536e-02 -4.037890583276748657e-02 8.422067761421203613e-02 1.856599152088165283e-01 8.148089051246643066e-02 -2.007831633090972900e-01 2.021847367286682129e-01 -1.881762742996215820e-01 -2.581969797611236572e-01 -1.263199150562286377e-01 1.825929284095764160e-01 1.647570431232452393e-01 -5.156372487545013428e-02 -4.011707752943038940e-02
1.542797386646270752e-01 1.175446733832359314e-01 1.927438229322433472e-01 8.186546713113784790e-02 1.608172059059143066e-01 8.181484043598175049e-02 1.759430170059204102e-01 2.132623791694641113e-01 -6.063969433307647705e-02 5.358112603425979614e-02 6.469949334859848022e-02 2.215240895748138428e-02 -2.555058896541595459e-02 -5.037976428866386414e-02 3.470885008573532104e-02 1.483672112226486206e-01 1.027284041047096252e-01 2.323776483535766602e-01 -2.300757169723510742e-01 1.165707111358642578e-01 4.620412737131118774e-02 -1.338796615600585938e-01 -3.604964911937713623e-02 -6.289085000753402710e-02 -2.414851337671279907e-01 -1.712723821401596069e-01 -1.709831058979034424e-01 1.948994398117065430e-01 3.085231408476829529e-02 -5.460714921355247498e-02 6.988553702831268311e-02 -1.194776445627212524e-01
-2.945817261934280396e-02 -3.375833481550216675e-02 -5.484907701611518860e-02 6.236367672681808472e-02 -1.625830233097076416e-01 -1.952183544635772705e-01 -6.042294204235076904e-03 1.473018825054168701e-01 1.076335236430168152e-01 2.297500222921371460e-01 -2.092812061309814453e-01 -5.946505814790725708e-02 4.443117231130599976e-02 -8.723165094852447510e-02 1.122180148959159851e-01 -1.232845708727836609e-03 1.704114675521850586e-01 2.251861691474914551e-01 -9.528271853923797607e-02 -1.895832717418670654e-01 6.854141503572463989e-02 3.321580216288566589e-02 6.327075511217117310e-02 6.014468520879745483e-02 2.907454222440719604e-02 -1.610524356365203857e-01 -1.184888929128646851e-01 1.163631230592727661e-01 4.206812381744384766e-02 1.811322569847106934e-01 -6.117169559001922607e-02 1.400656700134277344e-01
-3.602625131607055664e-01 -1.317024528980255127e-01 -1.600462943315505981e-03 -8.021225035190582275e-02 -3.334718197584152222e-02 -1.337101161479949951e-01 1.184514239430427551e-01 2.339302450418472290e-01 1.157799139618873596e-01 7.298996299505233765e-02 2.176871299743652344e-01 -2.026810944080352783e-01 -2.758393287658691406e-01 1.580445840954780579e-02 2.026071250438690186e-01 5.139212682843208313e-02 1.872247904539108276e-01 -2.189847081899642944e-01 7.339470088481903076e-02 -9.081690013408660889e-02 1.387970242649316788e-02 2.158160209655761719e-01 9.880460798740386963e-02 -2.595060467720031738e-01 3.595856726169586182e-01 -9.017515182495117188e-02 -4.233058094978332520e-01 -2.697682082653045654e-01 2.139644920825958252e-01 1.704807579517364502e-01 -1.072957813739776611e-01 -8.470134437084197998e-02
1.721096187829971313e-01 7.947364449501037598e-02 6.838426738977432251e-02 1.499691009521484375e-01 5.703080445528030396e-02 1.849641203880310059e-01 1.364180743694305420e-01 -2.663583457469940186e-01 -2.123364657163619995e-01 -1.312022805213928223e-01 -3.631483390927314758e-02 1.386414468288421631e-01 -5.697959288954734802e-02 1.354683488607406616e-01 -6.895679235458374023e-02 -1.708436906337738037e-01 -3.848285377025604248e-01 -1.752858236432075500e-02 -2.181846648454666138e-02 4.749374091625213623e-02 -4.721763357520103455e-02 -1.324432790279388428e-01 -7.936406135559082031e-02 -2.999722957611083984e-03 -1.243269369006156921e-01 1.477632820606231689e-01 3.270368576049804688e-01 4.733549803495407104e-02 -1.281092017889022827e-01 -1.927908658981323242e-01 2.183538675308227539e-01 8.360412716865539551e-02
-8.111527562141418457e-02 2.069089561700820923e-02 -9.473666548728942871e-02 -2.915211394429206848e-02 -8.074910938739776611e-02 -1.128727272152900696e-01 1.580746471881866455e-01 2.062631249427795410e-01 1.432621106505393982e-02 8.136505633592605591e-02 4.235462844371795654e-02 -1.294679045677185059e-01 -1.308863162994384766e-01 -1.015757322311401367e-01 -1.162846013903617859e-02 6.432943046092987061e-02 1.734524667263031006e-01 -1.212740540504455566e-01 -1.878342404961585999e-02 -8.975164592266082764e-02 1.448996961116790771e-01 1.555021554231643677e-01 2.630125172436237335e-02 -1.577257513999938965e-01 1.715429574251174927e-01 -1.264006942510604858e-01 -1.547188609838485718e-01 -7.042761892080307007e-02 1.219150647521018982e-01 1.416974961757659912e-01 -4.912644624710083008e-02 2.952581644058227539e-02
-3.345325887203216553e-01 -1.346603184938430786e-01 -3.999986872076988220e-02 -9.473139047622680664e-02 -3.368533402681350708e-02 -1.307374536991119385e-01 9.429206699132919312e-02 2.465947717428207397e-01 7.540874183177947998e-02 8.160163462162017822e-02 1.659862995147705078e-01 -2.087195813655853271e-01 -2.331143915653228760e-01 -4.125862196087837219e-02 1.371207237243652344e-01 -6.423341110348701477e-03 2.100583910942077637e-01 -1.830481141805648804e-01 5.807724595069885254e-02 -8.598713576793670654e-02 8.460068702697753906e-02 1.679905056953430176e-01 7.881619036197662354e-02 -2.316626012325286865e-01 3.722144067287445068e-01 -1.060503944754600525e-01 -3.119847178459167480e-01 -2.248281091451644897e-01 2.256765961647033691e-01 1.906011402606964111e-01 -1.208437159657478333e-01 -9.797446429729461670e-02
-1.137359142303466797e-01 -9.802147001028060913e-02 1.164746731519699097e-01 -2.152632176876068115e-01 1.505536586046218872e-01 -3.411076217889785767e-02 -4.230899736285209656e-02 -1.337309777736663818e-01 -1.286582797765731812e-01 -1.520132422447204590e-01 3.421306610107421875e-01 3.742479532957077026e-02 -1.068418323993682861e-01 2.366125434637069702e-01 1.227190718054771423e-01 -4.497893154621124268e-02 -5.072605237364768982e-02 -2.814171016216278076e-01 1.185721829533576965e-01 5.386241152882575989e-02 -1.303560435771942139e-01 -1.029676124453544617e-01 -1.168046891689300537e-01 -1.215396299958229065e-01 1.381938531994819641e-02 1.216681301593780518e-01 -1.972493380308151245e-01 -1.397041827440261841e-01 -2.547510527074337006e-02 -9.678850322961807251e-02 -6.563263386487960815e-02 -5.500350892543792725e-02
-2.177324593067169189e-01 -1.555812805891036987e-01 8.226512372493743896e-02 -2.890687882900238037e-01 2.474852055311203003e-01 -1.706630587577819824e-01 -1.134812682867050171e-01 -6.395018100738525391e-02 -9.947337210178375244e-02 -1.555374860763549805e-01 4.732706546783447266e-01 -1.310461387038230896e-02 -5.604677647352218628e-02 2.031788378953933716e-01 2.428559660911560059e-01 -1.237897276878356934e-01 1.347839236259460449e-01 -3.888353407382965088e-01 1.469144225120544434e-01 1.644629612565040588e-02 -9.977462887763977051e-02 -1.044041141867637634e-01 -2.230262756347656250e-01 -1.917296350002288818e-01 1.292143464088439941e-01 9.270177781581878662e-02 -3.932000696659088135e-01 -1.898765861988067627e-01 -1.378977298736572266e-02 -2.384412288665771484e-02 -1.638127565383911133e-01 -1.345598399639129639e-01
-1.783550716936588287e-02 -1.825582236051559448e-02 2.188190668821334839e-01 -6.385923922061920166e-02 1.045819148421287537e-01 6.542494148015975952e-02 3.366476297378540039e-02 -9.183931350708007812e-02 -1.257950514554977417e-01 -8.366026729345321655e-02 3.309414386749267578e-01 2.711734175682067871e-02 -6.833735108375549316e-02 2.824219167232513428e-01 1.319665014743804932e-01 -1.849960535764694214e-03 -1.692695170640945435e-01 -9.904093295335769653e-02 1.135760694742202759e-01 8.182772994041442871e-02 -1.831265538930892944e-01 -1.133564487099647522e-01 -1.049724221229553223e-01 -8.948197215795516968e-02 -7.648164033889770508e-02 1.518681794404983521e-01 -1.114300489425659180e-01 -4.550749808549880981e-02 -1.065798327326774597e-01 -1.049647331237792969e-01 -9.088460355997085571e-03 -5.225744843482971191e-02
-2.463653236627578735e-01 -3.725842013955116272e-02 -5.178328976035118103e-02 -1.090860813856124878e-01 -1.014987975358963013e-01 -9.667604416608810425e-02 7.822536677122116089e-02 1.725059002637863159e-01 6.388413161039352417e-02 6.288500130176544189e-02 5.606275051832199097e-02 -1.427742242813110352e-01 -2.176640182733535767e-01 -7.036714255809783936e-02 1.987386867403984070e-02 -1.120864972472190857e-02 9.912696480751037598e-02 -2.327087372541427612e-01 5.034661293029785156e-02 -1.224029660224914551e-01 1.210980415344238281e-01 1.885395646095275879e-01 4.077439755201339722e-02 -1.656829714775085449e-01 2.930493354797363281e-01 -6.867149472236633301e-02 -1.855396479368209839e-01 -1.511560380458831787e-01 1.713539361953735352e-01 1.577116847038269043e-01 -3.570818156003952026e-02 3.842493519186973572e-02
-2.094041407108306885e-01 -1.611256301403045654e-01 1.836582571268081665e-01 -1.111993789672851562e-01 1.176055967807769775e-01 -1.854853928089141846e-01 -5.845104530453681946e-02 1.601091772317886353e-02 -6.398451328277587891e-02 3.907976299524307251e-02 2.925926148891448975e-01 -8.166153728961944580e-02 4.230619594454765320e-02 2.428306788206100464e-01 3.292829096317291260e-01 1.017720103263854980e-01 2.209584712982177734e-01 -3.989253193140029907e-02 1.012997552752494812e-01 5.350289866328239441e-02 -1.258445680141448975e-01 5.576170980930328369e-03 -1.145047694444656372e-01 -7.757427543401718140e-02 7.599007338285446167e-03 -2.488186210393905640e-02 -4.527886211872100830e-01 -2.872894704341888428e-02 -3.714901581406593323e-02 3.406153246760368347e-02 -1.544298082590103149e-01 -8.135464787483215332e-02
-5.916859954595565796e-02 -6.504911929368972778e-02 2.303999066352844238e-01 -7.385550439357757568e-02 8.720831573009490967e-02 7.096293568611145020e-02 2.576771378517150879e-02 -8.501832187175750732e-02 -1.060112714767456055e-01 -7.094988226890563965e-02 2.800173759460449219e-01 4.954953491687774658e-02 -8.150501549243927002e-02 2.773869037628173828e-01 1.344666481018066406e-01 7.532432675361633301e-02 -1.341481059789657593e-01 -8.929172158241271973e-02 1.085458248853683472e-01 9.475205838680267334e-02 -1.739067584276199341e-01 -5.675509572029113770e-02 -6.865563243627548218e-02 -5.529487878084182739e-02 -6.935492902994155884e-02 7.004521787166595459e-02 -1.697939634323120117e-01 -6.313657015562057495e-02 -6.014319509267807007e-02 -1.605094075202941895e-01 2.753294073045253754e-02 -4.803293943405151367e-02
-1.403590291738510132e-01 -2.454761415719985962e-02 3.395675867795944214e-02 1.909495890140533447e-02 1.806381195783615112e-01 -1.013916209340095520e-01 1.682170927524566650e-01 2.521413564682006836e-01 1.049984246492385864e-02 2.663435600697994232e-02 2.546057701110839844e-01 -1.456070244312286377e-01 -1.420221626758575439e-01 1.830249466001987457e-02 2.031015455722808838e-01 6.283043324947357178e-02 2.425318509340286255e-01 6.486713886260986328e-02 -8.556502312421798706e-02 4.101082682609558105e-03 -3.326003998517990112e-02 2.990134060382843018e-03 3.032439760863780975e-02 -2.811332643032073975e-01 6.939048320055007935e-02 -1.489957123994827271e-01 -4.136557281017303467e-01 -8.684489876031875610e-02 1.573475301265716553e-01 8.241808414459228516e-02 -5.276517570018768311e-02 -2.198968231678009033e-01
-3.245677798986434937e-02 -1.220652610063552856e-01 2.441131621599197388e-01 -5.499336495995521545e-02 1.354847848415374756e-01 -2.558827400207519531e-02 -1.600290834903717041e-02 1.589737832546234131e-03 -4.622396826744079590e-02 1.517831720411777496e-02 1.717640161514282227e-01 -3.796294331550598145e-04 8.037584833800792694e-03 1.953580826520919800e-01 1.997096836566925049e-01 1.145620644092559814e-01 8.195359259843826294e-02 1.078408062458038330e-01 4.977634549140930176e-02 1.727542281150817871e-02 -1.914007663726806641e-01 8.650720119476318359e-04 1.449931971728801727e-02 -6.868617981672286987e-02 -8.884368836879730225e-02 -4.705036431550979614e-02 -3.154587447643280029e-01 -8.042785339057445526e-03 -9.069828316569328308e-03 2.805989980697631836e-02 -1.074969395995140076e-02 -8.129417896270751953e-03
-4.550879448652267456e-02 1.320173218846321106e-02 -1.847875267267227173e-01 -3.794575110077857971e-02 -1.897767186164855957e-01 -1.716714352369308472e-02 -2.149544656276702881e-02 -5.322536826133728027e-02 -3.003281354904174805e-02 1.552961766719818115e-04 -9.336504340171813965e-02 9.357742965221405029e-04 -2.456220053136348724e-02 -1.511761993169784546e-01 -2.248744964599609375e-01 -1.394050419330596924e-01 -6.506560742855072021e-02 -1.937719285488128662e-01 9.062747657299041748e-02 -3.414644300937652588e-02 9.873341023921966553e-02 7.671247422695159912e-02 8.428331464529037476e-03 1.390581205487251282e-02 1.630811691284179688e-01 1.585737317800521851e-01 3.203990757465362549e-01 -1.627223752439022064e-02 -1.920761540532112122e-02 6.394686549901962280e-02 1.568241231143474579e-02 1.387708038091659546e-01
2.145172953605651855e-01 1.095167994499206543e-01 2.532136738300323486e-01 8.035756647586822510e-02 2.138871848583221436e-01 1.729275286197662354e-01 1.610032021999359131e-01 1.371718943119049072e-01 -4.339861124753952026e-02 3.334192931652069092e-02 1.513007581233978271e-01 9.983139485120773315e-02 -9.190914221107959747e-03 8.389647305011749268e-02 6.718892604112625122e-02 1.697298884391784668e-01 5.022175610065460205e-02 3.189304172992706299e-01 -1.918764710426330566e-01 9.591144323348999023e-02 -6.251911818981170654e-02 -2.043415904045104980e-01 -4.284880682826042175e-02 -6.721850484609603882e-02 -3.142680525779724121e-01 -1.138603687286376953e-01 -1.815792173147201538e-01 2.665441632270812988e-01 -6.026302278041839600e-02 -1.467041373252868652e-01 1.328569352626800537e-01 -1.996885389089584351e-01
6.741246581077575684e-02 1.065145432949066162e-01 -5.279606208205223083e-02 -2.257530018687248230e-02 -1.782174855470657349e-01 2.806076593697071075e-02 7.719067484140396118e-02 1.615992486476898193e-01 2.140239439904689789e-02 9.455884993076324463e-02 -1.528876125812530518e-01 -2.504951320588588715e-02 -5.385842546820640564e-02 -1.612708717584609985e-01 -1.727750301361083984e-01 1.538915336132049561e-01 1.456030830740928650e-02 -4.504819959402084351e-02 -2.954292576760053635e-03 -4.134137928485870361e-02 2.636233866214752197e-01 1.320234239101409912e-01 3.860803693532943726e-02 4.043075814843177795e-02 1.326937824487686157e-01 -5.986693128943443298e-02 1.384588778018951416e-01 4.150585085153579712e-02 4.991263151168823242e-02 1.020738258957862854e-01 9.040641784667968750e-02 1.344717144966125488e-01
-9.704429656267166138e-02 -3.892402723431587219e-02 -1.744049042463302612e-02 -1.301202774047851562e-01 5.398752167820930481e-02 5.363944545388221741e-02 -5.910978093743324280e-02 -1.065147519111633301e-01 -5.222348123788833618e-02 -1.764407455921173096e-01 1.535175144672393799e-01 2.537257224321365356e-02 -1.075903400778770447e-01 2.547522634267807007e-02 -2.679798379540443420e-02 -1.783545017242431641e-01 -7.667954266071319580e-02 -3.121108412742614746e-01 9.503056854009628296e-02 3.041977435350418091e-02 8.696475997567176819e-03 -2.117249369621276855e-02 -5.393860489130020142e-02 -9.163781255483627319e-02 1.563047170639038086e-01 7.930605113506317139e-02 -1.254263892769813538e-02 -1.455504149198532104e-01 3.042568266391754150e-02 2.554925158619880676e-04 3.454164415597915649e-02 5.103264749050140381e-02
8.048118650913238525e-02 5.834165588021278381e-02 1.551136821508407593e-01 6.094408780336380005e-02 2.279333472251892090e-01 6.505166739225387573e-02 1.475048363208770752e-01 1.515018641948699951e-01 -6.237232685089111328e-02 3.010427020490169525e-02 1.953636407852172852e-01 -3.723688423633575439e-04 -3.365349024534225464e-02 8.139529824256896973e-02 1.402435302734375000e-01 9.788490831851959229e-02 1.558596491813659668e-01 2.302284240722656250e-01 -1.631929576396942139e-01 6.136647239327430725e-02 -5.480228736996650696e-02 -1.494693458080291748e-01 -4.436221346259117126e-02 -1.541406214237213135e-01 -1.583056747913360596e-01 -1.190497279167175293e-01 -2.543215751647949219e-01 1.387041360139846802e-01 -4.015730321407318115e-02 -1.001643538475036621e-01 6.632022559642791748e-02 -2.323979139328002930e-01
-3.479614555835723877e-01 -2.031512558460235596e-01 -6.233412399888038635e-02 -1.926351934671401978e-01 4.449124261736869812e-02 -1.594800651073455811e-01 -7.979020476341247559e-03 1.767924427986145020e-02 -1.233062148094177246e-02 -6.699636578559875488e-02 2.030925452709197998e-01 -1.319223195314407349e-01 -1.684551537036895752e-01 -3.281908109784126282e-02 5.322261899709701538e-02 -1.202559918165206909e-01 1.551504433155059814e-01 -3.928335011005401611e-01 1.259393692016601562e-01 -6.892925500869750977e-02 5.709681659936904907e-02 1.145913898944854736e-01 1.432673446834087372e-02 -2.032925784587860107e-01 3.277510702610015869e-01 4.598335921764373779e-02 -2.233204841613769531e-01 -2.665992677211761475e-01 1.133032515645027161e-01 1.353549957275390625e-01 -1.328133344650268555e-01 -4.035415500402450562e-02
-1.165027618408203125e-01 -1.023778244853019714e-01 1.734237670898437500e-01 -2.115541324019432068e-02 -9.028032422065734863e-03 -1.825243532657623291e-01 -6.225107610225677490e-02 1.413195431232452393e-01 1.213222369551658630e-02 1.881011724472045898e-01 5.156449973583221436e-02 -9.003308415412902832e-02 6.527580320835113525e-02 8.322577178478240967e-02 2.663882672786712646e-01 4.608241096138954163e-02 2.332482188940048218e-01 1.545412987470626831e-01 3.629249334335327148e-02 -6.115418672561645508e-02 -1.084259003400802612e-01 4.610901325941085815e-02 -5.518246442079544067e-02 -2.523594349622726440e-02 1.305977255105972290e-02 -6.827329844236373901e-02 -3.937231302261352539e-01 9.219487011432647705e-02 -6.749020516872406006e-02 1.647759377956390381e-01 -7.729097455739974976e-02 1.711656898260116577e-02
-1.518033891916275024e-01 -1.242377460002899170e-01 4.463063552975654602e-02 -1.086817979812622070e-01 -1.516928672790527344e-01 6.335493922233581543e-02 3.321199864149093628e-02 -1.304748207330703735e-01 -2.600570023059844971e-02 -3.895179182291030884e-02 1.471523642539978027e-01 1.614344120025634766e-02 -1.242544203996658325e-01 1.160040497779846191e-01 -9.547297656536102295e-02 -2.860191464424133301e-02 -2.505705356597900391e-01 -3.048532307147979736e-01 1.567556709051132202e-01 2.322410047054290771e-02 -1.177236437797546387e-01 1.072913110256195068e-01 7.243437692523002625e-03 -7.704202085733413696e-02 1.751524060964584351e-01 2.030179351568222046e-01 4.816197976469993591e-02 -1.305039525032043457e-01 -1.903785020112991333e-02 -9.662667661905288696e-02 3.908423334360122681e-02 1.001241803169250488e-01
2.752438485622406006e-01 8.688799291849136353e-02 -1.879340410232543945e-01 4.204927980899810791e-01 -1.778795868158340454e-01 1.786355078220367432e-01 2.446158230304718018e-01 -1.453248858451843262e-01 8.694495260715484619e-02 1.468227505683898926e-01 -5.364034175872802734e-01 1.965540349483489990e-01 -1.296030590310692787e-03 -2.175294011831283569e-01 -1.369039714336395264e-01 -2.718273401260375977e-01 -1.052244454622268677e-01 5.829968452453613281e-01 -3.707094788551330566e-01 -3.284479081630706787e-01 3.371318578720092773e-01 -1.564924120903015137e-01 2.596922814846038818e-01 1.679366827011108398e-01 -3.195609152317047119e-01 -2.568668723106384277e-01 5.354110002517700195e-01 2.618193030357360840e-01 -6.088396161794662476e-02 6.007379293441772461e-02 4.196234643459320068e-01 1.531776934862136841e-01
6.386028602719306946e-03 -7.313279807567596436e-02 1.701454073190689087e-01 1.432948857545852661e-01 -1.918655261397361755e-02 2.640004828572273254e-02 6.250544637441635132e-02 -3.247617185115814209e-02 -3.367455303668975830e-02 1.166687682271003723e-01 -2.093544974923133850e-02 5.105808377265930176e-02 1.222154218703508377e-02 1.172598153352737427e-01 1.034748628735542297e-01 4.527881368994712830e-02 -4.335138946771621704e-03 3.171446621417999268e-01 -6.077882647514343262e-02 -9.135791659355163574e-02 -1.207816302776336670e-01 3.246321529150009155e-02 1.163916289806365967e-01 -4.970729351043701172e-03 -1.659393459558486938e-01 -9.208136051893234253e-02 -5.485542863607406616e-02 1.153712272644042969e-01 -6.676302850246429443e-02 5.777265876531600952e-03 1.773135364055633545e-01 4.146386682987213135e-02
1.923878788948059082e-01 9.976801276206970215e-02 -9.042946994304656982e-02 -1.062881946563720703e-02 -1.319978833198547363e-01 8.896558731794357300e-02 5.551672726869583130e-02 8.471924811601638794e-02 -4.791864752769470215e-02 6.681671366095542908e-03 -2.753452956676483154e-01 6.710837036371231079e-02 -2.168833045288920403e-03 -2.645811736583709717e-01 -3.282324373722076416e-01 1.258780509233474731e-01 -3.010411933064460754e-02 -1.210022717714309692e-03 -9.152714163064956665e-02 7.814697921276092529e-03 2.949076592922210693e-01 1.113220155239105225e-01 5.776006728410720825e-03 1.108817160129547119e-01 5.270572751760482788e-02 -1.367952972650527954e-01 2.666918635368347168e-01 4.907902330160140991e-02 6.608069688081741333e-02 7.990633696317672729e-02 8.338080346584320068e-02 2.308054864406585693e-01
7.561342418193817139e-02 1.173207610845565796e-01 -1.194602102041244507e-01 -7.012405991554260254e-02 -2.278693914413452148e-01 4.606136679649353027e-02 6.696145981550216675e-02 6.614492833614349365e-02 6.313532590866088867e-03 1.032724678516387939e-01 -2.214672565460205078e-01 1.415322721004486084e-02 -3.513163700699806213e-02 -1.987076103687286377e-01 -2.738939821720123291e-01 1.095354706048965454e-01 -9.038180112838745117e-02 -8.822313696146011353e-02 1.907126791775226593e-02 -4.557877033948898315e-02 2.061583548784255981e-01 1.446659266948699951e-01 3.233050554990768433e-02 4.174765944480895996e-02 1.287189573049545288e-01 1.826453208923339844e-02 2.674171626567840576e-01 3.221967071294784546e-02 2.226708456873893738e-02 7.154878228902816772e-02 3.711363300681114197e-02 2.371776700019836426e-01
-1.349883973598480225e-01 8.251255378127098083e-03 -1.517893224954605103e-01 -7.999321818351745605e-02 3.636579960584640503e-02 -2.284504473209381104e-01 8.493109792470932007e-02 1.638443022966384888e-01 1.299478113651275635e-02 -8.328627794981002808e-03 6.938546150922775269e-02 -1.540132164955139160e-01 -7.476913928985595703e-02 -1.515710204839706421e-01 2.485579252243041992e-02 -7.534289360046386719e-02 3.370182812213897705e-01 -1.979511231184005737e-01 7.972411811351776123e-03 -1.284606754779815674e-01 2.160950899124145508e-01 2.301163598895072937e-02 -5.983402580022811890e-02 -1.806856989860534668e-01 2.142368853092193604e-01 -5.214922502636909485e-02 -1.725127547979354858e-01 -1.131442040205001831e-01 9.899332374334335327e-02 1.924078762531280518e-01 -1.703808456659317017e-01 -5.766868591308593750e-02
1.467678844928741455e-01 1.411273889243602753e-02 -1.221395656466484070e-02 3.070156276226043701e-01 -7.431575655937194824e-02 -4.317488521337509155e-03 7.520356029272079468e-02 -5.117487907409667969e-02 2.466430515050888062e-02 8.128671348094940186e-02 -2.856575548648834229e-01 1.191527172923088074e-01 4.837266355752944946e-02 -9.312404692173004150e-02 -2.039783261716365814e-02 -1.788054704666137695e-01 5.391240119934082031e-05 4.897107183933258057e-01 -1.999981999397277832e-01 -2.506865262985229492e-01 6.148539111018180847e-02 -2.886102348566055298e-02 1.169348508119583130e-01 1.109339594841003418e-01 -2.612162828445434570e-01 -1.668669432401657104e-01 1.612164825201034546e-01 1.540209054946899414e-01 -7.486879080533981323e-02 9.366207569837570190e-02 2.350914031267166138e-01 1.222286745905876160e-01
-1.371570080518722534e-01 -4.391992464661598206e-02 -5.300228670239448547e-02 -8.325539529323577881e-03 -5.283153057098388672e-02 -1.017656251788139343e-01 1.877875030040740967e-01 2.688705325126647949e-01 6.225224956870079041e-02 8.539866656064987183e-02 6.637890636920928955e-02 -1.505098193883895874e-01 -1.711573898792266846e-01 -8.120974898338317871e-02 3.498668968677520752e-02 1.262747943401336670e-01 1.707852482795715332e-01 -5.711699277162551880e-02 -3.638702630996704102e-02 -4.420083761215209961e-02 1.112678796052932739e-01 1.791478395462036133e-01 9.018059074878692627e-02 -1.807213127613067627e-01 1.898328661918640137e-01 -1.830619722604751587e-01 -2.413893789052963257e-01 -1.248712018132209778e-01 1.969200074672698975e-01 1.641684472560882568e-01 -6.419783085584640503e-02 -6.657510995864868164e-03
1.109101027250289917e-01 -2.877097949385643005e-02 1.877911239862442017e-01 8.635589480400085449e-02 8.955562859773635864e-02 1.375453174114227295e-01 8.660952001810073853e-02 -1.599126160144805908e-01 -1.459247618913650513e-01 -8.408471196889877319e-02 1.540928483009338379e-01 1.218030676245689392e-01 -3.298269212245941162e-02 2.535003721714019775e-01 4.190014302730560303e-02 9.794235229492187500e-04 -2.458024024963378906e-01 7.129292190074920654e-02 -1.543795503675937653e-02 6.359954923391342163e-02 -1.573002636432647705e-01 -6.716033071279525757e-02 -3.230313956737518311e-02 -3.118009120225906372e-02 -1.916220486164093018e-01 2.144732326269149780e-02 5.731903389096260071e-02 -7.444688118994235992e-03 -6.574532389640808105e-02 -1.664741337299346924e-01 1.674276292324066162e-01 -1.283186301589012146e-02
-1.588001698255538940e-01 -5.861636996269226074e-02 5.058216303586959839e-02 -1.025897264480590820e-02 6.582733243703842163e-03 -7.674396038055419922e-04 1.789261102676391602e-01 3.323617577552795410e-01 5.806705728173255920e-02 1.201292499899864197e-01 1.808210313320159912e-01 -1.599161922931671143e-01 -1.985952854156494141e-01 -2.559973672032356262e-02 1.355535387992858887e-01 1.352335065603256226e-01 1.372661888599395752e-01 5.711035057902336121e-02 -8.396343886852264404e-02 2.633065357804298401e-02 2.175143733620643616e-02 1.555940806865692139e-01 1.358020305633544922e-01 -2.084097862243652344e-01 1.736374050378799438e-01 -1.953138709068298340e-01 -3.269756436347961426e-01 -1.530431210994720459e-01 2.311744093894958496e-01 1.343438029289245605e-01 -1.270906627178192139e-02 -1.130033284425735474e-01
-9.659524261951446533e-02 3.449662588536739349e-03 2.854230254888534546e-02 3.319982439279556274e-02 3.179858028888702393e-01 -1.705989241600036621e-01 1.152845546603202820e-01 1.074220612645149231e-01 -4.546856135129928589e-02 -7.261707633733749390e-02 3.362442553043365479e-01 -7.789969444274902344e-02 -2.601639740169048309e-02 1.193780899047851562e-01 2.557702362537384033e-01 -3.199106082320213318e-03 3.445820510387420654e-01 4.798324033617973328e-02 -1.603380739688873291e-01 -1.537807285785675049e-02 -5.137846246361732483e-02 -2.034106254577636719e-01 -1.436103284358978271e-01 -2.967736124992370605e-01 -1.267508268356323242e-01 -8.245445042848587036e-02 -4.687407910823822021e-01 8.536750078201293945e-02 -1.755529642105102539e-02 -2.047344669699668884e-02 -8.544176071882247925e-02 -3.216228485107421875e-01
4.657957702875137329e-02 3.633942827582359314e-02 9.150420129299163818e-02 2.055277116596698761e-02 9.333830326795578003e-02 1.723189465701580048e-02 1.877319812774658203e-01 2.524235248565673828e-01 -4.950507730245590210e-02 1.028558164834976196e-01 1.459552943706512451e-01 -4.902720451354980469e-02 -2.244767360389232635e-02 5.351070314645767212e-03 9.321535378694534302e-02 1.066511571407318115e-01 1.839192211627960205e-01 1.452372670173645020e-01 -1.940688043832778931e-01 1.160247251391410828e-01 2.858602441847324371e-02 -6.709361821413040161e-02 -2.853285521268844604e-02 -1.589313447475433350e-01 -4.902200400829315186e-02 -1.827871501445770264e-01 -2.128361463546752930e-01 1.368817836046218872e-01 2.600010856986045837e-02 -2.430719509720802307e-02 -2.309010364115238190e-02 -1.298994719982147217e-01
