-2.247136086225509644e-01 -7.238045334815979004e-02 -4.544715955853462219e-02 -4.006638824939727783e-01 1.780847907066345215e-01 -4.244912415742874146e-02 -9.775169193744659424e-03 -3.292866051197052002e-02 -1.542373895645141602e-01 3.165605068206787109e-01 -2.049297690391540527e-01 3.997415304183959961e-03 1.415843665599822998e-01 -1.840849816799163818e-01 -2.491180598735809326e-01 -2.550798952579498291e-01 -7.987604290246963501e-02 1.671885699033737183e-01 1.796188652515411377e-01 -1.646005660295486450e-01 2.862187474966049194e-02 -2.754913866519927979e-01 -2.744510769844055176e-03 2.259776294231414795e-01 -3.317368328571319580e-01 3.020034730434417725e-01 5.211587622761726379e-02 2.245375812053680420e-01 8.635883033275604248e-02 -3.594543337821960449e-01 1.038308590650558472e-01 9.086868166923522949e-02
1.109089255332946777e-01 5.300474911928176880e-02 5.727571249008178711e-02 2.828790843486785889e-01 7.719683647155761719e-02 2.436512708663940430e-01 1.460399031639099121e-01 8.249796926975250244e-02 8.438652008771896362e-02 -6.341806054115295410e-02 1.485337913036346436e-01 -3.223030269145965576e-02 -1.592984199523925781e-01 -4.882999137043952942e-02 1.076958552002906799e-01 4.665344953536987305e-02 1.607273668050765991e-01 8.167156577110290527e-02 -7.485000789165496826e-02 -9.296134859323501587e-02 -1.471005976200103760e-01 4.909042641520500183e-02 -1.177623867988586426e-03 -1.478665769100189209e-01 6.815936416387557983e-02 3.678345680236816406e-02 -6.669542193412780762e-02 -6.233136728405952454e-02 9.380102157592773438e-03 4.110567271709442139e-03 1.291332840919494629e-01 -2.419435977935791016e-01
-1.600034981966018677e-01 1.369917690753936768e-01 -2.241075485944747925e-01 -4.641985297203063965e-01 3.750429153442382812e-01 6.439100205898284912e-02 -3.208307921886444092e-02 -2.985121011734008789e-01 -1.267703622579574585e-01 1.036741733551025391e-01 -8.871802687644958496e-02 7.062911242246627808e-02 5.996042490005493164e-02 -3.734127059578895569e-02 -2.557338178157806396e-01 -1.515505462884902954e-01 1.886239051818847656e-01 1.153765618801116943e-01 6.970491260290145874e-03 5.300740152597427368e-02 -5.951129645109176636e-02 -2.074997574090957642e-01 -8.860182762145996094e-02 2.400932312011718750e-01 1.059338077902793884e-01 2.352656126022338867e-01 -2.637997642159461975e-02 -2.145431935787200928e-01 1.574177592992782593e-01 2.052588313817977905e-01 2.331529259681701660e-01 1.322298198938369751e-01
1.945755183696746826e-01 9.514742344617843628e-02 3.607191443443298340e-01 -8.685572445392608643e-02 2.109557688236236572e-01 -1.307009458541870117e-01 2.928870730102062225e-02 -1.023170426487922668e-01 -2.375828027725219727e-01 4.576873779296875000e-01 -1.294560581445693970e-01 2.094721496105194092e-01 2.568228244781494141e-01 2.133108526468276978e-01 -3.498509228229522705e-01 -4.608239606022834778e-02 8.988141268491744995e-02 8.018761873245239258e-03 1.985415071249008179e-02 -3.724906444549560547e-01 5.895147472620010376e-02 -4.978721588850021362e-02 -5.699254572391510010e-03 -1.434118151664733887e-01 1.806877106428146362e-01 -2.266016006469726562e-01 3.859586119651794434e-01 -1.144500672817230225e-01 1.225370764732360840e-01 -2.376959174871444702e-01 5.522061139345169067e-02 1.107293218374252319e-01
-3.068551123142242432e-01 7.445078343152999878e-03 -1.290044933557510376e-01 -6.026970744132995605e-01 4.176791906356811523e-01 -3.696349635720252991e-02 -3.663982450962066650e-02 -1.077578365802764893e-01 -1.318181604146957397e-01 6.655474007129669189e-02 3.029611334204673767e-02 1.343870162963867188e-01 3.069704771041870117e-01 -9.353399276733398438e-02 -2.534557878971099854e-01 -1.734064817428588867e-01 1.148951202630996704e-01 9.456312656402587891e-02 1.775350719690322876e-01 1.205183714628219604e-01 1.441765576601028442e-02 -1.647125929594039917e-01 -9.947882592678070068e-02 3.469089567661285400e-01 -1.935063004493713379e-01 3.391714096069335938e-01 -1.546697467565536499e-01 -9.684277325868606567e-02 6.964199244976043701e-03 -1.271069049835205078e-02 -1.416932791471481323e-03 1.314233839511871338e-01
-2.820933051407337189e-02 -7.156589627265930176e-02 2.834923379123210907e-02 1.388875842094421387e-01 9.326291084289550781e-02 2.258352637290954590e-01 4.126993566751480103e-02 2.014239579439163208e-01 1.924009025096893311e-01 -7.398989051580429077e-02 6.821361929178237915e-02 -1.016037166118621826e-02 3.718747943639755249e-02 -7.554529607295989990e-02 -1.722274720668792725e-02 7.975965738296508789e-02 3.638397157192230225e-02 5.823067948222160339e-02 -1.050572544336318970e-01 -1.017201021313667297e-01 -7.537776231765747070e-02 4.088924452662467957e-02 4.232873395085334778e-02 1.996969431638717651e-02 1.961944624781608582e-03 6.804507225751876831e-03 -1.145430505275726318e-01 1.352868080139160156e-01 -1.028191000223159790e-01 1.770173311233520508e-01 1.523687988519668579e-01 -1.178776472806930542e-01
2.265068739652633667e-01 3.000170588493347168e-01 1.468425989151000977e-01 2.597047388553619385e-01 -1.573546975851058960e-02 3.128089755773544312e-02 2.464377693831920624e-02 4.780475050210952759e-03 -1.849337816238403320e-01 9.127381443977355957e-02 -1.817908138036727905e-02 -5.639047920703887939e-02 -2.492846548557281494e-01 4.900600761175155640e-03 1.500418335199356079e-01 -3.742452338337898254e-02 -9.692624211311340332e-03 3.721939399838447571e-02 -8.300723135471343994e-02 -2.289194054901599884e-02 -1.232004538178443909e-01 6.716033816337585449e-02 8.064075559377670288e-02 -2.330541312694549561e-01 7.340835034847259521e-02 -1.152889132499694824e-01 6.129904463887214661e-02 -1.258668899536132812e-01 -8.572118356823921204e-03 -1.398690193891525269e-01 4.468547552824020386e-02 -8.320585638284683228e-02
-2.174659818410873413e-01 1.390957236289978027e-01 -4.402114078402519226e-02 -6.082292795181274414e-01 4.613943099975585938e-01 -1.234705895185470581e-01 5.776043236255645752e-02 -3.094920814037322998e-01 -2.001705467700958252e-01 2.783693671226501465e-01 -2.045239806175231934e-01 1.382219195365905762e-01 3.206647634506225586e-01 1.022924184799194336e-01 -3.567482829093933105e-01 -1.498100012540817261e-01 2.945527136325836182e-01 1.379005014896392822e-01 1.350980401039123535e-01 -1.187621578574180603e-01 -5.248414725065231323e-02 -1.856651455163955688e-01 -6.273242831230163574e-02 8.451163023710250854e-02 1.954474598169326782e-01 3.546825051307678223e-02 1.033449918031692505e-01 -1.288990080356597900e-01 1.686606109142303467e-01 2.387613430619239807e-02 1.835079491138458252e-01 2.589015662670135498e-01
2.164410948753356934e-01 3.787601292133331299e-01 -1.226650923490524292e-01 -3.230273127555847168e-01 -1.304648518562316895e-01 -1.282197535037994385e-01 -1.844098716974258423e-01 -3.231963515281677246e-01 -2.506228089332580566e-01 1.751040071249008179e-01 -2.170172333717346191e-01 8.341943472623825073e-02 1.308885812759399414e-01 -8.280532062053680420e-02 -7.499314099550247192e-02 -3.357713520526885986e-01 -1.504385471343994141e-01 -2.929706275463104248e-01 -1.385910063982009888e-01 -1.086730882525444031e-01 -1.255966722965240479e-01 2.458783537149429321e-01 1.847078055143356323e-01 -3.092404007911682129e-01 2.098954916000366211e-01 -7.161124795675277710e-02 4.444021731615066528e-03 1.832157373428344727e-01 -4.561512917280197144e-02 8.256224542856216431e-02 2.879301607608795166e-01 4.305077791213989258e-01
-2.813082002103328705e-02 -1.213980279862880707e-02 -3.044078126549720764e-02 9.280431270599365234e-02 -6.400473415851593018e-03 2.875555306673049927e-02 -1.061422377824783325e-01 1.243495643138885498e-01 8.381802588701248169e-02 -1.866292357444763184e-01 1.571788489818572998e-01 1.017794087529182434e-01 -2.353601455688476562e-01 -1.002656370401382446e-01 1.079180762171745300e-01 -1.079180091619491577e-01 -3.421019911766052246e-01 6.379537284374237061e-02 -2.617120184004306793e-02 1.807713061571121216e-01 3.629571944475173950e-02 6.953756511211395264e-02 1.213737279176712036e-01 2.139346301555633545e-01 -1.455723941326141357e-01 2.403511106967926025e-01 -1.082951873540878296e-01 1.134087704122066498e-02 -2.554981708526611328e-01 9.216410666704177856e-02 1.055157631635665894e-01 -1.152236461639404297e-01
2.688620090484619141e-01 1.113810315728187561e-01 5.888703465461730957e-01 1.076329648494720459e-01 2.240640223026275635e-01 -2.478347122669219971e-01 -4.408945329487323761e-03 1.277584582567214966e-03 -2.620223760604858398e-01 4.323772788047790527e-01 9.727798402309417725e-02 2.898206412792205811e-01 3.867006301879882812e-01 3.697263598442077637e-01 -2.559225857257843018e-01 2.043109834194183350e-01 1.627816855907440186e-01 -4.696850106120109558e-02 9.104701876640319824e-02 -4.025607705116271973e-01 7.702105492353439331e-02 -1.947484910488128662e-03 -3.594801574945449829e-02 -3.669029176235198975e-01 2.295558154582977295e-01 -4.057635962963104248e-01 3.038763403892517090e-01 -2.587318420410156250e-01 2.502623200416564941e-01 -3.052577972412109375e-01 -1.797069609165191650e-01 7.399868220090866089e-02
-4.182403907179832458e-03 1.415203139185905457e-02 -1.713722646236419678e-01 6.591999530792236328e-02 1.072671413421630859e-01 2.503354847431182861e-01 -1.186274290084838867e-01 1.902871131896972656e-01 1.486188769340515137e-01 -6.890150904655456543e-02 5.806889012455940247e-02 1.261510550975799561e-01 2.057885378599166870e-02 -1.377944499254226685e-01 -1.157778128981590271e-01 -1.134005934000015259e-01 -2.042196989059448242e-01 -5.494714900851249695e-02 -2.116596698760986328e-01 -6.186176091432571411e-02 -1.347119212150573730e-01 6.685347855091094971e-02 -9.003281593322753906e-04 6.185464560985565186e-03 -1.469366438686847687e-02 1.818131655454635620e-01 -1.167619228363037109e-01 3.324131071567535400e-01 -2.299643158912658691e-01 1.891252547502517700e-01 2.359930574893951416e-01 -3.465899080038070679e-02
-1.737935654819011688e-02 3.162159621715545654e-01 -2.716581225395202637e-01 -4.154798388481140137e-01 5.944094806909561157e-02 7.644505798816680908e-02 -1.193875446915626526e-01 -1.112987250089645386e-01 -1.718151271343231201e-01 -6.972359865903854370e-02 -9.419260919094085693e-02 3.561119437217712402e-01 1.891781538724899292e-01 -3.933280333876609802e-02 -1.162967756390571594e-01 -1.862135082483291626e-01 -1.995057463645935059e-01 -3.948489129543304443e-01 -3.101284205913543701e-01 2.424703687429428101e-01 -1.863645017147064209e-01 3.639332950115203857e-01 -1.480010747909545898e-01 -1.634228229522705078e-01 1.965938508510589600e-01 1.591536849737167358e-01 -2.445330321788787842e-01 3.036721944808959961e-01 -2.575844526290893555e-01 2.059524804353713989e-01 4.720307886600494385e-02 4.310831725597381592e-01
-1.292590796947479248e-01 -4.257875680923461914e-02 -2.877426743507385254e-01 -8.616976439952850342e-02 7.455746084451675415e-02 8.486507833003997803e-02 -3.169313669204711914e-01 1.689171791076660156e-01 1.112412437796592712e-01 -2.659608051180839539e-02 3.046724945306777954e-02 1.654795408248901367e-01 1.951592415571212769e-01 -1.418923288583755493e-01 -2.860106825828552246e-01 -1.934100091457366943e-01 -4.020304083824157715e-01 -8.354121446609497070e-02 -1.423510909080505371e-01 -5.745394527912139893e-02 -3.003268316388130188e-02 4.150960594415664673e-03 -6.293933093547821045e-02 1.673152148723602295e-01 -2.359854988753795624e-02 2.932274341583251953e-01 -5.794743075966835022e-02 4.598357081413269043e-01 -2.276731729507446289e-01 1.721412688493728638e-01 2.820001542568206787e-01 1.437809020280838013e-01
-1.875554323196411133e-01 5.082964152097702026e-02 -1.988886445760726929e-01 -3.233098089694976807e-01 1.797010898590087891e-01 5.593441426753997803e-02 -2.900364696979522705e-01 1.575747430324554443e-01 -1.249377727508544922e-01 -1.244247034192085266e-01 1.628378778696060181e-02 3.324918448925018311e-01 3.653074502944946289e-01 -3.860594704747200012e-02 -2.484963536262512207e-01 -1.422214806079864502e-01 -4.042385220527648926e-01 -2.105246633291244507e-01 -2.581518292427062988e-01 1.569771617650985718e-01 -2.079285383224487305e-01 2.499860897660255432e-02 -3.576895594596862793e-01 2.171040773391723633e-01 1.205045543611049652e-02 3.580478429794311523e-01 -3.508092164993286133e-01 4.951559007167816162e-01 -3.403028845787048340e-01 1.762323677539825439e-01 -3.615994006395339966e-03 2.349320650100708008e-01
-1.913255639374256134e-02 2.501831352710723877e-01 5.748745054006576538e-02 7.692318409681320190e-03 2.923710942268371582e-01 1.114381253719329834e-01 7.001634687185287476e-02 -3.131501376628875732e-03 -4.217725619673728943e-02 1.897628456354141235e-01 1.068280935287475586e-01 4.427152127027511597e-02 4.992911219596862793e-02 1.007708013057708740e-01 -1.011127755045890808e-01 2.407978922128677368e-01 2.449761033058166504e-01 1.194945722818374634e-01 -1.842177286744117737e-02 -8.534104377031326294e-02 -2.532351016998291016e-01 -2.945396602153778076e-01 -1.579523980617523193e-01 -2.329584062099456787e-01 2.017484158277511597e-01 -1.403552740812301636e-01 -1.897012740373611450e-01 -1.571589857339859009e-01 1.794189214706420898e-01 -1.903401762247085571e-01 -1.336597800254821777e-01 -7.136824727058410645e-02
7.497380673885345459e-02 4.934661835432052612e-02 9.190313518047332764e-02 2.037063986063003540e-01 -6.594449281692504883e-03 7.941672205924987793e-02 1.295336633920669556e-01 9.759667515754699707e-02 -3.370732069015502930e-02 8.008880913257598877e-02 4.445216804742813110e-02 -2.118406295776367188e-01 -4.777926206588745117e-02 -1.206080168485641479e-01 -9.505396708846092224e-03 1.836857199668884277e-02 1.584824025630950928e-01 6.569686532020568848e-02 4.826456308364868164e-03 -1.670221239328384399e-01 -4.707126319408416748e-02 2.218363806605339050e-02 4.048952460289001465e-02 -4.151710122823715210e-02 -1.808098517358303070e-02 4.127446562051773071e-03 3.658014908432960510e-02 1.246326602995395660e-02 5.270058289170265198e-02 -1.914396733045578003e-01 1.861097365617752075e-01 -1.241979300975799561e-01
-9.017640352249145508e-02 -4.160903394222259521e-02 5.994932726025581360e-03 -2.202323079109191895e-01 1.890539526939392090e-01 -9.470283240079879761e-02 -2.361238002777099609e-01 -1.954028382897377014e-02 -1.078646779060363770e-01 1.300686597824096680e-02 7.690217345952987671e-02 2.282571494579315186e-01 1.997818797826766968e-01 -9.319476783275604248e-02 -2.177597433328628540e-01 -8.922046422958374023e-02 -4.612306505441665649e-02 5.937371030449867249e-02 1.550910025835037231e-01 2.445571273565292358e-01 1.292634010314941406e-01 -1.089814975857734680e-01 -1.050897240638732910e-01 4.488120973110198975e-01 -1.125186458230018616e-01 4.299865663051605225e-01 -5.071910843253135681e-02 -1.617856472730636597e-01 -4.435577616095542908e-02 -4.022508114576339722e-02 7.149516791105270386e-02 1.160809993743896484e-01
-1.045041009783744812e-01 7.209515571594238281e-02 -5.377073213458061218e-02 -2.774972319602966309e-01 7.686331123113632202e-02 5.747479200363159180e-02 -4.289387911558151245e-02 1.799744665622711182e-01 -1.224401444196701050e-01 -3.612832725048065186e-02 -7.707227766513824463e-02 9.352409094572067261e-02 2.566871643066406250e-01 -1.256079971790313721e-01 -1.886295378208160400e-01 -5.195602402091026306e-02 -1.057231649756431580e-01 -2.331293076276779175e-01 -1.567249298095703125e-01 -2.136063016951084137e-02 -1.643308699131011963e-01 1.223132759332656860e-01 -1.814031898975372314e-01 5.440604686737060547e-02 -9.344330430030822754e-02 1.555141359567642212e-01 -3.103165030479431152e-01 3.788828849792480469e-01 -2.120867967605590820e-01 -6.270712614059448242e-02 -6.350523233413696289e-02 1.320456266403198242e-01
-2.572048902511596680e-01 -6.394563615322113037e-02 1.613938063383102417e-01 -2.228536158800125122e-01 1.624815165996551514e-01 -2.986088395118713379e-01 -1.232403814792633057e-01 -1.157618612051010132e-01 -1.411110162734985352e-01 2.597456425428390503e-02 2.978226169943809509e-02 9.919593483209609985e-02 4.297772049903869629e-01 1.607506573200225830e-01 -1.139482483267784119e-01 2.387510836124420166e-01 2.072238624095916748e-01 1.110513135790824890e-02 2.464852929115295410e-01 2.128947079181671143e-01 2.138112187385559082e-01 -1.069402247667312622e-01 -2.032775431871414185e-01 3.463046848773956299e-01 1.238563135266304016e-01 1.513078808784484863e-01 9.896320104598999023e-02 -3.477232456207275391e-01 1.648629158735275269e-01 -1.074231415987014771e-01 -8.161649852991104126e-02 2.079085707664489746e-01
-3.943520188331604004e-01 -2.252005040645599365e-02 8.989922702312469482e-03 -5.208647251129150391e-01 3.883917331695556641e-01 -1.485711634159088135e-01 -1.077096834778785706e-01 -1.399367004632949829e-01 -1.205977648496627808e-01 -9.516883641481399536e-02 1.033497378230094910e-01 2.386148869991302490e-01 4.897138476371765137e-01 1.120144724845886230e-01 -2.058949768543243408e-01 1.520708948373794556e-01 2.533017694950103760e-01 4.312735423445701599e-02 3.344292938709259033e-01 3.646931350231170654e-01 1.147895827889442444e-01 -1.287643760442733765e-01 -2.865557670593261719e-01 4.260161221027374268e-01 8.744014054536819458e-02 2.416528165340423584e-01 -2.651788294315338135e-01 -3.582168221473693848e-01 7.447779178619384766e-02 7.690840214490890503e-02 -1.904952526092529297e-01 2.232313752174377441e-01
9.245720505714416504e-02 2.140658497810363770e-01 -4.287576302886009216e-02 -2.033688873052597046e-02 1.795555949211120605e-01 2.133843600749969482e-01 6.430830806493759155e-02 -3.967917338013648987e-02 -4.164234548807144165e-02 2.733829617500305176e-01 -2.702069282531738281e-02 9.740851819515228271e-03 -1.162267327308654785e-01 1.455376669764518738e-02 -1.683120429515838623e-01 5.301222950220108032e-02 1.411959230899810791e-01 1.392158120870590210e-01 -1.163664832711219788e-01 -1.249556317925453186e-01 -1.970548927783966064e-01 -3.180567026138305664e-01 -1.361068487167358398e-01 -9.297482669353485107e-02 1.442170739173889160e-01 -1.690694689750671387e-02 1.193114370107650757e-02 -5.863722786307334900e-02 1.355817615985870361e-01 -7.453046739101409912e-02 8.334761857986450195e-02 -6.449263542890548706e-02
3.422109484672546387e-01 2.479472756385803223e-01 4.108322560787200928e-01 2.623550593852996826e-01 1.824904829263687134e-01 -9.605292230844497681e-02 -2.675946056842803955e-02 -1.408916711807250977e-02 -2.795165479183197021e-01 3.628653287887573242e-01 8.345413208007812500e-02 2.530973255634307861e-01 1.704936474561691284e-01 2.895109951496124268e-01 -1.952311396598815918e-01 1.735352277755737305e-01 1.396488696336746216e-01 -7.857164740562438965e-02 -5.193724855780601501e-02 -2.845936715602874756e-01 1.167453080415725708e-02 -5.424871295690536499e-02 -7.881796360015869141e-02 -3.075696825981140137e-01 2.917318046092987061e-01 -3.852102160453796387e-01 2.038528621196746826e-01 -3.890870511531829834e-01 1.590491086244583130e-01 -1.138160526752471924e-01 -4.582786560058593750e-02 -3.809652477502822876e-02
1.761820018291473389e-01 3.817362189292907715e-01 -1.162687689065933228e-01 -1.923395693302154541e-01 -9.187877178192138672e-02 -2.641374990344047546e-02 -8.615414053201675415e-02 -1.855213046073913574e-01 -2.552030980587005615e-01 1.948769837617874146e-01 -2.403490245342254639e-01 4.004049301147460938e-02 -5.670674890279769897e-02 -1.440069228410720825e-01 -1.356257647275924683e-01 -3.008286058902740479e-01 -1.159626021981239319e-01 -2.362691015005111694e-01 -2.225728482007980347e-01 -8.036037534475326538e-02 -8.940880000591278076e-02 2.268909960985183716e-01 2.452050447463989258e-01 -3.266479074954986572e-01 5.561717599630355835e-02 -5.817798152565956116e-02 -1.980427652597427368e-02 1.937712579965591431e-01 -9.436246752738952637e-02 -3.806248307228088379e-02 1.863510906696319580e-01 3.510636985301971436e-01
-7.488126307725906372e-02 -1.203483566641807556e-01 7.558010518550872803e-02 8.923102915287017822e-02 1.247857809066772461e-01 1.329637914896011353e-01 1.023047044873237610e-01 9.856136143207550049e-02 1.366001665592193604e-01 -1.173672378063201904e-01 1.083557605743408203e-01 -1.026038229465484619e-01 1.001041680574417114e-01 2.005111426115036011e-03 5.766777321696281433e-03 1.568232625722885132e-01 2.371835410594940186e-01 1.305503994226455688e-01 -1.939057931303977966e-02 -6.058841943740844727e-02 4.320159554481506348e-03 -3.149899095296859741e-02 -4.639375209808349609e-02 7.056617736816406250e-02 6.363592296838760376e-02 -7.324682176113128662e-02 -8.840899169445037842e-02 -1.277840230613946915e-03 -6.831767037510871887e-03 1.232446432113647461e-01 3.773399442434310913e-02 -1.436063945293426514e-01
-1.523609757423400879e-01 1.263111233711242676e-01 -1.131071448326110840e-01 -3.880456984043121338e-01 1.628138124942779541e-01 9.379477798938751221e-02 -9.486272186040878296e-02 1.034453362226486206e-01 -1.779700517654418945e-01 -9.863863885402679443e-02 -7.917413115501403809e-02 3.038564622402191162e-01 2.882979512214660645e-01 -2.051058039069175720e-02 -1.112645789980888367e-01 -1.992170140147209167e-02 -1.958962082862854004e-01 -2.715173065662384033e-01 -2.170705050230026245e-01 1.301429718732833862e-01 -2.124350965023040771e-01 1.307494938373565674e-01 -2.987799644470214844e-01 6.898725032806396484e-02 2.701665088534355164e-02 1.934281587600708008e-01 -3.766736388206481934e-01 4.168205857276916504e-01 -2.804933488368988037e-01 1.173031479120254517e-01 -1.505115479230880737e-01 2.460028678178787231e-01
1.924545168876647949e-01 2.272818088531494141e-01 1.615042686462402344e-01 2.354188263416290283e-01 -1.089692115783691406e-02 1.293632537126541138e-01 1.607042700052261353e-01 5.188470706343650818e-02 -1.198257729411125183e-01 5.349285900592803955e-02 5.930177867412567139e-03 -8.261011540889739990e-02 -2.526581883430480957e-01 -2.087685093283653259e-02 1.054432913661003113e-01 7.820248603820800781e-03 1.143851354718208313e-01 -3.269374370574951172e-03 -8.975122869014739990e-02 -8.284451067447662354e-02 -1.360898613929748535e-01 5.497087165713310242e-02 7.586823403835296631e-02 -2.350414693355560303e-01 -1.752151176333427429e-03 -3.815116733312606812e-02 -5.526898428797721863e-03 -7.161487638950347900e-02 4.616215825080871582e-03 -1.991302222013473511e-01 3.871138393878936768e-02 -1.526689678430557251e-01
4.393924027681350708e-04 1.997824609279632568e-01 -3.038036823272705078e-01 -2.845280468463897705e-01 9.732210636138916016e-02 1.311628520488739014e-01 -2.164190858602523804e-01 7.655672729015350342e-02 -1.567686051130294800e-01 -6.710535287857055664e-02 -3.702230751514434814e-03 2.962090373039245605e-01 1.717126816511154175e-01 -1.044119000434875488e-01 -1.936748027801513672e-01 -2.204928100109100342e-01 -3.524849414825439453e-01 -3.046808540821075439e-01 -2.997535765171051025e-01 1.179064735770225525e-01 -2.446022033691406250e-01 1.704377084970474243e-01 -1.624726951122283936e-01 6.233414635062217712e-03 5.358313396573066711e-02 3.099714517593383789e-01 -2.337291091680526733e-01 4.221721589565277100e-01 -2.935664355754852295e-01 1.190180182456970215e-01 1.212001591920852661e-01 2.560240328311920166e-01
-2.666503787040710449e-01 -8.556325733661651611e-02 1.323243528604507446e-01 -2.659516632556915283e-01 1.633405685424804688e-02 -2.594581842422485352e-01 -9.938011318445205688e-02 1.378337740898132324e-01 -7.854756712913513184e-02 -5.787163972854614258e-04 -1.824887841939926147e-02 5.460979789495468140e-02 2.704747319221496582e-01 -8.152785897254943848e-02 5.585026741027832031e-02 -4.361608996987342834e-02 -2.000800371170043945e-01 -7.077459245920181274e-03 3.149090111255645752e-01 1.455448567867279053e-01 1.164286360144615173e-01 5.171407386660575867e-02 8.308940380811691284e-02 3.041958510875701904e-01 -2.860016226768493652e-01 2.251118421554565430e-01 -1.146539747714996338e-01 1.232433915138244629e-01 -2.807416319847106934e-01 -3.178877830505371094e-01 -1.190650612115859985e-01 1.683126091957092285e-01
-9.953465312719345093e-02 7.015530019998550415e-02 -1.228683590888977051e-01 -1.283698230981826782e-01 3.641918301582336426e-01 2.329444587230682373e-01 -3.409459441900253296e-02 6.781665980815887451e-02 1.132777556777000427e-01 -2.336224019527435303e-01 3.765205144882202148e-01 1.847959160804748535e-01 -1.806870102882385254e-01 4.002602770924568176e-02 -9.744539856910705566e-03 -2.059179171919822693e-02 -2.922782301902770996e-02 7.382155954837799072e-02 -8.590106666088104248e-02 3.476481735706329346e-01 -1.827355325222015381e-01 -7.132674753665924072e-02 -8.937831223011016846e-02 1.564023494720458984e-01 -2.096742205321788788e-02 4.211871027946472168e-01 -3.933719694614410400e-01 -2.219489067792892456e-01 -1.087142527103424072e-01 2.799713611602783203e-01 3.139163553714752197e-02 -1.684522479772567749e-01
-1.179883815348148346e-02 3.476926088333129883e-01 1.851750537753105164e-02 -3.578405380249023438e-01 2.268680557608604431e-02 1.661226153373718262e-02 1.634790450334548950e-01 -7.322610914707183838e-02 -1.910248249769210815e-01 1.078873872756958008e-03 -1.715747714042663574e-01 9.254380315542221069e-02 1.440290659666061401e-01 1.592338085174560547e-03 6.363884359598159790e-02 3.355595469474792480e-02 1.157743185758590698e-01 -3.088465929031372070e-01 -9.114739298820495605e-02 4.529028758406639099e-02 -1.954692006111145020e-01 3.736354112625122070e-01 -2.662969380617141724e-02 -1.947512328624725342e-01 1.349694132804870605e-01 -1.130714565515518188e-01 -2.817777097225189209e-01 1.457597911357879639e-01 -9.675428271293640137e-02 2.566523104906082153e-02 -1.276582777500152588e-01 2.504734396934509277e-01
-2.007928639650344849e-01 -1.271018013358116150e-02 -1.628069728612899780e-01 -2.869117856025695801e-01 2.064251452684402466e-01 1.091377884149551392e-01 -2.786652147769927979e-01 1.858091652393341064e-01 -7.695002108812332153e-02 -1.511695683002471924e-01 3.822022676467895508e-02 3.343409299850463867e-01 3.516651988029479980e-01 -2.631629630923271179e-02 -2.329909652471542358e-01 -1.152805387973785400e-01 -3.765258193016052246e-01 -1.724072098731994629e-01 -2.613055109977722168e-01 1.454394459724426270e-01 -1.618213057518005371e-01 -5.357783287763595581e-03 -3.617981076240539551e-01 1.848163306713104248e-01 -1.235812716186046600e-02 3.267326354980468750e-01 -3.385625481605529785e-01 5.186879038810729980e-01 -3.257793188095092773e-01 2.186874002218246460e-01 -4.409677535295486450e-02 2.034512013196945190e-01
-1.874909102916717529e-01 -5.287257581949234009e-02 -4.985766485333442688e-02 -1.119742989540100098e-01 2.234762907028198242e-02 3.213790804147720337e-02 9.750550985336303711e-02 2.237331494688987732e-02 1.719016134738922119e-01 1.127461194992065430e-01 -4.926738888025283813e-02 -1.701132953166961670e-01 8.977214992046356201e-02 -3.869535401463508606e-02 -2.128746360540390015e-02 1.245674937963485718e-01 4.558826982975006104e-02 1.461901813745498657e-01 8.165019750595092773e-02 -1.256066709756851196e-01 -8.867447823286056519e-02 -2.299371957778930664e-01 -1.753671467304229736e-02 -7.258057594299316406e-02 9.321476519107818604e-02 -4.440167546272277832e-02 -6.896107643842697144e-02 2.756513357162475586e-01 1.264930963516235352e-01 -2.640801072120666504e-01 -7.711044698953628540e-02 4.350756481289863586e-02
-1.695548892021179199e-01 -1.087905764579772949e-01 -1.623498499393463135e-01 -8.759742975234985352e-02 1.284213364124298096e-01 1.191204786300659180e-01 -2.012878805398941040e-01 1.918209195137023926e-01 1.574907600879669189e-01 -8.194594830274581909e-02 2.094757184386253357e-02 8.821370452642440796e-02 2.770342230796813965e-01 -1.280546188354492188e-01 -2.132681012153625488e-01 -1.156853586435317993e-01 -2.252214550971984863e-01 -1.838269829750061035e-02 -1.223814561963081360e-01 -4.637706279754638672e-02 6.298281252384185791e-03 1.502291485667228699e-02 -9.731480479240417480e-02 1.621243655681610107e-01 -3.124661557376384735e-02 1.433890759944915771e-01 -1.499699056148529053e-01 4.016467630863189697e-01 -2.420666813850402832e-01 2.230153381824493408e-01 1.315895020961761475e-01 7.931553572416305542e-02
-1.567576825618743896e-01 -1.529587507247924805e-01 -2.192690819501876831e-01 2.134291082620620728e-02 1.015560179948806763e-01 1.127009689807891846e-01 -2.364184856414794922e-01 1.413317769765853882e-01 2.802434265613555908e-01 -8.330013602972030640e-02 6.314137578010559082e-02 4.639638215303421021e-02 2.291627675294876099e-01 -1.342203617095947266e-01 -1.981154680252075195e-01 -1.159148812294006348e-01 -2.116107940673828125e-01 4.899724200367927551e-02 -6.837396323680877686e-02 -6.800172477960586548e-02 6.697943061590194702e-02 -1.961943879723548889e-02 3.333598375320434570e-02 1.888935863971710205e-01 1.297645457088947296e-02 1.240296810865402222e-01 -8.890340104699134827e-03 3.175191283226013184e-01 -2.124114930629730225e-01 3.525597453117370605e-01 3.022968769073486328e-01 2.311018109321594238e-02
-1.924891024827957153e-01 -1.216369569301605225e-01 1.758386492729187012e-01 -1.224355995655059814e-01 1.322657167911529541e-01 2.288631349802017212e-02 1.258579343557357788e-01 1.580842733383178711e-01 5.267027765512466431e-02 -6.032788753509521484e-02 3.103372082114219666e-02 -1.024455130100250244e-01 2.952372431755065918e-01 7.478944957256317139e-02 1.139893569052219391e-02 2.478227317333221436e-01 2.655412852764129639e-01 8.569787442684173584e-02 4.916089028120040894e-02 -7.739576697349548340e-02 7.522791624069213867e-03 -1.670327037572860718e-02 -1.277730315923690796e-01 1.389905214309692383e-01 2.685898914933204651e-03 -1.091293692588806152e-01 -2.018890827894210815e-01 9.168699383735656738e-02 -1.234604790806770325e-02 6.009340286254882812e-03 -1.398559063673019409e-01 -3.816975653171539307e-02
-1.823873370885848999e-01 1.283745467662811279e-02 5.057960748672485352e-02 -5.704575181007385254e-01 3.083872795104980469e-01 -1.660793721675872803e-01 4.220037162303924561e-02 -2.138610035181045532e-01 -1.950896084308624268e-01 4.013469219207763672e-01 -2.906490266323089600e-01 1.260454058647155762e-01 3.309736847877502441e-01 -1.837625727057456970e-02 -3.673588037490844727e-01 -2.055159211158752441e-01 1.009471416473388672e-01 1.072706580162048340e-01 1.852205693721771240e-01 -2.671277821063995361e-01 5.428631603717803955e-02 -2.123448103666305542e-01 1.350587978959083557e-02 1.458975672721862793e-01 -4.624243080615997314e-02 7.810753583908081055e-02 2.388165593147277832e-01 8.601732552051544189e-02 1.262382715940475464e-01 -2.789979577064514160e-01 1.247861683368682861e-01 2.141496986150741577e-01
1.288356333971023560e-01 2.173124253749847412e-01 2.386804819107055664e-01 1.635465025901794434e-01 -4.888579249382019043e-03 1.719857007265090942e-02 1.122976988554000854e-01 4.018721356987953186e-02 -2.334225177764892578e-01 -1.077619940042495728e-02 5.052322894334793091e-02 -3.233596682548522949e-03 -1.199291050434112549e-01 1.214934736490249634e-01 2.032204121351242065e-01 1.106691285967826843e-01 5.359011888504028320e-02 -1.155415177345275879e-02 2.422229945659637451e-02 6.032875180244445801e-02 -1.472223699092864990e-01 9.080046415328979492e-02 -5.414899438619613647e-02 -1.608690023422241211e-01 1.374594569206237793e-01 -1.200833767652511597e-01 -8.853140473365783691e-02 -2.250014841556549072e-01 -1.015875861048698425e-02 -1.789797097444534302e-01 -1.370023787021636963e-01 -1.120371520519256592e-01
1.804259568452835083e-01 3.608377873897552490e-01 8.446445316076278687e-02 -2.010197192430496216e-01 -1.512959003448486328e-01 -1.388673782348632812e-01 -2.249113097786903381e-02 -2.656417787075042725e-01 -2.721261680126190186e-01 2.099599987268447876e-01 -1.880299448966979980e-01 1.861666142940521240e-02 2.308087050914764404e-02 -3.039363399147987366e-02 2.211535908281803131e-02 -1.629860401153564453e-01 4.765599966049194336e-03 -1.782867312431335449e-01 -3.241673111915588379e-02 -9.514735639095306396e-02 -1.001312732696533203e-01 2.216037660837173462e-01 2.022105306386947632e-01 -3.181479573249816895e-01 1.664197891950607300e-01 -1.914228498935699463e-01 -1.177460327744483948e-02 3.365619108080863953e-02 -3.984951227903366089e-02 -8.921734988689422607e-02 1.077839732170104980e-01 2.847913205623626709e-01
-6.854065507650375366e-02 -9.394046664237976074e-02 -7.495903968811035156e-02 -1.633120179176330566e-01 -3.440626263618469238e-01 -4.474723041057586670e-01 -2.921884357929229736e-01 -3.134646415710449219e-01 2.353980541229248047e-01 -2.427333295345306396e-01 -3.996681421995162964e-02 -1.509805023670196533e-01 3.309473395347595215e-01 3.347204625606536865e-02 2.089739888906478882e-01 2.507408708333969116e-02 -1.569294333457946777e-01 3.237712755799293518e-02 1.955460906028747559e-01 9.114304184913635254e-02 2.722608447074890137e-01 1.184928268194198608e-01 3.790180683135986328e-01 -2.025832533836364746e-01 3.123377859592437744e-01 -5.118482708930969238e-01 3.210522234439849854e-01 1.865282356739044189e-01 -1.551827974617481232e-02 4.040809869766235352e-01 1.792667210102081299e-01 4.636835455894470215e-01
-1.570023745298385620e-01 1.846973001956939697e-01 -1.382926106452941895e-01 -4.094210565090179443e-01 3.631927371025085449e-01 8.149264752864837646e-02 3.689224272966384888e-02 -3.011203110218048096e-01 -1.753332018852233887e-01 1.959241777658462524e-01 -1.962459981441497803e-01 2.768988162279129028e-02 9.503252804279327393e-02 -7.750831544399261475e-03 -2.829164862632751465e-01 -1.134760379791259766e-01 2.636243402957916260e-01 1.608919352293014526e-01 -1.227449625730514526e-02 -6.205298006534576416e-02 -1.041273176670074463e-01 -2.613884508609771729e-01 -1.138715744018554688e-01 1.136721447110176086e-01 1.161973327398300171e-01 5.805687978863716125e-02 3.136349841952323914e-02 -1.199939250946044922e-01 6.736260652542114258e-02 2.036205306649208069e-02 1.513128131628036499e-01 1.335843652486801147e-01
-8.823338896036148071e-02 3.160635381937026978e-02 -2.887320518493652344e-01 -1.330205947160720825e-01 1.357005089521408081e-01 1.510170698165893555e-01 -3.395736813545227051e-01 1.621096432209014893e-01 3.269816190004348755e-02 -9.507382661104202271e-02 5.445718020200729370e-02 3.315002620220184326e-01 1.861276477575302124e-01 -1.050001978874206543e-01 -2.702266275882720947e-01 -2.244780659675598145e-01 -4.836118817329406738e-01 -1.469370871782302856e-01 -2.593388557434082031e-01 6.790991872549057007e-02 -1.758208572864532471e-01 -1.376468315720558167e-02 -1.773702353239059448e-01 1.440056860446929932e-01 -1.385343261063098907e-02 3.902423083782196045e-01 -1.825106889009475708e-01 4.986113607883453369e-01 -3.174116909503936768e-01 2.546897530555725098e-01 1.831956356763839722e-01 1.548478007316589355e-01
4.173614084720611572e-02 3.977542370557785034e-02 3.801185265183448792e-02 -8.613099157810211182e-02 2.570071816444396973e-02 9.867848455905914307e-02 8.012371510267257690e-02 -1.888670958578586578e-02 -3.946347534656524658e-02 3.096261620521545410e-01 -2.428324520587921143e-01 -1.306868344545364380e-02 -2.386793494224548340e-04 -1.481189876794815063e-01 -2.211983501911163330e-01 -2.728701755404472351e-02 -6.077262014150619507e-02 1.057094186544418335e-01 -1.301515102386474609e-02 -3.094418048858642578e-01 -8.583401888608932495e-02 -3.214925825595855713e-01 -4.274798184633255005e-02 7.196839898824691772e-02 -6.105403602123260498e-02 1.333139464259147644e-02 1.121503859758377075e-01 2.145536243915557861e-01 6.990054249763488770e-02 -3.721687197685241699e-01 2.088525146245956421e-02 -6.444446742534637451e-02
-8.501470088958740234e-02 5.614992976188659668e-02 2.200570851564407349e-01 8.532592654228210449e-02 2.758204936981201172e-01 2.243980467319488525e-01 2.414135932922363281e-01 9.816519916057586670e-02 -8.511513471603393555e-03 -2.560082972049713135e-01 2.124110758304595947e-01 1.410253942012786865e-01 -4.556839540600776672e-02 2.478255331516265869e-01 1.768210381269454956e-01 2.550040185451507568e-01 2.838098704814910889e-01 4.412359371781349182e-02 -8.190055191516876221e-02 1.361231505870819092e-01 -2.541138231754302979e-01 -4.457025602459907532e-02 -3.289409875869750977e-01 -1.136752068996429443e-01 2.492440938949584961e-01 -1.442454475909471512e-02 -3.120569586753845215e-01 -3.084187209606170654e-01 2.984927222132682800e-02 8.531075716018676758e-02 -2.351785600185394287e-01 -2.309221625328063965e-01
-1.424577236175537109e-01 -1.537909954786300659e-01 1.351300328969955444e-01 -1.488889940083026886e-02 1.496555507183074951e-01 1.114944815635681152e-01 6.544205546379089355e-02 1.144536584615707397e-01 1.367605328559875488e-01 -1.096226274967193604e-01 1.275473535060882568e-01 -3.523409366607666016e-02 2.025214880704879761e-01 5.817085877060890198e-02 2.126291394233703613e-03 1.615672856569290161e-01 2.225584089756011963e-01 1.097235828638076782e-01 2.264688163995742798e-02 -8.468489348888397217e-02 -2.322329580783843994e-02 -5.836109444499015808e-02 -1.353826671838760376e-01 8.280754089355468750e-02 5.105991661548614502e-02 -3.001647256314754486e-02 -1.698012053966522217e-01 2.401270344853401184e-02 1.427049189805984497e-02 1.387783288955688477e-01 -5.036615207791328430e-02 -1.252187490463256836e-01
6.415524333715438843e-02 8.199799805879592896e-02 -5.986343696713447571e-02 7.631313800811767578e-02 -2.129523456096649170e-02 1.196415871381759644e-01 2.924470789730548859e-02 1.571704000234603882e-01 2.265693247318267822e-02 9.416897594928741455e-02 -3.292380273342132568e-02 -9.447176754474639893e-02 -6.018851697444915771e-02 -2.182832211256027222e-01 -1.525974571704864502e-01 -1.112733036279678345e-01 -3.491598367691040039e-02 -6.234081834554672241e-02 -9.806352853775024414e-02 -1.819766461849212646e-01 -6.484834104776382446e-02 9.834292531013488770e-02 1.338891834020614624e-01 -6.469063460826873779e-02 -9.396803379058837891e-02 7.845318317413330078e-02 -6.856631487607955933e-03 2.358194887638092041e-01 -7.225376367568969727e-02 -1.171285361051559448e-01 2.488496601581573486e-01 1.219054590910673141e-02
-1.761854887008666992e-01 -1.012089848518371582e-02 1.001729071140289307e-01 -7.830305397510528564e-02 -2.000921517610549927e-01 -3.118349313735961914e-01 -1.922547966241836548e-01 8.572737872600555420e-02 6.364289671182632446e-02 -1.458785235881805420e-01 2.714981138706207275e-02 4.509399831295013428e-02 1.858045011758804321e-01 -7.279625535011291504e-02 1.820918023586273193e-01 -1.409025862812995911e-02 -2.533935904502868652e-01 -6.255069375038146973e-02 2.577638030052185059e-01 3.271992206573486328e-01 2.110121250152587891e-01 2.140589803457260132e-01 1.475747227668762207e-01 1.936993598937988281e-01 -6.415601074695587158e-02 3.653433918952941895e-02 -5.077577382326126099e-02 8.594567328691482544e-02 -4.153546690940856934e-01 -2.844317257404327393e-02 -4.490712285041809082e-02 2.646123766899108887e-01
-1.367483288049697876e-01 -1.684718728065490723e-01 5.650043487548828125e-02 2.139971405267715454e-02 5.137347429990768433e-02 1.444979757070541382e-02 -1.950574107468128204e-03 1.190575659275054932e-01 1.200466230511665344e-01 -8.561879396438598633e-03 6.687732040882110596e-02 -1.721147894859313965e-01 2.020088583230972290e-01 -7.326817512512207031e-02 -6.011137366294860840e-02 8.843158185482025146e-02 1.611480712890625000e-01 1.134942024946212769e-01 9.274558722972869873e-02 -1.752887815237045288e-01 7.445251196622848511e-02 -2.237817272543907166e-02 -1.259905844926834106e-02 1.416963338851928711e-01 -1.857721991837024689e-02 -5.770369991660118103e-02 2.029883116483688354e-02 8.991022408008575439e-02 4.740339145064353943e-02 4.767242819070816040e-02 1.150196492671966553e-01 -5.162553861737251282e-02
-1.086064241826534271e-02 1.109086349606513977e-02 4.290141537785530090e-02 4.405057057738304138e-02 6.569325923919677734e-04 9.434305131435394287e-02 5.803459137678146362e-02 1.933576464653015137e-01 3.731811046600341797e-02 5.119957029819488525e-02 -1.595298200845718384e-02 -8.905992656946182251e-02 6.509940326213836670e-02 -1.496056169271469116e-01 -1.090591326355934143e-01 -4.175711423158645630e-03 8.229091763496398926e-03 -2.380977012217044830e-02 -2.909273095428943634e-02 -1.593906283378601074e-01 -8.080501109361648560e-02 6.135354563593864441e-02 3.791143000125885010e-02 7.037535309791564941e-03 -6.088476628065109253e-02 5.261252447962760925e-02 -1.139505952596664429e-01 2.005331963300704956e-01 -4.160371050238609314e-02 -1.026641130447387695e-01 1.684719175100326538e-01 -2.682298421859741211e-02
8.824332058429718018e-02 1.696043610572814941e-01 -1.239350736141204834e-01 -4.707653820514678955e-02 7.850008457899093628e-02 2.143720090389251709e-01 -1.464856788516044617e-02 1.512536406517028809e-01 -5.974389612674713135e-02 9.821563959121704102e-03 4.056869074702262878e-02 1.243893876671791077e-01 4.353486001491546631e-03 -1.289776414632797241e-01 -6.161433458328247070e-02 -1.210797578096389771e-01 -1.269091665744781494e-01 -1.510250121355056763e-01 -1.712957918643951416e-01 -7.410173118114471436e-02 -2.680467069149017334e-01 1.673571467399597168e-01 -1.124013960361480713e-02 -1.025697067379951477e-01 1.899968646466732025e-02 1.546618342399597168e-01 -1.883345246315002441e-01 2.281569093465805054e-01 -1.424007117748260498e-01 3.920984268188476562e-02 1.569241136312484741e-01 -1.262971200048923492e-03
-2.451132088899612427e-01 -1.434436589479446411e-01 6.568554788827896118e-02 -6.947517395019531250e-01 3.552869558334350586e-01 -4.090566933155059814e-01 -1.189984753727912903e-01 -2.921090722084045410e-01 -1.441340297460556030e-01 5.056893825531005859e-01 -2.796825766563415527e-01 1.796542704105377197e-01 4.254581928253173828e-01 4.656607657670974731e-02 -4.404649734497070312e-01 -4.361763596534729004e-01 -4.724606126546859741e-02 8.768476545810699463e-02 2.418261170387268066e-01 -2.876375615596771240e-01 2.306833267211914062e-01 -3.721651434898376465e-02 1.726942658424377441e-01 1.541650891304016113e-01 1.165268421173095703e-01 2.116636484861373901e-01 6.263746023178100586e-01 1.045498028397560120e-01 2.469793707132339478e-01 -9.401519596576690674e-02 5.979833006858825684e-01 4.365591406822204590e-01
3.952727466821670532e-02 1.112347468733787537e-01 2.273275405168533325e-01 -3.235706686973571777e-01 3.671460747718811035e-01 -2.267497479915618896e-01 -1.763624139130115509e-02 -2.463791966438293457e-01 -2.798132002353668213e-01 3.705943226814270020e-01 -1.356342434883117676e-01 1.986756920814514160e-01 3.061836957931518555e-01 2.566761076450347900e-01 -3.868517279624938965e-01 -1.460400372743606567e-01 2.157485485076904297e-01 3.257722780108451843e-02 9.133657813072204590e-02 -2.363572120666503906e-01 1.526123285293579102e-02 4.980703815817832947e-02 4.465512931346893311e-02 -1.140557825565338135e-01 2.961550056934356689e-01 -1.198633611202239990e-01 3.131495714187622070e-01 -2.657579183578491211e-01 1.783472448587417603e-01 4.171886667609214783e-02 2.306537628173828125e-01 2.392885386943817139e-01
-4.804652184247970581e-02 -6.795911118388175964e-03 2.323251664638519287e-01 1.342446804046630859e-01 2.135974317789077759e-01 1.501707434654235840e-01 2.317901104688644409e-01 9.050802886486053467e-02 1.517125219106674194e-02 -2.328908741474151611e-01 1.843768060207366943e-01 3.359286487102508545e-02 -9.546978771686553955e-02 2.110490649938583374e-01 1.847875416278839111e-01 3.132685720920562744e-01 3.206432461738586426e-01 5.587716773152351379e-02 -1.027778983116149902e-01 1.016047075390815735e-01 -1.807317435741424561e-01 -8.148902654647827148e-02 -2.650941014289855957e-01 -4.394801706075668335e-02 1.815110743045806885e-01 -5.106367170810699463e-02 -1.791470050811767578e-01 -3.040461540222167969e-01 7.158699631690979004e-02 6.437521427869796753e-02 -2.160437107086181641e-01 -2.677147686481475830e-01
2.856298685073852539e-01 3.074237406253814697e-01 1.093102246522903442e-01 -4.684249311685562134e-02 -2.049029320478439331e-01 -2.297520041465759277e-01 -2.069397419691085815e-01 -3.137594163417816162e-01 -2.674053311347961426e-01 2.328079789876937866e-01 -2.144819796085357666e-01 -2.498984336853027344e-03 -7.369825243949890137e-02 -3.192366287112236023e-02 3.351861983537673950e-02 -2.050168514251708984e-01 -1.035620793700218201e-01 -6.335525214672088623e-02 -6.103366613388061523e-04 -1.756737083196640015e-01 -4.557824134826660156e-02 1.169197857379913330e-01 3.244206905364990234e-01 -3.027100265026092529e-01 1.556436270475387573e-01 -2.651479840278625488e-01 1.889450699090957642e-01 -3.067465033382177353e-03 -2.655550278723239899e-02 -3.718695789575576782e-02 1.856623888015747070e-01 2.483094185590744019e-01
-3.233411908149719238e-01 3.392651677131652832e-03 -7.622300088405609131e-02 -1.994503885507583618e-01 2.218747287988662720e-01 4.911401867866516113e-02 5.069186538457870483e-02 1.086051315069198608e-01 6.233515590429306030e-02 -2.192477285861968994e-01 3.062119483947753906e-01 9.792374819517135620e-02 2.109368145465850830e-02 2.577986754477024078e-02 7.098609954118728638e-02 -1.800652965903282166e-02 -3.295281529426574707e-02 7.362538576126098633e-02 1.280265301465988159e-01 3.497897684574127197e-01 -7.478922605514526367e-02 3.036249428987503052e-03 -5.250295996665954590e-02 1.859738826751708984e-01 -1.027361229062080383e-01 3.147656619548797607e-01 -4.086852967739105225e-01 -5.074199289083480835e-02 -2.294787913560867310e-01 4.563030973076820374e-02 -1.595821082592010498e-01 -3.220911696553230286e-02
-4.444117844104766846e-02 -4.564061760902404785e-02 1.060540378093719482e-01 -2.677520737051963806e-02 -6.629495322704315186e-02 -1.204084157943725586e-01 1.022152751684188843e-01 9.399814903736114502e-02 -8.195836842060089111e-02 1.723833829164505005e-01 -1.360132545232772827e-02 -3.156330585479736328e-01 1.330946534872055054e-01 -1.095725744962692261e-01 -1.314942687749862671e-01 7.225071638822555542e-02 1.973552703857421875e-01 4.855689778923988342e-02 1.164920330047607422e-01 -2.713029682636260986e-01 6.984140723943710327e-02 3.444672748446464539e-02 4.403014481067657471e-02 8.375176787376403809e-02 -1.064965352416038513e-01 -6.005532294511795044e-02 7.991592586040496826e-02 8.583118021488189697e-02 9.800419211387634277e-02 -3.730944395065307617e-01 1.134971827268600464e-01 2.175499685108661652e-02
-2.363461703062057495e-01 1.049016416072845459e-02 3.477497398853302002e-01 -2.974646985530853271e-01 5.112290382385253906e-02 -2.434906214475631714e-01 2.571201026439666748e-01 8.495901525020599365e-02 -2.109970152378082275e-01 6.979352235794067383e-02 -6.059376895427703857e-02 -1.840401291847229004e-01 3.498417735099792480e-01 1.640866249799728394e-01 5.633613094687461853e-03 3.679719269275665283e-01 3.374149799346923828e-01 -3.375444561243057251e-03 1.696792095899581909e-01 -7.775627821683883667e-02 -5.640055984258651733e-03 -2.735021710395812988e-02 -2.423176914453506470e-01 1.027824059128761292e-01 -6.087099015712738037e-02 -9.231957793235778809e-02 -1.960933506488800049e-01 -2.585836686193943024e-02 8.606699109077453613e-02 -4.825111031532287598e-01 -3.707370460033416748e-01 -1.257550809532403946e-02
-1.620372533798217773e-01 -5.065766721963882446e-02 2.952276170253753662e-01 -5.155565217137336731e-02 1.844357103109359741e-01 3.813133388757705688e-02 2.839474081993103027e-01 1.166844964027404785e-01 -1.141387969255447388e-02 -1.875993013381958008e-01 6.886386871337890625e-02 -7.189875096082687378e-02 1.217759102582931519e-01 1.910902857780456543e-01 1.437514126300811768e-01 3.955240845680236816e-01 3.932527899742126465e-01 3.835843876004219055e-02 1.209046319127082825e-02 6.896179914474487305e-02 -1.030625849962234497e-01 -8.310894668102264404e-02 -2.436532825231552124e-01 2.835146337747573853e-02 1.140115633606910706e-01 -1.246086210012435913e-01 -2.573637366294860840e-01 -1.389087736606597900e-01 3.059631958603858948e-02 -7.008509337902069092e-02 -3.410667777061462402e-01 -1.732065528631210327e-01
3.991024196147918701e-02 6.437953561544418335e-02 1.087894737720489502e-01 1.255879253149032593e-01 1.019053459167480469e-01 2.302745282649993896e-01 1.392892897129058838e-01 2.071243375539779663e-01 6.819487363100051880e-02 -5.210106074810028076e-02 6.351874768733978271e-02 -4.919442534446716309e-02 -5.001204833388328552e-02 -7.582645118236541748e-02 7.914210855960845947e-02 9.292748570442199707e-02 1.170761585235595703e-01 3.272559121251106262e-02 -1.060414090752601624e-01 -1.443477720022201538e-01 -1.746181845664978027e-01 8.419148623943328857e-02 -3.783404827117919922e-03 -5.876019224524497986e-02 -1.475283317267894745e-02 -5.993641167879104614e-02 -1.757547557353973389e-01 1.386078298091888428e-01 -8.606235682964324951e-02 7.699023187160491943e-02 6.092135608196258545e-02 -1.614378988742828369e-01
1.438088566064834595e-01 1.109792813658714294e-01 2.573482394218444824e-01 1.928620040416717529e-02 1.735897362232208252e-01 -1.028419286012649536e-02 8.157234638929367065e-02 1.063709333539009094e-02 -5.331555008888244629e-02 3.144917488098144531e-01 3.577961027622222900e-02 1.045302376151084900e-01 1.302240192890167236e-01 1.648564934730529785e-01 -1.707259416580200195e-01 1.995977759361267090e-01 1.422639638185501099e-01 4.476929828524589539e-02 -3.315539285540580750e-02 -2.863604426383972168e-01 -1.224072352051734924e-01 -2.239219248294830322e-01 -7.549761235713958740e-02 -2.323805391788482666e-01 1.770105063915252686e-01 -1.677847355604171753e-01 5.569005385041236877e-02 -3.951355442404747009e-02 1.715736091136932373e-01 -2.943158745765686035e-01 -8.668960630893707275e-02 -1.569560170173645020e-02
-1.456448249518871307e-02 5.849795043468475342e-02 1.335526555776596069e-01 3.713332489132881165e-02 1.015501320362091064e-01 1.901631057262420654e-01 1.759884506464004517e-01 1.862585395574569702e-01 -5.791485309600830078e-04 -5.319587141275405884e-02 2.566846087574958801e-02 -5.184917151927947998e-02 3.898082673549652100e-02 -3.593463078141212463e-02 2.397604845464229584e-02 1.135951951146125793e-01 1.595660150051116943e-01 -7.658760994672775269e-03 -1.089664697647094727e-01 -1.031880974769592285e-01 -1.582762002944946289e-01 1.070986241102218628e-01 -7.970444858074188232e-02 -4.909053444862365723e-02 3.189444541931152344e-04 -2.456492744386196136e-02 -2.557262778282165527e-01 1.319580972194671631e-01 -1.102827042341232300e-01 -6.000733375549316406e-02 -3.772681578993797302e-02 -8.696129918098449707e-02
-3.515818119049072266e-01 -2.038110792636871338e-01 2.083531320095062256e-01 -2.968804836273193359e-01 8.927190303802490234e-02 -2.966762185096740723e-01 9.580127149820327759e-02 4.199519753456115723e-04 -5.226399749517440796e-02 -2.703162282705307007e-02 -6.856620311737060547e-03 -1.869126558303833008e-01 5.215260982513427734e-01 1.582565456628799438e-01 -7.683160901069641113e-02 3.560523986816406250e-01 3.528041243553161621e-01 7.487434148788452148e-02 1.990741342306137085e-01 -3.980512917041778564e-02 1.953736841678619385e-01 -1.136464327573776245e-01 -1.952724605798721313e-01 2.508918941020965576e-01 4.027545079588890076e-02 -1.104343384504318237e-01 -6.665536761283874512e-02 -3.760407119989395142e-02 1.759017109870910645e-01 -1.580081582069396973e-01 -2.091326415538787842e-01 6.546643376350402832e-02
-1.432290226221084595e-01 -5.903616547584533691e-04 -4.770707711577415466e-02 -1.323558241128921509e-01 8.739013969898223877e-02 1.004124581813812256e-01 9.820747375488281250e-02 -1.702897250652313232e-02 4.671475291252136230e-02 1.754644662141799927e-01 -9.200695157051086426e-02 -1.351053416728973389e-01 9.685054421424865723e-03 -7.304613292217254639e-02 -1.072808131575584412e-01 5.943292006850242615e-02 8.077061176300048828e-02 1.708614081144332886e-01 4.415128380060195923e-02 -1.567821055650711060e-01 -1.283471435308456421e-01 -2.733684480190277100e-01 -5.601155012845993042e-02 -4.760275036096572876e-02 1.071384176611900330e-03 3.174403309822082520e-02 -8.230638504028320312e-02 2.011361271142959595e-01 1.311340183019638062e-01 -3.025954961776733398e-01 -8.109050244092941284e-02 1.022129971534013748e-02
-2.660852670669555664e-01 -4.432611167430877686e-02 -4.903990402817726135e-02 -1.975186020135879517e-01 1.867203712463378906e-01 -4.157006740570068359e-03 -1.664840430021286011e-02 1.287623345851898193e-01 1.078166142106056213e-01 -8.664599061012268066e-02 1.924128532409667969e-01 2.573644369840621948e-02 5.930840969085693359e-03 -2.233510836958885193e-02 3.626943379640579224e-02 -9.033960103988647461e-02 -1.262305676937103271e-01 7.424414157867431641e-02 8.104701340198516846e-02 2.149295210838317871e-01 1.946260780096054077e-02 -3.652978688478469849e-03 6.064864993095397949e-02 1.162057444453239441e-01 -1.634434014558792114e-01 3.594336509704589844e-01 -2.192628383636474609e-01 7.481721788644790649e-02 -1.572462320327758789e-01 -6.487593054771423340e-04 1.117632538080215454e-02 -1.493627484887838364e-02
-2.648071646690368652e-01 7.550314068794250488e-02 3.499144315719604492e-01 -8.570685982704162598e-02 1.285221427679061890e-01 -1.418003141880035400e-01 8.008262515068054199e-02 1.125370711088180542e-01 -2.152865827083587646e-01 -1.522587835788726807e-01 1.236569434404373169e-01 1.534590125083923340e-01 2.105789631605148315e-01 2.203024476766586304e-01 1.392829120159149170e-01 3.276865482330322266e-01 1.445706486701965332e-01 -2.214968949556350708e-02 1.731097549200057983e-01 2.600337862968444824e-01 -9.196154773235321045e-02 -4.974174499511718750e-02 -3.217694759368896484e-01 2.103614807128906250e-01 -1.060441322624683380e-02 1.989520713686943054e-02 -2.832068502902984619e-01 -3.792784512042999268e-01 -1.372440904378890991e-01 -2.072897106409072876e-01 -4.089793860912322998e-01 -3.488932177424430847e-02
1.219934150576591492e-01 3.678533732891082764e-01 -1.750647425651550293e-01 -3.170827031135559082e-01 -4.510302096605300903e-02 4.034325480461120605e-03 -1.159591078758239746e-01 -1.555021554231643677e-01 -2.747879922389984131e-01 1.192499250173568726e-01 -2.120626270771026611e-01 1.179137155413627625e-01 7.376012206077575684e-02 -1.058284044265747070e-01 -1.530741602182388306e-01 -2.560707926750183105e-01 -1.613268852233886719e-01 -3.127883970737457275e-01 -1.949675381183624268e-01 -1.483774743974208832e-02 -1.349586844444274902e-01 2.477070838212966919e-01 7.715480029582977295e-02 -2.467497289180755615e-01 1.166855245828628540e-01 2.888427302241325378e-02 -8.007554709911346436e-02 2.595206201076507568e-01 -1.269449740648269653e-01 -3.831632435321807861e-02 1.363864988088607788e-01 4.114637970924377441e-01
-4.717072248458862305e-01 1.750675141811370850e-01 -2.611939609050750732e-01 -3.920730352401733398e-01 4.982132315635681152e-01 1.663986742496490479e-01 1.657443791627883911e-01 -2.173770777881145477e-02 -1.174842044711112976e-01 -4.736837372183799744e-02 1.509127318859100342e-01 -8.911478519439697266e-02 7.079561054706573486e-02 7.434476912021636963e-02 -7.774828374385833740e-02 -4.476410523056983948e-02 3.534164428710937500e-01 1.895022392272949219e-01 1.390562206506729126e-01 1.482982486486434937e-01 -3.462507724761962891e-01 -2.701509594917297363e-01 -1.580390483140945435e-01 -5.789830908179283142e-02 -2.821542881429195404e-02 1.962518244981765747e-01 -5.258210897445678711e-01 -1.134336069226264954e-01 7.476405799388885498e-02 -5.497586727142333984e-02 -2.210048884153366089e-01 3.045933693647384644e-02
1.011299937963485718e-01 2.504745125770568848e-01 8.271051943302154541e-02 1.062070429325103760e-01 2.048520147800445557e-01 1.525126248598098755e-01 3.837291896343231201e-02 -1.073155552148818970e-03 -7.513937354087829590e-02 2.181633561849594116e-01 2.727090939879417419e-02 7.835193723440170288e-02 -6.937578320503234863e-03 2.618772163987159729e-02 -1.664796173572540283e-01 1.595711559057235718e-01 1.495130658149719238e-01 9.640243649482727051e-02 -6.561963260173797607e-02 -2.009624689817428589e-01 -2.075186669826507568e-01 -2.777690291404724121e-01 -1.556634306907653809e-01 -1.630235016345977783e-01 1.596035212278366089e-01 -1.138765364885330200e-01 -9.076483547687530518e-02 -1.136023774743080139e-01 1.787430197000503540e-01 -1.698101013898849487e-01 -6.742578744888305664e-02 -1.477491408586502075e-01
-1.863114833831787109e-01 -1.403001099824905396e-01 -2.850296199321746826e-01 -7.835072278976440430e-02 7.493636757135391235e-02 1.995834708213806152e-02 -3.423420786857604980e-01 1.685741394758224487e-01 1.858384013175964355e-01 -4.701134935021400452e-02 5.103648453950881958e-02 5.851145833730697632e-02 3.131010532379150391e-01 -1.544796824455261230e-01 -2.742925882339477539e-01 -1.499392092227935791e-01 -3.363436460494995117e-01 1.876655593514442444e-02 4.658374935388565063e-03 -7.996920496225357056e-02 6.086955219507217407e-02 -6.024215370416641235e-03 -2.258770912885665894e-02 2.659790813922882080e-01 -1.226320303976535797e-02 2.043687850236892700e-01 2.536642923951148987e-02 4.137145578861236572e-01 -1.514701247215270996e-01 2.321051806211471558e-01 3.548652231693267822e-01 1.016607955098152161e-01
-4.353940486907958984e-01 2.932647243142127991e-02 -9.434589743614196777e-02 -8.332765698432922363e-01 6.367756724357604980e-01 -2.121023833751678467e-01 -9.951169043779373169e-02 -3.165195286273956299e-01 -1.511219441890716553e-01 2.223772555589675903e-02 1.096237227320671082e-01 2.325581908226013184e-01 5.290136933326721191e-01 1.384983807802200317e-01 -2.822988927364349365e-01 -1.017894595861434937e-01 3.110684752464294434e-01 6.566129624843597412e-02 2.271922826766967773e-01 2.814029455184936523e-01 7.851659506559371948e-02 -9.975572675466537476e-02 -1.062646061182022095e-01 3.466026782989501953e-01 2.437455020844936371e-02 2.400618791580200195e-01 -4.614747315645217896e-02 -2.947672009468078613e-01 1.191681921482086182e-01 2.872061133384704590e-01 6.233255565166473389e-02 3.259130120277404785e-01
2.479864954948425293e-01 1.819275915622711182e-01 2.391468435525894165e-01 1.669927537441253662e-01 -1.531845927238464355e-01 -1.967447996139526367e-01 -1.326065510511398315e-01 -6.169804558157920837e-02 -2.455714643001556396e-01 6.095811724662780762e-02 -5.834692716598510742e-02 1.416532695293426514e-02 -8.520661294460296631e-02 6.070826947689056396e-02 1.401415914297103882e-01 -5.413636192679405212e-02 -1.270630657672882080e-01 2.129435539245605469e-02 7.499065995216369629e-02 -1.397009938955307007e-03 -3.064007312059402466e-02 1.780029013752937317e-02 6.378053128719329834e-02 -8.876030892133712769e-02 1.501949429512023926e-01 -1.022179722785949707e-01 8.677689731121063232e-02 -2.203599661588668823e-01 -3.764497488737106323e-02 -2.138178497552871704e-01 2.223668247461318970e-02 1.971253752708435059e-02
-5.314055681228637695e-01 -2.982422895729541779e-02 -1.282440721988677979e-01 -3.986256122589111328e-01 2.809990644454956055e-01 -6.390064954757690430e-04 9.200643002986907959e-02 3.520125523209571838e-02 4.509364813566207886e-02 6.085896492004394531e-02 8.345790207386016846e-03 -1.597223579883575439e-01 2.200569063425064087e-01 -6.884422898292541504e-02 -4.371002316474914551e-02 -1.199073642492294312e-01 1.013967841863632202e-01 2.629504501819610596e-01 2.556254863739013672e-01 5.171024054288864136e-02 -6.521764397621154785e-02 -8.856601268053054810e-02 5.771625041961669922e-02 -6.492940336465835571e-02 -2.053540199995040894e-01 2.083154469728469849e-01 -2.075592428445816040e-01 2.221852838993072510e-01 6.119057908654212952e-02 -1.456284373998641968e-01 -9.804119169712066650e-02 9.562779963016510010e-02
-4.548610150814056396e-01 -8.652558177709579468e-02 1.779824495315551758e-02 -7.341237664222717285e-01 5.597382783889770508e-01 -2.251513153314590454e-01 -8.084088563919067383e-02 -1.553821563720703125e-01 -1.133821308612823486e-01 1.634987443685531616e-01 8.018625527620315552e-02 2.502935528755187988e-01 5.746334791183471680e-01 7.265831530094146729e-02 -2.709419131278991699e-01 -7.864424586296081543e-02 1.827962398529052734e-01 8.719050884246826172e-02 3.485568761825561523e-01 1.717858910560607910e-01 1.170027479529380798e-01 -8.933988958597183228e-02 -5.223458260297775269e-02 2.656269967555999756e-01 -1.561745107173919678e-01 3.427231013774871826e-01 -7.070073485374450684e-02 -1.737922281026840210e-01 1.239030659198760986e-01 -7.513207197189331055e-02 -7.724540680646896362e-02 2.897831797599792480e-01
-3.747675418853759766e-01 2.264866232872009277e-01 3.647404015064239502e-01 -5.253307223320007324e-01 -1.073118299245834351e-01 -4.296053946018218994e-01 2.095822542905807495e-01 3.397615626454353333e-02 -3.223975896835327148e-01 1.280694752931594849e-01 -1.716120541095733643e-01 -1.585365086793899536e-02 5.334613919258117676e-01 7.743851840496063232e-02 7.668720930814743042e-02 3.286497890949249268e-01 1.985021829605102539e-01 -1.762451827526092529e-01 4.145233631134033203e-01 9.500622749328613281e-02 3.480296581983566284e-02 1.782719343900680542e-01 -5.843916535377502441e-02 7.166075706481933594e-02 -2.880457602441310883e-02 -1.318432241678237915e-01 -2.512336373329162598e-01 1.470638625323772430e-02 -1.340372562408447266e-01 -4.419190883636474609e-01 -3.761312663555145264e-01 3.070517480373382568e-01
-2.425769716501235962e-01 4.244301468133926392e-02 3.143864274024963379e-01 -2.929008007049560547e-01 1.739241182804107666e-01 -9.180667996406555176e-02 3.139972686767578125e-01 8.906197547912597656e-02 -2.328781485557556152e-01 -1.554471254348754883e-02 -2.063891291618347168e-02 -7.633665949106216431e-02 3.376909494400024414e-01 2.214698791503906250e-01 9.652554243803024292e-02 3.665948510169982910e-01 3.240564167499542236e-01 -7.904581725597381592e-03 1.753213703632354736e-01 -1.825413666665554047e-02 -1.010998934507369995e-01 -1.174562051892280579e-02 -2.853106260299682617e-01 2.165776863694190979e-02 1.890366524457931519e-02 -1.044331789016723633e-01 -3.152039945125579834e-01 -5.741739645600318909e-02 6.572942435741424561e-02 -3.143323063850402832e-01 -3.773809671401977539e-01 -4.709696024656295776e-02
-8.105356991291046143e-02 8.232137560844421387e-02 2.351069897413253784e-01 -8.654512465000152588e-03 8.216980099678039551e-02 -1.122791320085525513e-02 2.093382328748703003e-01 1.202187836170196533e-01 -1.681584715843200684e-01 8.271086215972900391e-02 1.485776528716087341e-02 -1.353185921907424927e-01 8.966454863548278809e-02 5.546473711729049683e-02 5.844659358263015747e-02 1.919260472059249878e-01 2.087887227535247803e-01 4.790780320763587952e-02 8.843614161014556885e-02 -1.084323003888130188e-01 -1.200315281748771667e-01 2.778685465455055237e-02 -1.566596031188964844e-01 -3.315553814172744751e-02 -1.249080523848533630e-03 -6.539536267518997192e-02 -1.197229623794555664e-01 -5.598311498761177063e-02 1.034106165170669556e-01 -3.101731538772583008e-01 -1.120431572198867798e-01 -1.046317592263221741e-01
-4.785706996917724609e-01 -4.366611316800117493e-02 -1.658902689814567566e-02 -7.596422433853149414e-01 5.149703621864318848e-01 -1.988846212625503540e-01 -4.419562965631484985e-02 -1.277216523885726929e-01 -1.426599025726318359e-01 1.428050994873046875e-01 6.805399060249328613e-02 2.049912810325622559e-01 5.552169680595397949e-01 3.501198440790176392e-02 -2.416969835758209229e-01 -7.589176297187805176e-02 2.067329585552215576e-01 8.942498266696929932e-02 3.684960603713989258e-01 2.090451121330261230e-01 9.485930949449539185e-02 -1.157933399081230164e-01 -9.216195344924926758e-02 2.978317737579345703e-01 -1.846817731857299805e-01 3.267188072204589844e-01 -1.509074717760086060e-01 -1.350513696670532227e-01 7.027275860309600830e-02 -1.233809739351272583e-01 -1.690206676721572876e-01 2.855359911918640137e-01
-2.417269498109817505e-01 -2.313270270824432373e-01 1.443661451339721680e-01 -1.552511155605316162e-01 2.155008465051651001e-01 8.307819068431854248e-02 4.373133927583694458e-02 1.455167979001998901e-01 1.681322455406188965e-01 -1.606476902961730957e-01 5.761592090129852295e-02 -2.991324290633201599e-02 3.785875439643859863e-01 9.949678927659988403e-02 -2.834326028823852539e-02 2.169405519962310791e-01 2.696236073970794678e-01 1.517173796892166138e-01 4.067938029766082764e-02 -1.704217866063117981e-03 9.555410593748092651e-02 -1.157710552215576172e-01 -1.397386044263839722e-01 1.839631199836730957e-01 4.513634368777275085e-02 -1.043232828378677368e-01 -2.175603955984115601e-01 1.081307381391525269e-01 -4.482526332139968872e-02 2.728139758110046387e-01 -1.533038616180419922e-01 -4.541820660233497620e-02
6.719324737787246704e-04 7.208295911550521851e-02 2.322831302881240845e-01 1.174396276473999023e-01 1.025498807430267334e-01 6.436342000961303711e-02 2.044154405593872070e-01 8.823293447494506836e-02 -1.099140048027038574e-01 -6.889003515243530273e-02 1.514608711004257202e-01 -3.901720792055130005e-02 -4.212332889437675476e-02 1.533063948154449463e-01 1.297451406717300415e-01 1.960368603467941284e-01 2.093268036842346191e-01 4.882307723164558411e-02 -2.820786274969577789e-02 -2.486236207187175751e-02 -1.737808734178543091e-01 -3.516631945967674255e-02 -2.148949652910232544e-01 -4.714199900627136230e-02 7.444790750741958618e-02 -9.937519207596778870e-03 -1.742046475410461426e-01 -1.630700081586837769e-01 9.399406611919403076e-02 -1.560077965259552002e-01 -1.104648858308792114e-01 -2.142713963985443115e-01
-3.132753968238830566e-01 1.402433812618255615e-01 9.288040921092033386e-03 -5.928003787994384766e-01 4.619426131248474121e-01 -1.155044883489608765e-01 1.053547337651252747e-01 -2.376518845558166504e-01 -2.382287383079528809e-01 3.044709563255310059e-01 -1.689120084047317505e-01 1.039043143391609192e-01 3.914818167686462402e-01 1.031921356916427612e-01 -3.195663988590240479e-01 -8.762779831886291504e-02 3.690274059772491455e-01 1.460133194923400879e-01 2.081216573715209961e-01 -1.285467594861984253e-01 -9.425306320190429688e-02 -2.227144390344619751e-01 -6.559893488883972168e-02 2.550331130623817444e-02 5.781060457229614258e-02 -3.908544778823852539e-02 3.467799350619316101e-02 -5.715021863579750061e-02 1.120672672986984253e-01 -2.071831971406936646e-01 -5.982118844985961914e-02 2.595341503620147705e-01
-1.497684977948665619e-02 7.422374188899993896e-02 1.190621554851531982e-01 -8.854471147060394287e-02 6.904789805412292480e-02 1.071215420961380005e-01 1.206986755132675171e-01 1.632381975650787354e-01 -8.048274368047714233e-02 1.163739711046218872e-02 3.844037652015686035e-03 -4.305124282836914062e-03 1.373556852340698242e-01 -5.030887201428413391e-02 -8.316975086927413940e-03 6.191774457693099976e-02 8.259128779172897339e-02 -1.029987335205078125e-01 -3.443730995059013367e-02 -1.275985538959503174e-01 -2.114212214946746826e-01 1.087232232093811035e-01 -1.266628801822662354e-01 -5.209950357675552368e-02 -4.140180349349975586e-02 5.252248421311378479e-02 -2.389706820249557495e-01 1.726257503032684326e-01 -7.717281579971313477e-02 -1.096473187208175659e-01 -3.618290647864341736e-02 -5.395518243312835693e-02
2.822204120457172394e-02 -4.801254346966743469e-02 1.603898853063583374e-01 6.662054359912872314e-02 6.026402115821838379e-04 -7.552868872880935669e-02 -2.076278030872344971e-01 1.944720596075057983e-01 -7.218203693628311157e-02 -7.197111845016479492e-04 5.617260187864303589e-02 1.794192492961883545e-01 -1.001037359237670898e-01 -2.337675914168357849e-02 -2.942117862403392792e-02 -1.128180027008056641e-01 -3.428185582160949707e-01 -2.277700416743755341e-02 8.948722481727600098e-02 1.546353399753570557e-01 4.543114453554153442e-02 -9.501931071281433105e-02 -1.115355640649795532e-02 2.905328571796417236e-01 -1.997386813163757324e-01 3.941044211387634277e-01 1.336006075143814087e-02 -1.096529141068458557e-02 -2.147063314914703369e-01 -1.959326714277267456e-01 1.082813888788223267e-01 -7.232866436243057251e-02
3.163349926471710205e-01 1.687774360179901123e-01 3.229961693286895752e-01 1.500061154365539551e-01 9.257325530052185059e-02 -2.863782644271850586e-02 -1.876371540129184723e-02 -6.208817288279533386e-02 -2.182080447673797607e-01 3.627195954322814941e-01 -7.064530253410339355e-02 1.970649659633636475e-01 9.636385738849639893e-02 1.712440848350524902e-01 -2.707039117813110352e-01 4.217848181724548340e-02 6.096757203340530396e-02 2.101760357618331909e-03 -4.297165945172309875e-02 -3.426346778869628906e-01 3.833235800266265869e-02 -8.873984962701797485e-02 -2.232713252305984497e-02 -1.506863832473754883e-01 1.981411427259445190e-01 -2.397589683532714844e-01 2.749023735523223877e-01 -1.966313421726226807e-01 1.573522537946701050e-01 -1.386565566062927246e-01 6.130449473857879639e-02 -5.147535353899002075e-02
-1.192515417933464050e-01 -8.011413365602493286e-02 -1.632558703422546387e-01 -3.348580375313758850e-02 3.929692134261131287e-02 1.397156268358230591e-01 4.988923668861389160e-02 8.532653748989105225e-02 2.100473642349243164e-01 -1.583536267280578613e-01 1.729997992515563965e-01 -7.913123071193695068e-02 -1.880752444267272949e-01 -5.489723756909370422e-02 8.641998469829559326e-02 -3.901098296046257019e-02 -1.401540935039520264e-01 1.631627231836318970e-01 -6.254390627145767212e-02 1.341084986925125122e-01 -5.619831383228302002e-02 -6.548079103231430054e-02 3.822270408272743225e-02 8.176697790622711182e-02 -6.510815769433975220e-02 2.379651963710784912e-01 -1.859859973192214966e-01 1.011998206377029419e-01 -5.777452513575553894e-02 9.036837518215179443e-02 1.435761898756027222e-01 -1.505645215511322021e-01
-2.817925810813903809e-01 -1.454183459281921387e-01 2.053254991769790649e-01 -3.649714291095733643e-01 2.543599307537078857e-01 -3.804832994937896729e-01 -1.841899156570434570e-01 4.388722404837608337e-02 -2.157964408397674561e-01 2.609155178070068359e-01 -4.154331237077713013e-02 2.221918702125549316e-01 4.877790808677673340e-01 2.807524986565113068e-02 -1.767118722200393677e-01 -6.715890765190124512e-02 -7.921621948480606079e-02 -1.839423179626464844e-02 3.478760719299316406e-01 7.189536839723587036e-02 1.776068806648254395e-01 -1.499147713184356689e-01 -1.221109926700592041e-01 3.436004817485809326e-01 -1.290299594402313232e-01 3.343996107578277588e-01 1.305323988199234009e-01 -1.148747950792312622e-01 2.551770582795143127e-02 -4.102389812469482422e-01 5.874643474817276001e-02 2.455198913812637329e-01
1.036706939339637756e-01 1.828665435314178467e-01 1.663360744714736938e-01 -1.152953803539276123e-01 3.179966509342193604e-01 -2.061864733695983887e-02 1.055213995277881622e-02 -1.891659349203109741e-01 -2.358748912811279297e-01 3.155293464660644531e-01 -6.894351541996002197e-02 1.347863674163818359e-01 1.445899307727813721e-01 1.785753220319747925e-01 -2.996990084648132324e-01 -1.185917481780052185e-02 2.113740742206573486e-01 7.149957120418548584e-02 -4.871156811714172363e-02 -1.777383536100387573e-01 -7.152046263217926025e-02 -1.117535233497619629e-01 -6.914305686950683594e-02 -1.257336437702178955e-01 2.530497312545776367e-01 -1.579843908548355103e-01 1.556522995233535767e-01 -2.465189695358276367e-01 9.721587598323822021e-02 -1.991105824708938599e-02 1.226269304752349854e-01 7.662753015756607056e-02
-2.533350884914398193e-01 -9.527055174112319946e-02 7.490086555480957031e-02 -3.906754255294799805e-01 2.517655491828918457e-01 -2.994830012321472168e-01 -2.046295404434204102e-01 -1.699855029582977295e-01 -1.134206876158714294e-01 6.965246796607971191e-02 6.161852180957794189e-02 2.112503051757812500e-01 4.657149314880371094e-01 1.116238385438919067e-01 -1.678173393011093140e-01 1.006457507610321045e-01 1.509358733892440796e-01 3.190394863486289978e-02 2.869982123374938965e-01 2.506669759750366211e-01 2.397295832633972168e-01 -7.839758694171905518e-02 -1.742716580629348755e-01 4.341221451759338379e-01 5.329402908682823181e-02 2.582944929599761963e-01 9.576474130153656006e-02 -3.192754685878753662e-01 1.387999355792999268e-01 1.340421289205551147e-02 1.805282384157180786e-02 2.934046387672424316e-01
-1.826524585485458374e-01 -7.827792316675186157e-02 1.740064471960067749e-03 -1.116886585950851440e-01 1.689316779375076294e-01 1.843785047531127930e-01 -5.924423784017562866e-02 2.527624666690826416e-01 1.119995638728141785e-01 -1.488910019397735596e-01 4.085961356759071350e-02 1.213801577687263489e-01 2.498219460248947144e-01 -9.555663913488388062e-03 -7.528985291719436646e-02 4.611732065677642822e-02 -6.426637619733810425e-02 -2.870283462107181549e-02 -1.020618900656700134e-01 5.292883142828941345e-03 -1.158884912729263306e-01 3.584798425436019897e-03 -1.932306140661239624e-01 1.066829040646553040e-01 -7.962523028254508972e-03 1.001281738281250000e-01 -2.805232405662536621e-01 3.166095614433288574e-01 -1.999277323484420776e-01 2.041303217411041260e-01 -2.814268320798873901e-02 -2.968339249491691589e-02
-1.079778894782066345e-01 5.054158717393875122e-02 1.392640024423599243e-01 9.576521813869476318e-03 1.488385498523712158e-01 -6.396611034870147705e-02 -1.566288173198699951e-01 -1.514225080609321594e-02 -1.670610606670379639e-01 -1.685600280761718750e-01 1.638399064540863037e-01 1.998646557331085205e-01 1.425150334835052490e-01 8.919180929660797119e-02 -1.322660036385059357e-02 1.910490393638610840e-01 8.502640575170516968e-02 -6.962150335311889648e-03 1.459218412637710571e-01 3.343950808048248291e-01 3.448681533336639404e-02 -1.206587776541709900e-01 -2.521046400070190430e-01 3.242318332195281982e-01 5.743742361664772034e-02 2.019977271556854248e-01 -9.235548228025436401e-02 -4.193387031555175781e-01 -4.537425562739372253e-02 1.066560298204421997e-02 -1.471060216426849365e-01 -2.060929685831069946e-02
2.317663133144378662e-01 3.596789836883544922e-01 -3.636753261089324951e-01 -1.430525183677673340e-01 -4.084963351488113403e-02 8.396060764789581299e-02 -2.583090066909790039e-01 -1.234751343727111816e-01 -1.318246722221374512e-01 1.884087473154067993e-01 -3.857883065938949585e-02 1.692091822624206543e-01 -1.073479503393173218e-01 -1.835598796606063843e-01 -2.577471733093261719e-01 -5.007550120353698730e-01 -3.837536573410034180e-01 -2.615275084972381592e-01 -2.566644549369812012e-01 -8.979398012161254883e-02 -1.721736192703247070e-01 1.027776598930358887e-01 2.173473984003067017e-01 -3.039758503437042236e-01 7.860655337572097778e-02 2.113964557647705078e-01 8.462104201316833496e-02 3.074742257595062256e-01 -9.391041100025177002e-02 1.134202331304550171e-01 4.802174568176269531e-01 3.120144903659820557e-01
-4.000506550073623657e-02 -3.945511579513549805e-02 2.087036147713661194e-03 9.833131730556488037e-02 4.348806664347648621e-02 1.742967069149017334e-01 4.454429447650909424e-02 1.661397367715835571e-01 1.422228217124938965e-01 -4.739068448543548584e-03 1.457853242754936218e-02 -6.664693355560302734e-02 3.991453349590301514e-02 -1.221818327903747559e-01 -6.205681711435317993e-02 4.096273332834243774e-02 3.910432755947113037e-02 1.995529606938362122e-02 -8.445524424314498901e-02 -1.664858162403106689e-01 -3.653134405612945557e-02 7.577796280384063721e-02 6.183325126767158508e-02 1.695793867111206055e-02 -1.100038550794124603e-02 1.020235940814018250e-03 -7.935322821140289307e-02 1.937498599290847778e-01 -1.154249906539916992e-01 6.844201683998107910e-02 1.713951379060745239e-01 -5.471240729093551636e-02
-8.105657994747161865e-02 -7.303375005722045898e-02 -1.193038821220397949e-01 -3.612564504146575928e-02 -1.000744402408599854e-01 2.381237596273422241e-02 -4.900589585304260254e-02 7.277573645114898682e-02 1.513913571834564209e-01 -6.127419695258140564e-02 -3.435539454221725464e-02 -8.813783526420593262e-02 -1.294903904199600220e-01 -1.661141961812973022e-01 1.671622134745121002e-02 -1.303642541170120239e-01 -2.757978141307830811e-01 1.485641896724700928e-01 -1.404359936714172363e-03 1.159899216145277023e-02 1.575514674186706543e-02 -1.164982244372367859e-01 6.523308902978897095e-02 1.957908570766448975e-01 -1.815035045146942139e-01 2.057150304317474365e-01 -6.663528084754943848e-02 2.031896114349365234e-01 -7.650391757488250732e-02 -5.819632112979888916e-02 1.692415922880172729e-01 -7.253936678171157837e-02
-1.179604455828666687e-01 -6.135782226920127869e-03 -1.685363948345184326e-01 -6.587406992912292480e-02 1.011540889739990234e-01 1.561531573534011841e-01 -3.522137179970741272e-03 8.728297054767608643e-02 1.763161420822143555e-01 -8.711697906255722046e-02 1.533528268337249756e-01 -5.734703317284584045e-02 -1.803572177886962891e-01 -1.041481494903564453e-01 3.809465095400810242e-03 -1.143224686384201050e-01 -1.313221752643585205e-01 1.731815934181213379e-01 -5.691115558147430420e-02 1.302921324968338013e-01 -7.726435363292694092e-02 -4.677871614694595337e-02 1.601509377360343933e-02 7.005305588245391846e-02 -1.265757232904434204e-01 3.267571628093719482e-01 -1.931603997945785522e-01 4.193823784589767456e-02 -2.619050256907939911e-02 6.947199255228042603e-02 1.142904907464981079e-01 -9.953944385051727295e-02
-5.235086679458618164e-01 -1.398355066776275635e-01 8.416524529457092285e-02 -7.219731807708740234e-01 4.340479969978332520e-01 -2.264953851699829102e-01 6.041264533996582031e-02 3.272082284092903137e-02 -1.596253514289855957e-01 2.145450562238693237e-01 3.615480288863182068e-02 9.385647624731063843e-02 4.910593628883361816e-01 1.201970502734184265e-02 -1.952225118875503540e-01 -1.055376380681991577e-01 6.800064444541931152e-02 7.815031707286834717e-02 4.110019803047180176e-01 -2.534494735300540924e-02 1.801490783691406250e-03 -1.117180287837982178e-01 -3.800049424171447754e-02 1.685031354427337646e-01 -4.308322966098785400e-01 3.732858002185821533e-01 -1.403961479663848877e-01 1.615564972162246704e-01 3.049559518694877625e-02 -4.285548329353332520e-01 -2.015138268470764160e-01 1.877628415822982788e-01
-1.323054544627666473e-02 4.284034073352813721e-01 -1.681317836046218872e-01 -4.966271221637725830e-01 -1.840157806873321533e-02 -7.789072394371032715e-02 -5.576562136411666870e-02 -3.334619998931884766e-01 -2.031225264072418213e-01 9.413510560989379883e-04 -1.715363562107086182e-01 2.695480585098266602e-01 2.144644111394882202e-01 5.078287795186042786e-02 2.072820998728275299e-02 -1.205506622791290283e-01 -3.408794105052947998e-02 -3.956751525402069092e-01 -2.157578170299530029e-01 1.742271035909652710e-01 -1.101874560117721558e-01 5.010306239128112793e-01 -9.976223111152648926e-03 -2.927732169628143311e-01 3.515667021274566650e-01 -1.260387897491455078e-01 -1.814633160829544067e-01 1.347597688436508179e-01 -1.137353479862213135e-01 2.823693454265594482e-01 1.275698840618133545e-02 5.613754987716674805e-01
-3.545021116733551025e-01 -2.999980002641677856e-02 -1.085569411516189575e-01 -6.566002368927001953e-01 3.409025669097900391e-01 -7.178957760334014893e-02 6.578395515680313110e-02 -1.770922243595123291e-01 -1.607457995414733887e-01 2.133405357599258423e-01 -7.072596251964569092e-02 1.123820319771766663e-01 3.281295895576477051e-01 -8.450476825237274170e-02 -3.079880177974700928e-01 -2.033067643642425537e-01 1.289622187614440918e-01 1.882110834121704102e-01 2.280256450176239014e-01 -2.508926950395107269e-02 -9.402628988027572632e-03 -2.198267430067062378e-01 -6.495484709739685059e-02 2.892422080039978027e-01 -2.398318499326705933e-01 2.613831460475921631e-01 -1.024295091629028320e-01 6.961584836244583130e-02 9.401366114616394043e-02 -2.034483402967453003e-01 -2.862032130360603333e-02 2.005268633365631104e-01
1.055354103446006775e-01 1.248926594853401184e-01 2.313407808542251587e-01 1.907235980033874512e-01 -1.047036945819854736e-01 -1.606381386518478394e-01 -1.510171033442020416e-02 5.466331169009208679e-02 -2.299373149871826172e-01 2.148505896329879761e-01 -4.608374834060668945e-02 -1.897252500057220459e-01 -6.755708158016204834e-02 -6.739874184131622314e-02 -5.497027933597564697e-02 9.203851222991943359e-04 2.362554147839546204e-02 5.154412612318992615e-02 8.095844089984893799e-02 -1.827522218227386475e-01 -1.603785902261734009e-02 -5.456908792257308960e-02 5.961209535598754883e-05 -1.426968723535537720e-03 -7.255914062261581421e-02 3.462269902229309082e-03 1.853843778371810913e-01 -1.005842760205268860e-01 1.285931318998336792e-01 -4.880514144897460938e-01 1.106577068567276001e-01 -7.291903346776962280e-02
-3.024410903453826904e-01 1.384754180908203125e-01 -1.339022964239120483e-01 -6.274187564849853516e-01 4.518519043922424316e-01 -5.974271148443222046e-02 4.803959280252456665e-02 -2.857924997806549072e-01 -2.068939507007598877e-01 2.263900488615036011e-01 -1.552986502647399902e-01 8.295986801385879517e-02 2.755752801895141602e-01 3.898191079497337341e-02 -3.009045720100402832e-01 -1.392488926649093628e-01 3.209951817989349365e-01 1.365353465080261230e-01 1.524417996406555176e-01 -4.727516323328018188e-02 -8.659057319164276123e-02 -2.371810674667358398e-01 -8.908319473266601562e-02 1.211312785744667053e-01 5.970930680632591248e-02 1.282476931810379028e-01 -1.171842776238918304e-02 -1.327758878469467163e-01 1.908223032951354980e-01 -9.150467813014984131e-03 9.219023585319519043e-02 2.509142458438873291e-01
-2.511636316776275635e-01 1.089470908045768738e-01 1.413539648056030273e-01 -6.139279603958129883e-01 5.401381850242614746e-01 -2.690403759479522705e-01 5.662734061479568481e-02 -2.808558344841003418e-01 -2.757955491542816162e-01 3.547437787055969238e-01 -1.075416952371597290e-01 1.841415166854858398e-01 4.597491025924682617e-01 2.541210353374481201e-01 -3.599396944046020508e-01 -1.196558922529220581e-01 3.729939162731170654e-01 1.207352876663208008e-01 2.163213789463043213e-01 -1.235069558024406433e-01 -2.699732780456542969e-02 -6.532099843025207520e-02 -2.980961650609970093e-02 -1.187837645411491394e-01 1.813536584377288818e-01 -7.020999491214752197e-02 1.327231824398040771e-01 -1.670034527778625488e-01 2.024109661579132080e-01 -3.314631432294845581e-02 1.914987713098526001e-02 3.468132913112640381e-01
-3.913921713829040527e-01 4.112502932548522949e-02 3.236519172787666321e-02 -2.563308775424957275e-01 3.039835095405578613e-01 -6.790581345558166504e-02 1.597378849983215332e-01 -1.020860299468040466e-02 7.365063577890396118e-02 1.321887522935867310e-01 1.007387563586235046e-01 -5.921726673841476440e-02 3.478270173072814941e-01 8.225557208061218262e-02 -4.272442311048507690e-02 2.511641383171081543e-01 3.357568383216857910e-01 1.994162499904632568e-01 2.279645800590515137e-01 -8.842585608363151550e-03 -1.700733453035354614e-01 -2.742328941822052002e-01 -8.975145220756530762e-02 -1.716801524162292480e-01 1.149735376238822937e-01 -9.896552562713623047e-02 -2.345859408378601074e-01 1.063554435968399048e-01 1.678200513124465942e-01 -3.119691610336303711e-01 -3.195633888244628906e-01 1.225916594266891479e-01
