-2.283849865198135376e-01 9.434744715690612793e-03 -1.692079305648803711e-01 -1.731685400009155273e-01 -2.076749950647354126e-01 -2.185508906841278076e-01 -7.013097405433654785e-02 -1.896995753049850464e-01 2.394588589668273926e-01 -3.211489021778106689e-01 7.959265261888504028e-02 -9.115263819694519043e-03 3.281481266021728516e-01 1.984698921442031860e-01 3.017335534095764160e-01 6.582395732402801514e-02 -3.343117982149124146e-02 -7.714337110519409180e-02 2.481659054756164551e-01 3.517842888832092285e-01 2.456113398075103760e-01 3.430948853492736816e-01 2.069662660360336304e-01 -1.703545451164245605e-01 2.718392908573150635e-01 -4.231962561607360840e-01 8.818307518959045410e-02 1.560985296964645386e-01 -1.820468753576278687e-01 5.081071257591247559e-01 -9.974068403244018555e-02 4.714355766773223877e-01
-2.953586876392364502e-01 3.722414076328277588e-01 8.441792428493499756e-02 -4.546853303909301758e-01 1.743440330028533936e-02 -1.122441738843917847e-01 2.652485966682434082e-01 -9.457103908061981201e-02 -5.346193164587020874e-02 -1.448213011026382446e-01 -8.326496183872222900e-02 1.807093620300292969e-01 3.295236825942993164e-01 2.480629980564117432e-01 2.912895977497100830e-01 2.392764687538146973e-01 1.901395618915557861e-01 -2.265312373638153076e-01 1.842770129442214966e-01 3.120041787624359131e-01 -1.574564725160598755e-02 4.900616109371185303e-01 -1.048213690519332886e-01 -1.612773239612579346e-01 3.794964253902435303e-01 -3.358996808528900146e-01 -3.548068702220916748e-01 -2.588112466037273407e-02 -1.139616072177886963e-01 2.369692027568817139e-01 -3.527447283267974854e-01 4.063310325145721436e-01
1.782772392034530640e-01 1.119346916675567627e-02 -3.089525923132896423e-02 2.433387041091918945e-01 -1.731877923011779785e-01 5.229714512825012207e-02 -2.134132534265518188e-01 1.134131699800491333e-01 1.382115781307220459e-01 -1.301613748073577881e-01 2.899647876620292664e-02 1.017975881695747375e-01 -3.384465575218200684e-01 -1.749910712242126465e-01 5.829084664583206177e-02 -2.435451149940490723e-01 -5.088303685188293457e-01 1.421814113855361938e-01 -1.516687124967575073e-01 1.005545184016227722e-01 1.197849437594413757e-01 1.722959801554679871e-02 1.535338461399078369e-01 1.901058256626129150e-01 -1.569353938102722168e-01 2.300682663917541504e-01 1.174231469631195068e-01 3.979882225394248962e-02 -1.539552807807922363e-01 1.770396530628204346e-01 3.125351965427398682e-01 -1.313469111919403076e-01
2.624771893024444580e-01 1.407366394996643066e-01 1.586754471063613892e-01 -6.731371581554412842e-02 1.542453169822692871e-01 4.930502176284790039e-02 4.539743065834045410e-03 -9.620786458253860474e-02 -1.339114457368850708e-01 3.468156456947326660e-01 -2.349988818168640137e-01 1.499433815479278564e-01 4.663531482219696045e-02 5.024022608995437622e-02 -3.089421987533569336e-01 -5.322630330920219421e-02 3.833414986729621887e-02 1.058346405625343323e-02 -8.349590748548507690e-02 -3.545287549495697021e-01 -2.684100344777107239e-02 -1.684625595808029175e-01 -4.149343818426132202e-02 2.296667546033859253e-03 1.601980477571487427e-01 -8.618576824665069580e-02 3.061496615409851074e-01 -5.017625540494918823e-02 1.060279160737991333e-01 -1.665855497121810913e-01 1.376473307609558105e-01 -2.249215170741081238e-02
-2.544319815933704376e-02 -1.715207993984222412e-01 -1.128121465444564819e-01 -5.880464985966682434e-02 -3.589012622833251953e-01 -3.302020430564880371e-01 -2.428241670131683350e-01 -2.736379802227020264e-01 4.587217867374420166e-01 -3.196283578872680664e-01 5.998577177524566650e-02 -1.974583268165588379e-01 2.479767948389053345e-01 1.041400134563446045e-01 2.989336848258972168e-01 1.500727534294128418e-01 -1.587421000003814697e-01 4.420016333460807800e-02 4.326075315475463867e-02 4.765042662620544434e-02 3.146569728851318359e-01 1.000989377498626709e-01 3.513987660408020020e-01 -3.660320639610290527e-01 4.119195938110351562e-01 -6.603007912635803223e-01 4.150282442569732666e-01 2.386449724435806274e-01 1.130253821611404419e-01 5.895907878875732422e-01 2.266955971717834473e-01 3.265396058559417725e-01
1.085131764411926270e-01 2.802205681800842285e-01 2.450094819068908691e-01 6.497104465961456299e-02 2.807228863239288330e-01 -3.373922407627105713e-02 2.255853451788425446e-02 -1.067082285881042480e-01 -2.496452927589416504e-01 2.658777832984924316e-01 5.791699141263961792e-02 1.740545630455017090e-01 2.090658694505691528e-01 2.044956386089324951e-01 -2.249217480421066284e-01 1.859289705753326416e-01 2.823717296123504639e-01 4.643547162413597107e-02 3.455191850662231445e-02 -1.954422593116760254e-01 -1.012794971466064453e-01 -1.774909049272537231e-01 -1.350318342447280884e-01 -2.038337290287017822e-01 2.135452628135681152e-01 -2.780078351497650146e-01 -3.030663356184959412e-02 -2.800796031951904297e-01 1.587586998939514160e-01 -1.655898243188858032e-01 -1.466887891292572021e-01 -5.699369125068187714e-03
-1.240454986691474915e-01 -1.881448030471801758e-01 -4.630930349230766296e-02 7.168719172477722168e-02 3.425505012273788452e-02 3.970108181238174438e-02 -8.268859982490539551e-02 1.219082027673721313e-01 2.214799523353576660e-01 1.819734275341033936e-02 5.017856135964393616e-02 -1.112842410802841187e-01 1.710904091596603394e-01 -9.635068476200103760e-02 -1.267664432525634766e-01 -1.604393124580383301e-03 3.408819437026977539e-02 1.140605360269546509e-01 8.404791355133056641e-03 -1.796323210000991821e-01 9.716051071882247925e-02 -1.427292823791503906e-02 5.628538876771926880e-02 1.530492901802062988e-01 2.969785034656524658e-02 -6.014088168740272522e-03 4.669869318604469299e-02 1.432644873857498169e-01 -3.028330579400062561e-02 1.605288982391357422e-01 2.331005632877349854e-01 -4.688005894422531128e-03
4.143992960453033447e-01 2.212696373462677002e-01 1.485473215579986572e-01 2.375214993953704834e-01 -2.435659617185592651e-01 -2.842741608619689941e-01 -2.989383339881896973e-01 -2.510282397270202637e-01 -2.652467191219329834e-01 1.717951744794845581e-01 -1.742437183856964111e-01 4.030726850032806396e-03 -2.199680656194686890e-01 -2.598899975419044495e-02 1.077495589852333069e-01 -2.330442070960998535e-01 -2.865758538246154785e-01 4.311454668641090393e-02 -5.586345493793487549e-02 -1.282555311918258667e-01 2.055509388446807861e-02 2.539828419685363770e-04 3.421187996864318848e-01 -2.517593204975128174e-01 1.907404661178588867e-01 -2.195589095354080200e-01 3.342632949352264404e-01 -1.463685482740402222e-01 -2.157136797904968262e-02 -4.893365502357482910e-02 2.475718557834625244e-01 1.232826784253120422e-01
4.436438530683517456e-02 4.364656209945678711e-01 -3.267878666520118713e-02 -3.791289627552032471e-01 -6.347544491291046143e-02 -1.165770664811134338e-01 -2.041252888739109039e-02 -3.547277450561523438e-01 -1.403877139091491699e-01 -2.266030758619308472e-02 -1.556443125009536743e-01 1.985218524932861328e-01 1.322356611490249634e-01 1.463638991117477417e-01 1.556866914033889771e-01 -3.312828764319419861e-02 4.056404158473014832e-02 -2.334221303462982178e-01 -1.103844940662384033e-01 1.019760891795158386e-01 -6.259433925151824951e-02 4.661004245281219482e-01 9.995791316032409668e-02 -3.408270776271820068e-01 3.987064361572265625e-01 -3.281836509704589844e-01 -1.196007579565048218e-01 1.271142065525054932e-02 -4.539257660508155823e-02 3.277339935302734375e-01 -3.041992522776126862e-02 4.364811778068542480e-01
3.450821340084075928e-02 3.116277158260345459e-01 -5.183853581547737122e-02 -3.810666501522064209e-01 -1.406003385782241821e-01 -2.649996280670166016e-01 -1.769593656063079834e-01 -4.277075827121734619e-01 -3.312818706035614014e-02 7.052369415760040283e-03 -7.268136739730834961e-02 1.980544626712799072e-01 1.703572720289230347e-01 1.809622794389724731e-01 1.501158922910690308e-01 -1.176082193851470947e-01 -1.009392514824867249e-01 -2.069070935249328613e-01 2.160774916410446167e-02 7.990354299545288086e-02 4.754845052957534790e-02 4.522443115711212158e-01 2.748636007308959961e-01 -3.949146866798400879e-01 4.199954867362976074e-01 -4.282392263412475586e-01 1.085803508758544922e-01 2.813967503607273102e-02 -8.639164268970489502e-02 4.812985062599182129e-01 1.403808146715164185e-01 5.511370301246643066e-01
1.675333529710769653e-01 -4.211504012346267700e-02 3.008753061294555664e-01 3.568723797798156738e-01 -2.013389319181442261e-01 -1.751361191272735596e-01 -4.019859060645103455e-02 5.236983671784400940e-02 2.327716946601867676e-01 1.770217865705490112e-01 3.573104739189147949e-03 5.198604613542556763e-02 2.535600066184997559e-01 2.011092565953731537e-02 6.315100193023681641e-02 4.709621667861938477e-01 -6.336221843957901001e-02 3.308994695544242859e-02 3.708122670650482178e-02 -2.891804873943328857e-01 1.329415440559387207e-01 -1.923566013574600220e-01 8.882358670234680176e-04 -2.340046465396881104e-01 3.087901175022125244e-01 -5.403482913970947266e-01 2.316195368766784668e-01 1.547913253307342529e-01 2.127883583307266235e-01 -2.886306643486022949e-01 -1.690360307693481445e-01 -6.681829690933227539e-04
7.680922001600265503e-02 2.847313508391380310e-02 1.777893677353858948e-02 9.008173644542694092e-02 -1.106834262609481812e-01 6.421412527561187744e-02 7.923425734043121338e-02 5.156595259904861450e-03 1.825506985187530518e-01 1.808250397443771362e-01 -1.624508798122406006e-01 -6.979471445083618164e-02 -1.434213668107986450e-02 -8.462859690189361572e-02 -6.146170943975448608e-02 1.795285791158676147e-01 -5.568019300699234009e-02 7.110866904258728027e-02 -5.550007894635200500e-02 -2.415103018283843994e-01 -3.336232528090476990e-02 -2.896774113178253174e-01 -3.692548722028732300e-02 -7.129161059856414795e-02 1.748100370168685913e-01 -1.974531114101409912e-01 9.717398881912231445e-02 2.216486036777496338e-01 1.215583533048629761e-01 -2.605481743812561035e-01 -2.834758907556533813e-02 -5.259636417031288147e-02
3.308294117450714111e-01 2.192336022853851318e-01 4.523030519485473633e-01 6.197991967201232910e-01 3.624217957258224487e-02 -8.517242968082427979e-02 -3.576949611306190491e-02 1.156013011932373047e-01 -1.811475679278373718e-02 1.821082085371017456e-01 3.277019858360290527e-01 1.416321694850921631e-01 1.240171790122985840e-01 2.689705789089202881e-01 2.169309742748737335e-02 5.417672395706176758e-01 1.095542609691619873e-01 -5.048401653766632080e-02 -6.970496475696563721e-02 -2.113445699214935303e-01 4.147087037563323975e-02 -1.223912760615348816e-01 -1.173701584339141846e-01 -4.635866582393646240e-01 3.686674833297729492e-01 -5.772694945335388184e-01 7.346089184284210205e-02 -3.541838228702545166e-01 2.535547316074371338e-01 -1.466644257307052612e-01 -2.010851502418518066e-01 -1.611879169940948486e-01
1.450504958629608154e-01 2.886774837970733643e-01 -1.683547198772430420e-01 -1.147319376468658447e-01 -1.263710111379623413e-02 1.146898865699768066e-01 -4.836878180503845215e-02 3.901651129126548767e-02 -1.313791722059249878e-01 9.758615493774414062e-02 -7.740658521652221680e-02 8.135413378477096558e-02 -3.901411965489387512e-02 -1.629897803068161011e-01 -1.609119176864624023e-01 -2.508421242237091064e-01 -1.822687685489654541e-01 -2.504586279392242432e-01 -1.927776336669921875e-01 -6.700449436902999878e-02 -2.268219590187072754e-01 1.693860292434692383e-01 1.016923487186431885e-01 -2.015082240104675293e-01 4.593107849359512329e-03 1.344617009162902832e-01 -9.834472835063934326e-02 2.759722173213958740e-01 -1.437894552946090698e-01 -2.165471017360687256e-02 2.215271890163421631e-01 1.287770122289657593e-01
3.120111525058746338e-01 1.453925371170043945e-01 3.525875806808471680e-01 2.672358453273773193e-01 5.093950405716896057e-02 -7.706031203269958496e-03 -2.773486077785491943e-03 3.031819686293601990e-02 -1.465817093849182129e-01 3.376448750495910645e-01 7.256232202053070068e-03 1.382756829261779785e-01 6.911465525627136230e-02 1.330180615186691284e-01 -1.825146973133087158e-01 1.747994571924209595e-01 4.225363209843635559e-02 -6.213661283254623413e-03 -6.268455088138580322e-02 -3.703582584857940674e-01 -3.218642622232437134e-02 -1.845093369483947754e-01 -6.867471337318420410e-02 -1.922058761119842529e-01 1.560201346874237061e-01 -2.802238464355468750e-01 2.077899277210235596e-01 -1.102970987558364868e-01 1.462624371051788330e-01 -2.849455475807189941e-01 -4.826366156339645386e-02 -1.124834865331649780e-01
-2.485215850174427032e-02 -1.183277070522308350e-01 -1.264672279357910156e-01 3.844204917550086975e-02 -3.215152025222778320e-01 -2.578405737876892090e-01 -1.623293906450271606e-01 -2.164139896631240845e-01 4.716502726078033447e-01 -2.702271342277526855e-01 5.089155212044715881e-02 -1.937752515077590942e-01 1.473358422517776489e-01 9.900417178869247437e-02 2.617950141429901123e-01 1.122859418392181396e-01 -1.848075985908508301e-01 9.754072129726409912e-02 -1.554290205240249634e-02 4.930852726101875305e-02 2.520650327205657959e-01 9.632001817226409912e-02 2.788305580615997314e-01 -3.575472235679626465e-01 3.399038314819335938e-01 -5.452148914337158203e-01 3.321106731891632080e-01 2.008479833602905273e-01 8.083601295948028564e-02 4.738581180572509766e-01 2.149068713188171387e-01 2.201456129550933838e-01
-2.963897287845611572e-01 -2.105419337749481201e-01 9.483186155557632446e-02 -2.674584686756134033e-01 -4.469029605388641357e-03 -3.276231884956359863e-01 3.064221702516078949e-02 8.864703774452209473e-02 -6.595028936862945557e-02 1.640999764204025269e-01 -1.012865304946899414e-01 -3.148993253707885742e-01 5.467340350151062012e-01 1.391181722283363342e-02 -1.888567209243774414e-01 1.331038773059844971e-01 2.186220288276672363e-01 4.988918825984001160e-02 2.339929044246673584e-01 -2.201645225286483765e-01 2.851212024688720703e-01 -5.028750747442245483e-03 -3.901154547929763794e-02 2.394970953464508057e-01 -9.270587563514709473e-02 -1.107404679059982300e-01 8.799581229686737061e-02 1.880151629447937012e-01 1.138181239366531372e-01 -3.230132460594177246e-01 -6.983317434787750244e-04 2.038123309612274170e-01
3.054174482822418213e-01 2.412235438823699951e-01 1.728368848562240601e-01 4.662075042724609375e-01 -1.731142401695251465e-03 9.345141053199768066e-02 7.861139252781867981e-03 6.810887157917022705e-02 6.684064865112304688e-03 1.919833570718765259e-01 1.596406698226928711e-01 3.940282762050628662e-02 -1.115568429231643677e-01 8.833630383014678955e-02 -1.804827153682708740e-02 3.184470236301422119e-01 6.506776064634323120e-02 -6.242606788873672485e-03 -1.949824392795562744e-01 -1.885271072387695312e-01 -5.957934260368347168e-02 -2.361478358507156372e-01 -1.267438679933547974e-01 -2.720509767532348633e-01 3.054226040840148926e-01 -3.196045756340026855e-01 2.342246100306510925e-02 -1.969492137432098389e-01 1.772305965423583984e-01 -8.829499781131744385e-02 6.470095366239547729e-03 -1.822114288806915283e-01
2.401332370936870575e-02 4.761786013841629028e-02 -6.024286523461341858e-02 -2.966378331184387207e-01 -2.627918124198913574e-01 -4.740581214427947998e-01 -2.772910594940185547e-01 -3.785410523414611816e-01 7.511096447706222534e-02 -1.183399707078933716e-01 -4.927288740873336792e-02 7.694200426340103149e-02 2.869773507118225098e-01 1.244585216045379639e-01 1.848347187042236328e-01 -9.907230734825134277e-02 -1.713288426399230957e-01 -1.320273578166961670e-01 1.859521418809890747e-01 1.548371315002441406e-01 2.661966085433959961e-01 3.222813010215759277e-01 3.854579329490661621e-01 -1.984005272388458252e-01 3.315518796443939209e-01 -4.725448191165924072e-01 2.949503064155578613e-01 9.432472288608551025e-02 -1.399589627981185913e-01 4.893702268600463867e-01 1.775465011596679688e-01 5.987859964370727539e-01
5.206121206283569336e-01 1.439389586448669434e-02 1.525838822126388550e-01 4.780297577381134033e-01 -3.478806614875793457e-01 1.073270291090011597e-01 -7.802524417638778687e-02 1.687989756464958191e-02 2.636365890502929688e-01 1.996754854917526245e-01 -1.892341971397399902e-01 -6.803125143051147461e-03 -1.717170774936676025e-01 -8.961088955402374268e-02 1.033989526331424713e-02 1.904695928096771240e-01 -3.231607675552368164e-01 -2.912639081478118896e-02 -3.192700147628784180e-01 -3.948518633842468262e-01 1.131273731589317322e-01 -2.983894050121307373e-01 5.447030812501907349e-02 -1.168328896164894104e-01 2.677055299282073975e-01 -3.029818534851074219e-01 4.333587884902954102e-01 2.028975635766983032e-01 1.745920330286026001e-01 -3.899002075195312500e-02 2.346579134464263916e-01 -1.069563552737236023e-01
1.617420911788940430e-01 3.597902059555053711e-01 -7.505643367767333984e-02 -1.483126580715179443e-01 -5.675420165061950684e-02 4.807247221469879150e-02 -4.793480038642883301e-04 -1.221150308847427368e-01 -1.868790984153747559e-01 1.637460738420486450e-01 -1.894771754741668701e-01 4.833998531103134155e-02 -7.035961747169494629e-02 -1.062525361776351929e-01 -9.212370216846466064e-02 -2.426708638668060303e-01 -6.495875865221023560e-02 -2.052524983882904053e-01 -1.503090560436248779e-01 -7.035990059375762939e-02 -1.274593174457550049e-01 2.174520045518875122e-01 1.818458288908004761e-01 -3.384547233581542969e-01 5.620750039815902710e-02 -3.628288954496383667e-02 -4.280367493629455566e-02 1.769283562898635864e-01 -8.599880337715148926e-02 -5.209089815616607666e-02 1.580682098865509033e-01 2.666203379631042480e-01
1.083063855767250061e-01 9.397104382514953613e-03 -1.285241544246673584e-01 -8.544936776161193848e-02 4.388191550970077515e-02 7.765068113803863525e-02 -2.112378180027008057e-01 -5.138614773750305176e-02 -5.833102017641067505e-02 6.500098109245300293e-02 2.308592200279235840e-03 1.263960301876068115e-01 -1.551521569490432739e-01 -2.496044188737869263e-01 -2.353338301181793213e-01 -2.466188967227935791e-01 -2.318697273731231689e-01 9.982767701148986816e-02 -3.031940944492816925e-02 6.428348273038864136e-02 1.019207164645195007e-01 -1.000737398862838745e-01 4.833154752850532532e-02 4.346529543399810791e-01 -1.698261201381683350e-01 4.130558371543884277e-01 9.935897588729858398e-02 -2.111993171274662018e-02 -2.383640035986900330e-02 2.327983081340789795e-02 2.860631644725799561e-01 -3.606048598885536194e-02
1.239473819732666016e-01 1.836174726486206055e-01 1.474057435989379883e-01 1.328662186861038208e-01 -1.502896398305892944e-01 -2.306989580392837524e-01 -1.607335060834884644e-01 -1.110410541296005249e-01 -7.873982191085815430e-02 -1.441181898117065430e-01 -8.046954870223999023e-03 1.841009259223937988e-01 -3.350411355495452881e-02 1.163318604230880737e-01 2.662495970726013184e-01 -5.007553845643997192e-03 -2.127225100994110107e-01 -3.122203797101974487e-02 1.102945506572723389e-01 2.244662493467330933e-01 7.661180943250656128e-02 1.877953410148620605e-01 1.117159873247146606e-01 -7.372997701168060303e-02 2.856045961380004883e-01 -2.379237562417984009e-01 7.285180687904357910e-02 -2.461606860160827637e-01 -1.732426881790161133e-01 2.114271223545074463e-01 -6.724950671195983887e-02 1.714115887880325317e-01
1.569989919662475586e-01 3.997723758220672607e-01 -2.841839492321014404e-01 -2.221927046775817871e-01 1.212701201438903809e-03 8.496741950511932373e-02 -1.844117045402526855e-01 -6.623961031436920166e-02 -1.685110777616500854e-01 1.039739996194839478e-01 -8.582237362861633301e-02 1.997927129268646240e-01 -1.224798709154129028e-02 -1.304465830326080322e-01 -1.809266805648803711e-01 -3.591138124465942383e-01 -3.295745849609375000e-01 -3.135238289833068848e-01 -2.826347947120666504e-01 2.001890353858470917e-02 -2.294611930847167969e-01 2.010627537965774536e-01 9.207743406295776367e-02 -2.613759338855743408e-01 1.206028312444686890e-01 1.744385659694671631e-01 -3.833905607461929321e-02 3.100534081459045410e-01 -1.460495442152023315e-01 1.397003382444381714e-01 3.130011260509490967e-01 3.138557672500610352e-01
5.604381859302520752e-02 1.214273199439048767e-01 1.660998910665512085e-01 3.597066402435302734e-01 4.457117617130279541e-02 -1.902179419994354248e-02 2.811701409518718719e-02 1.180124729871749878e-01 1.689187288284301758e-01 1.345131993293762207e-01 2.053134292364120483e-01 4.316258430480957031e-02 1.256891489028930664e-01 9.200088679790496826e-02 5.711751431226730347e-02 4.508471488952636719e-01 1.086335331201553345e-01 1.079219579696655273e-01 7.322363555431365967e-03 -1.089831665158271790e-01 -1.560404896736145020e-03 -2.244720309972763062e-01 -1.039604544639587402e-01 -3.174601495265960693e-01 3.035553395748138428e-01 -4.261244833469390869e-01 -5.112010985612869263e-02 -7.750730216503143311e-02 2.262539714574813843e-01 -1.741282194852828979e-01 -1.865672916173934937e-01 -1.158160865306854248e-01
-2.999497018754482269e-02 -9.993997961282730103e-02 -1.103121787309646606e-01 2.561954408884048462e-02 -1.839259415864944458e-01 -8.283786475658416748e-03 -5.395832657814025879e-02 4.353770986199378967e-02 3.014900386333465576e-01 -1.139668226242065430e-01 -7.411941885948181152e-03 -1.451977491378784180e-01 -1.237599551677703857e-01 -9.049417078495025635e-02 1.368120610713958740e-01 -5.749740824103355408e-02 -3.399603366851806641e-01 1.276150047779083252e-01 -8.323004841804504395e-02 8.678747341036796570e-03 2.351923286914825439e-02 -7.586102932691574097e-03 1.393344551324844360e-01 3.832563757896423340e-02 -4.144571721553802490e-02 7.668110728263854980e-02 3.067786619067192078e-02 2.635859549045562744e-01 -7.305876165628433228e-02 5.391997098922729492e-02 2.274228632450103760e-01 -5.339536815881729126e-03
4.166432097554206848e-02 -7.174013555049896240e-02 -1.939042806625366211e-01 8.324119448661804199e-02 -3.649185299873352051e-01 -2.017729580402374268e-01 -2.195482850074768066e-01 -1.935539394617080688e-01 3.988500833511352539e-01 -3.147417902946472168e-01 1.067063957452774048e-02 -8.558962494134902954e-02 -8.238577842712402344e-02 7.964980602264404297e-02 3.466129004955291748e-01 -3.053601458668708801e-02 -3.417743444442749023e-01 2.073643356561660767e-02 -9.071792662143707275e-02 1.519847512245178223e-01 2.538695335388183594e-01 2.073999792337417603e-01 3.171949386596679688e-01 -2.566401064395904541e-01 2.247742563486099243e-01 -3.590995073318481445e-01 2.960668802261352539e-01 1.639057695865631104e-01 -8.013957738876342773e-02 6.081807613372802734e-01 3.097267150878906250e-01 2.195975631475448608e-01
1.774753928184509277e-01 1.489556431770324707e-01 2.552986741065979004e-01 5.460487604141235352e-01 -4.587243497371673584e-02 -6.746327877044677734e-02 -7.616182789206504822e-03 1.142086982727050781e-01 1.321738064289093018e-01 9.203977882862091064e-02 3.024935722351074219e-01 5.354084819555282593e-02 9.965337812900543213e-02 1.615040302276611328e-01 8.715248852968215942e-02 5.812990069389343262e-01 1.270173937082290649e-01 -4.904422909021377563e-03 -1.094350591301918030e-02 -8.125576376914978027e-02 8.003453165292739868e-02 -1.701555550098419189e-01 -1.306102126836776733e-01 -4.157708585262298584e-01 3.994268774986267090e-01 -5.609249472618103027e-01 -1.805326528847217560e-02 -1.910571753978729248e-01 2.647292912006378174e-01 -1.679885536432266235e-01 -2.242214083671569824e-01 -1.111268699169158936e-01
2.685932517051696777e-01 1.104745492339134216e-01 2.323063462972640991e-01 6.389771699905395508e-01 -1.460260748863220215e-01 -3.599768131971359253e-02 -2.936757169663906097e-02 1.363658159971237183e-01 2.711223065853118896e-01 5.552075803279876709e-02 3.249389827251434326e-01 5.414033681154251099e-02 2.618193626403808594e-02 1.483631581068038940e-01 1.676131933927536011e-01 6.084216833114624023e-01 3.471878170967102051e-02 -1.901801675558090210e-03 -8.670468628406524658e-02 -1.297587007284164429e-01 1.394715905189514160e-01 -1.435246020555496216e-01 -9.310975670814514160e-02 -4.592004120349884033e-01 4.630557000637054443e-01 -6.378003358840942383e-01 6.878150999546051025e-02 -1.121938973665237427e-01 3.119608759880065918e-01 -5.012506246566772461e-02 -1.351320445537567139e-01 -1.467297524213790894e-01
-3.597266972064971924e-03 -5.958187207579612732e-02 -2.095584124326705933e-01 1.241675466299057007e-01 -9.543757140636444092e-02 -1.581005752086639404e-03 -1.729463934898376465e-01 1.057686209678649902e-01 1.648540496826171875e-01 2.010959535837173462e-01 1.396702602505683899e-02 -1.390989720821380615e-01 4.071089625358581543e-02 -2.599787116050720215e-01 -2.962785959243774414e-01 -2.721436321735382080e-01 -1.947508156299591064e-01 1.317480579018592834e-02 2.587848901748657227e-02 -2.712829411029815674e-01 1.189726218581199646e-01 2.663340792059898376e-02 2.284451574087142944e-01 5.979342013597488403e-02 -6.095818430185317993e-02 1.494049280881881714e-01 2.482815086841583252e-01 2.902900576591491699e-01 -2.051006630063056946e-02 -2.757807075977325439e-02 5.577787160873413086e-01 1.005688458681106567e-01
4.345251619815826416e-01 2.240657806396484375e-01 5.033620595932006836e-01 4.778901040554046631e-01 8.971547335386276245e-02 -3.814055770635604858e-02 -4.726358503103256226e-02 7.436361908912658691e-02 -2.214199602603912354e-01 3.300543427467346191e-01 1.931686103343963623e-01 2.445030510425567627e-01 1.193417012691497803e-01 2.698642909526824951e-01 -1.173838824033737183e-01 3.144343495368957520e-01 8.826499432325363159e-02 -7.402791082859039307e-02 -9.921350330114364624e-02 -3.488915860652923584e-01 -8.792754262685775757e-03 -9.617334604263305664e-02 -9.312365949153900146e-02 -3.748573362827301025e-01 2.678863108158111572e-01 -4.459156095981597900e-01 1.702769696712493896e-01 -3.664295375347137451e-01 2.199837118387222290e-01 -1.688789129257202148e-01 -1.246657818555831909e-01 -1.564381420612335205e-01
2.636620402336120605e-01 3.141812682151794434e-01 5.750105530023574829e-02 9.675147011876106262e-03 -1.294603347778320312e-01 -1.198307126760482788e-01 -1.284860372543334961e-01 -2.397212684154510498e-01 -1.220927909016609192e-01 4.307194054126739502e-02 -3.201531618833541870e-02 1.376516819000244141e-01 -8.552408218383789062e-02 8.882034569978713989e-02 1.546194255352020264e-01 -1.459302008152008057e-01 -1.352508962154388428e-01 -3.364850580692291260e-02 -9.670847654342651367e-02 -2.605105377733707428e-02 -5.365099385380744934e-02 1.791751980781555176e-01 2.008194178342819214e-01 -3.310389220714569092e-01 3.292604386806488037e-01 -2.343321591615676880e-01 8.909626305103302002e-02 -1.227086186408996582e-01 -5.355396866798400879e-02 1.398629844188690186e-01 1.761922091245651245e-01 1.776271164417266846e-01
1.536587178707122803e-01 -6.992308795452117920e-02 -1.810108870267868042e-02 3.612597882747650146e-01 -3.374217152595520020e-01 -5.236563831567764282e-02 -9.520662575960159302e-02 -2.222078107297420502e-02 3.965956270694732666e-01 -2.710163220763206482e-02 -1.150391250848770142e-02 -1.765386760234832764e-01 4.284904152154922485e-02 -5.160107836127281189e-02 1.954404562711715698e-01 3.291694521903991699e-01 -1.234468147158622742e-01 4.723964259028434753e-02 -1.102833002805709839e-01 -1.534829139709472656e-01 1.760532557964324951e-01 -1.478010267019271851e-01 1.001267731189727783e-01 -2.382987141609191895e-01 3.470317721366882324e-01 -5.156086683273315430e-01 3.116442561149597168e-01 2.067692577838897705e-01 1.788732558488845825e-01 1.684542372822761536e-02 4.740004986524581909e-02 4.669011756777763367e-02
-2.828811705112457275e-01 -1.699601858854293823e-02 1.583831310272216797e-01 -3.877077996730804443e-01 1.798707842826843262e-01 -9.502954781055450439e-03 1.415493935346603394e-01 2.037618011236190796e-01 -1.192680448293685913e-01 -4.296651482582092285e-02 -1.144355535507202148e-01 1.986072957515716553e-02 4.123942852020263672e-01 7.667184621095657349e-02 -4.319016635417938232e-02 1.892665028572082520e-01 1.615890711545944214e-01 -1.207635402679443359e-01 7.786564528942108154e-04 -6.221590936183929443e-02 -8.502672612667083740e-02 7.993225753307342529e-02 -3.159651756286621094e-01 9.975878149271011353e-02 -7.992627471685409546e-02 -6.579941511154174805e-02 -4.480147659778594971e-01 2.816890180110931396e-01 -1.352290213108062744e-01 -8.528420329093933105e-02 -3.515028059482574463e-01 1.058463305234909058e-01
-7.892191410064697266e-02 -5.289089307188987732e-02 -1.111004054546356201e-01 6.280571222305297852e-02 -2.134736329317092896e-01 9.279452264308929443e-03 -5.106056481599807739e-02 1.477241516113281250e-03 1.783450245857238770e-01 -2.093620598316192627e-03 -1.303535401821136475e-01 -2.520243823528289795e-01 -7.304956763982772827e-02 -2.005418390035629272e-01 3.292844444513320923e-02 -2.127474918961524963e-02 -1.794413328170776367e-01 1.843505203723907471e-01 2.594914287328720093e-03 -7.252310961484909058e-02 8.703913539648056030e-02 -1.616826355457305908e-01 1.071111708879470825e-01 6.480205804109573364e-03 -6.727414578199386597e-02 -7.145729660987854004e-02 4.199619963765144348e-02 3.285374343395233154e-01 7.932994514703750610e-03 -1.173284351825714111e-01 7.718122005462646484e-02 1.433163415640592575e-02
1.678989380598068237e-01 3.796151578426361084e-01 -2.438876181840896606e-01 -2.460604161024093628e-01 -2.560742944478988647e-02 6.324489414691925049e-02 -1.403965204954147339e-01 -1.424672752618789673e-01 -1.818444281816482544e-01 1.244193315505981445e-01 -1.404682993888854980e-01 1.725818514823913574e-01 -6.137311458587646484e-03 -1.187488436698913574e-01 -1.722258031368255615e-01 -3.540831804275512695e-01 -2.391702532768249512e-01 -3.029479980468750000e-01 -2.417499274015426636e-01 1.530772075057029724e-03 -1.730073392391204834e-01 2.182929664850234985e-01 1.242545098066329956e-01 -3.267474472522735596e-01 1.304434686899185181e-01 1.117301583290100098e-01 -2.462530881166458130e-02 2.631386518478393555e-01 -1.232481598854064941e-01 9.147906303405761719e-02 2.692340910434722900e-01 3.515834510326385498e-01
2.652258574962615967e-01 2.555066347122192383e-01 1.134501546621322632e-01 1.117006391286849976e-01 -1.203631162643432617e-01 -1.680375039577484131e-01 -2.669145762920379639e-01 -1.977478116750717163e-01 -9.750295430421829224e-02 -6.291724741458892822e-03 -4.204876720905303955e-02 2.002084851264953613e-01 -8.450233936309814453e-02 1.391707211732864380e-01 2.121903598308563232e-01 -1.203453242778778076e-01 -2.698138356208801270e-01 -1.545038074254989624e-02 6.958615034818649292e-02 5.395616590976715088e-02 -3.048476576805114746e-02 1.412460505962371826e-01 1.785080432891845703e-01 -2.587054967880249023e-01 3.277829587459564209e-01 -2.473416328430175781e-01 2.036139369010925293e-01 -1.893593221902847290e-01 -9.576143324375152588e-02 2.258710414171218872e-01 1.015509963035583496e-01 1.358417719602584839e-01
3.559335768222808838e-01 3.297120928764343262e-01 5.710303783416748047e-02 1.938433200120925903e-02 -1.437936574220657349e-01 -1.297201812267303467e-01 -2.639873027801513672e-01 -3.387870490550994873e-01 -1.676051318645477295e-01 9.070850908756256104e-02 -1.066328585147857666e-01 9.868048876523971558e-02 -8.671613782644271851e-02 7.049421221017837524e-02 1.496992409229278564e-01 -2.157557606697082520e-01 -1.909635066986083984e-01 -2.442492544651031494e-02 -7.665371894836425781e-02 -6.265338510274887085e-02 -2.743995189666748047e-02 1.599794626235961914e-01 3.336148858070373535e-01 -3.736133277416229248e-01 3.410798609256744385e-01 -2.989401221275329590e-01 2.137200832366943359e-01 -8.010140806436538696e-02 -4.413596540689468384e-02 2.253597229719161987e-01 2.441451847553253174e-01 2.215594202280044556e-01
-2.794345021247863770e-01 -1.340713202953338623e-01 -1.093328297138214111e-01 -3.348529934883117676e-01 -1.411926597356796265e-01 -3.369905054569244385e-01 -4.856635630130767822e-02 -1.877503991127014160e-01 3.533749282360076904e-01 -2.287444919347763062e-01 9.567959606647491455e-02 -2.073257565498352051e-01 5.121811032295227051e-01 1.397007852792739868e-01 2.305251210927963257e-01 1.461317837238311768e-01 4.474174976348876953e-02 -9.624181315302848816e-03 3.350901901721954346e-01 1.739067733287811279e-01 2.155784368515014648e-01 2.013301998376846313e-01 2.655262351036071777e-01 -3.165999948978424072e-01 3.182457983493804932e-01 -4.668048918247222900e-01 1.837113797664642334e-01 2.293353974819183350e-01 4.658768698573112488e-02 3.683797121047973633e-01 -2.155606076121330261e-02 4.795577526092529297e-01
-3.602292239665985107e-01 2.749238535761833191e-02 3.373250365257263184e-05 -3.068053126335144043e-01 2.523440122604370117e-01 -8.907166868448257446e-02 -1.908472925424575806e-02 1.282398700714111328e-01 -8.455969393253326416e-02 -1.281365007162094116e-01 1.694555878639221191e-01 1.655596792697906494e-01 2.289417833089828491e-01 -3.590233623981475830e-03 1.042460836470127106e-02 -8.522104471921920776e-03 -4.685930907726287842e-03 -4.804357886314392090e-03 2.490140199661254883e-01 3.217223584651947021e-01 2.207413315773010254e-03 -2.784762531518936157e-03 -6.925427913665771484e-02 2.724206447601318359e-01 -2.196845412254333496e-01 3.183758258819580078e-01 -3.774806857109069824e-01 -9.481032937765121460e-02 -2.068079262971878052e-01 -1.601284146308898926e-01 -2.937699556350708008e-01 7.928513735532760620e-02
3.308887779712677002e-02 4.738837480545043945e-03 -4.938867315649986267e-02 3.847897648811340332e-01 -1.749626994132995605e-01 1.502899825572967529e-02 -1.580446586012840271e-02 4.667785391211509705e-02 4.545249044895172119e-01 -9.948550164699554443e-02 1.795905828475952148e-01 -1.168249323964118958e-01 1.048406213521957397e-02 7.281074672937393188e-02 2.186034023761749268e-01 4.674688577651977539e-01 4.852154850959777832e-02 4.497930034995079041e-02 -8.121256530284881592e-02 -4.535461962223052979e-02 1.552183032035827637e-01 -1.550850272178649902e-01 -8.633136749267578125e-04 -4.223193228244781494e-01 4.474094212055206299e-01 -5.635935068130493164e-01 1.193353980779647827e-01 1.117877364158630371e-01 2.775360643863677979e-01 5.473729223012924194e-02 -5.799847841262817383e-02 -1.213383954018354416e-02
2.040328979492187500e-01 -7.562509179115295410e-02 -6.015786156058311462e-02 1.030038893222808838e-01 -3.625336289405822754e-01 -2.079571485519409180e-01 -2.519398331642150879e-01 -1.354102045297622681e-01 2.838203907012939453e-01 -2.061424106359481812e-01 -3.631635010242462158e-02 -4.221211001276969910e-02 -1.408701688051223755e-01 5.043063685297966003e-02 3.385452032089233398e-01 -1.496698111295700073e-01 -4.947628378868103027e-01 1.057190448045730591e-02 -6.025964766740798950e-02 4.044124856591224670e-02 1.843393445014953613e-01 1.617991775274276733e-01 3.732408881187438965e-01 -1.396010220050811768e-01 1.747282445430755615e-01 -2.364955395460128784e-01 3.927845358848571777e-01 1.305087804794311523e-01 -1.491501629352569580e-01 4.878320693969726562e-01 4.143921136856079102e-01 1.517985761165618896e-01
1.235445961356163025e-01 1.126289740204811096e-01 -6.242822483181953430e-02 -2.688179016113281250e-01 -2.292047888040542603e-01 -4.370779693126678467e-01 -2.975190579891204834e-01 -3.988568782806396484e-01 4.070816189050674438e-02 -5.893708020448684692e-02 -3.888493776321411133e-02 1.249364092946052551e-01 1.991634815931320190e-01 1.405941843986511230e-01 1.742788255214691162e-01 -1.642634272575378418e-01 -2.395619153976440430e-01 -1.762185394763946533e-01 8.792681992053985596e-02 1.105375736951828003e-01 1.861344277858734131e-01 3.194712400436401367e-01 4.167266488075256348e-01 -3.195091187953948975e-01 3.887155652046203613e-01 -4.450859427452087402e-01 3.210107684135437012e-01 3.400757908821105957e-02 -1.610597968101501465e-01 5.196909904479980469e-01 2.671081423759460449e-01 5.509169101715087891e-01
-6.560831516981124878e-02 -7.078205049037933350e-02 1.497935503721237183e-01 8.599048852920532227e-02 1.261521726846694946e-01 1.311442106962203979e-01 1.474802792072296143e-01 8.865331113338470459e-02 7.976069301366806030e-02 -7.551978528499603271e-02 1.289902925491333008e-01 -4.725905135273933411e-02 4.877556860446929932e-02 4.871386289596557617e-02 6.892006844282150269e-02 1.840600818395614624e-01 2.548306882381439209e-01 8.878763020038604736e-02 1.922730356454849243e-03 -7.270111143589019775e-02 -1.120271161198616028e-01 -4.428647458553314209e-03 -1.363633424043655396e-01 -2.024066075682640076e-02 1.253263354301452637e-01 -1.245845574885606766e-02 -1.073324829339981079e-01 -6.509901583194732666e-02 6.599353253841400146e-02 8.504204452037811279e-03 7.360875606536865234e-04 -1.854232251644134521e-01
-7.681912183761596680e-02 1.101449653506278992e-01 -2.204011827707290649e-01 -2.210243791341781616e-01 9.141892194747924805e-02 6.475272774696350098e-02 -2.512634396553039551e-01 1.508630812168121338e-01 -1.125192046165466309e-01 -2.112845331430435181e-02 -2.605039626359939575e-02 2.501791417598724365e-01 2.214945405721664429e-01 -1.144414693117141724e-01 -2.928828299045562744e-01 -2.033760249614715576e-01 -3.845636248588562012e-01 -2.444882541894912720e-01 -2.786328196525573730e-01 6.276165693998336792e-02 -2.021976709365844727e-01 5.436978116631507874e-02 -1.790691167116165161e-01 1.098973676562309265e-01 -5.207357928156852722e-03 3.341068923473358154e-01 -2.491353601217269897e-01 4.589127302169799805e-01 -2.932256758213043213e-01 6.687452644109725952e-02 1.270745843648910522e-01 2.169604301452636719e-01
1.813190281391143799e-01 2.674308121204376221e-01 -3.428002297878265381e-01 1.948825269937515259e-02 -2.528816461563110352e-02 1.538024097681045532e-01 -1.995515078306198120e-01 7.056644558906555176e-02 -1.568088680505752563e-02 1.412080228328704834e-01 -4.367291927337646484e-02 9.897873550653457642e-02 -1.668120920658111572e-01 -2.708240449428558350e-01 -2.543115019798278809e-01 -4.160940945148468018e-01 -3.773292899131774902e-01 -1.928132027387619019e-01 -2.371016591787338257e-01 -1.344614773988723755e-01 -1.740800887346267700e-01 9.533829987049102783e-02 2.080260664224624634e-01 -1.895192861557006836e-01 -4.503614455461502075e-02 2.460685074329376221e-01 5.260922387242317200e-02 3.376431763172149658e-01 -1.338430941104888916e-01 8.205071091651916504e-03 4.484249949455261230e-01 1.545946747064590454e-01
2.729457020759582520e-01 8.888676017522811890e-02 3.857027590274810791e-01 6.357007622718811035e-01 -1.249120086431503296e-01 -1.402179300785064697e-01 -5.781476944684982300e-02 1.568412929773330688e-01 1.621595323085784912e-01 1.600281149148941040e-01 2.775139808654785156e-01 8.534795790910720825e-02 1.575064957141876221e-01 1.839492172002792358e-01 1.258068531751632690e-01 6.010726690292358398e-01 1.045671105384826660e-02 -4.161041229963302612e-02 -6.405491381883621216e-03 -1.827851235866546631e-01 1.708489358425140381e-01 -1.294596791267395020e-01 -6.148308515548706055e-02 -4.605079889297485352e-01 3.985275626182556152e-01 -6.862884759902954102e-01 1.794541180133819580e-01 -1.804425418376922607e-01 2.854562997817993164e-01 -1.625834852457046509e-01 -2.134342640638351440e-01 -8.494085073471069336e-02
1.197241917252540588e-01 4.181465804576873779e-01 -5.978140607476234436e-02 -3.135586678981781006e-01 -1.337789446115493774e-01 -2.218450307846069336e-01 -2.107033729553222656e-01 -4.576682746410369873e-01 -1.947432756423950195e-01 1.138082891702651978e-01 -2.061668932437896729e-01 1.776162981986999512e-01 1.244516074657440186e-01 8.222386240959167480e-02 5.060591548681259155e-02 -2.158046066761016846e-01 -1.250492632389068604e-01 -2.341058701276779175e-01 -1.499697268009185791e-01 3.937742486596107483e-02 -1.069508492946624756e-03 3.724083900451660156e-01 2.066652327775955200e-01 -3.678520619869232178e-01 3.597852885723114014e-01 -2.995903789997100830e-01 6.101633235812187195e-02 6.333676725625991821e-02 -8.346869051456451416e-02 2.942736744880676270e-01 1.620132625102996826e-01 5.408458709716796875e-01
1.926344335079193115e-01 1.148036047816276550e-01 -2.832826226949691772e-02 -7.721816003322601318e-02 6.231763958930969238e-02 1.383688300848007202e-01 2.338127978146076202e-02 -8.268792927265167236e-02 -4.563618451356887817e-02 3.790618181228637695e-01 -3.295405805110931396e-01 7.783637195825576782e-02 -1.168935149908065796e-01 -1.271367669105529785e-01 -2.772451043128967285e-01 -1.516744643449783325e-01 -9.315486997365951538e-02 6.132375821471214294e-02 -1.547173857688903809e-01 -3.137606382369995117e-01 -3.711986914277076721e-02 -3.158420324325561523e-01 -3.306454420089721680e-02 1.144347563385963440e-01 8.321429789066314697e-02 6.747671961784362793e-02 2.926414310932159424e-01 1.009095534682273865e-01 1.082106530666351318e-01 -1.569471061229705811e-01 2.750686109066009521e-01 -4.071493074297904968e-02
-2.466768175363540649e-01 1.640265882015228271e-01 3.344564437866210938e-01 -1.416462957859039307e-01 1.087725311517715454e-01 -5.764889344573020935e-02 2.669048309326171875e-01 1.548007279634475708e-01 -2.139284908771514893e-01 -1.016072630882263184e-01 -5.738541483879089355e-03 8.209153264760971069e-02 2.221060246229171753e-01 2.049434036016464233e-01 2.315377146005630493e-01 3.509251177310943604e-01 1.867004930973052979e-01 -8.655640482902526855e-02 2.382850348949432373e-01 1.438061743974685669e-01 -1.587619185447692871e-01 8.408600091934204102e-02 -3.193132281303405762e-01 6.329279392957687378e-03 1.513938456773757935e-01 -1.315388381481170654e-01 -4.020015895366668701e-01 -2.093410193920135498e-01 -6.537212431430816650e-02 -1.938632875680923462e-01 -4.250906109809875488e-01 -4.022222012281417847e-02
4.017449021339416504e-01 2.105514705181121826e-01 4.660897254943847656e-01 4.091445803642272949e-01 1.252583265304565430e-01 -1.143065094947814941e-02 -2.937160059809684753e-02 4.584342613816261292e-02 -1.672981530427932739e-01 3.052307963371276855e-01 2.124547511339187622e-01 2.120148837566375732e-01 1.248042583465576172e-01 2.728050053119659424e-01 -1.089857667684555054e-01 3.336889445781707764e-01 9.327296912670135498e-02 -2.845208346843719482e-02 -1.166391521692276001e-01 -3.172095119953155518e-01 -2.501914277672767639e-02 -1.267549842596054077e-01 -1.250677853822708130e-01 -3.877392709255218506e-01 2.480197846889495850e-01 -4.186796545982360840e-01 1.148816347122192383e-01 -3.427818417549133301e-01 2.083064317703247070e-01 -1.968529373407363892e-01 -1.166454702615737915e-01 -1.591966003179550171e-01
4.439491033554077148e-01 1.052904799580574036e-01 3.220721334218978882e-02 1.203239858150482178e-01 -3.298342227935791016e-01 -4.402546882629394531e-01 -4.463821053504943848e-01 -3.901708722114562988e-01 1.887000352144241333e-02 4.925423860549926758e-02 -1.062678247690200806e-01 1.071804016828536987e-02 -1.222018152475357056e-01 2.751248888671398163e-02 1.900392472743988037e-01 -3.650337159633636475e-01 -5.355197787284851074e-01 -2.475140616297721863e-02 -1.146665662527084351e-01 -1.046567112207412720e-01 2.050226628780364990e-01 6.349363923072814941e-02 5.850280523300170898e-01 -2.523973882198333740e-01 2.855122387409210205e-01 -3.660186529159545898e-01 5.823230743408203125e-01 1.067376695573329926e-03 -9.599378705024719238e-02 4.718633890151977539e-01 5.653424859046936035e-01 3.206564486026763916e-01
8.617599308490753174e-02 2.257442772388458252e-01 4.690992087125778198e-02 4.918860271573066711e-03 -1.562313586473464966e-01 -2.097057551145553589e-01 -1.553029567003250122e-01 -1.906587481498718262e-01 -4.880365729331970215e-02 -1.540892124176025391e-01 -1.980213820934295654e-02 1.706630885601043701e-01 5.015778541564941406e-02 8.997894823551177979e-02 2.477496415376663208e-01 -5.980254337191581726e-02 -1.839209794998168945e-01 -2.623375505208969116e-02 3.695265948772430420e-02 2.046409547328948975e-01 6.806855648756027222e-02 2.964862585067749023e-01 1.432121694087982178e-01 -1.730462312698364258e-01 3.662931919097900391e-01 -2.979839742183685303e-01 1.484195888042449951e-02 -1.945202946662902832e-01 -1.811217367649078369e-01 2.769287526607513428e-01 -1.010142639279365540e-02 2.672424912452697754e-01
-5.983380600810050964e-03 2.051892876625061035e-01 2.866463735699653625e-02 -2.114554196596145630e-01 2.959578633308410645e-01 8.241254091262817383e-02 8.249478787183761597e-02 -1.648756414651870728e-01 -1.542246341705322266e-01 2.736530303955078125e-01 -1.039697080850601196e-01 9.934844821691513062e-02 1.267640292644500732e-01 5.099351704120635986e-02 -2.816177308559417725e-01 5.554944276809692383e-03 2.106708884239196777e-01 1.033305972814559937e-01 -5.282359942793846130e-02 -1.547627598047256470e-01 -1.515073180198669434e-01 -2.651295959949493408e-01 -1.585281938314437866e-01 -1.714204996824264526e-02 1.669969409704208374e-01 -5.077484995126724243e-02 5.849283188581466675e-03 -9.691049903631210327e-02 8.493147790431976318e-02 -1.453760713338851929e-01 2.673704177141189575e-03 3.462485596537590027e-02
1.066860333085060120e-01 3.485044836997985840e-01 -2.620635330677032471e-01 -2.809538543224334717e-01 -6.089776754379272461e-03 6.820861995220184326e-02 -1.759803891181945801e-01 -6.520301103591918945e-02 -1.900493800640106201e-01 1.269414871931076050e-01 -1.241416484117507935e-01 2.113089859485626221e-01 4.626713693141937256e-02 -1.516761481761932373e-01 -2.188161015510559082e-01 -3.348108232021331787e-01 -2.977578639984130859e-01 -3.272433578968048096e-01 -2.470214515924453735e-01 2.414184994995594025e-02 -2.145636677742004395e-01 2.231029123067855835e-01 5.526138097047805786e-02 -2.371022701263427734e-01 8.810265362262725830e-02 1.847495287656784058e-01 -8.037184178829193115e-02 3.270381093025207520e-01 -1.695914566516876221e-01 6.073220819234848022e-02 2.263413369655609131e-01 3.674972355365753174e-01
5.804972723126411438e-02 3.787224292755126953e-01 -2.978247106075286865e-01 -3.698207139968872070e-01 1.195158064365386963e-02 3.886588662862777710e-02 -2.119257152080535889e-01 -1.291500627994537354e-01 -2.313748002052307129e-01 6.420393288135528564e-02 -1.018158346414566040e-01 2.842859625816345215e-01 1.244824379682540894e-01 -9.261296689510345459e-02 -1.695622056722640991e-01 -2.985516190528869629e-01 -3.071894347667694092e-01 -3.732017576694488525e-01 -2.504616975784301758e-01 1.010981872677803040e-01 -2.095651924610137939e-01 2.617998123168945312e-01 -3.494028747081756592e-02 -2.107682228088378906e-01 1.521105766296386719e-01 1.692562252283096313e-01 -1.097545176744461060e-01 3.118419945240020752e-01 -1.696244627237319946e-01 1.566251963376998901e-01 1.989256888628005981e-01 4.394199550151824951e-01
-1.524732708930969238e-01 1.788821816444396973e-01 -3.768616914749145508e-01 -3.519837260246276855e-01 1.598772257566452026e-01 1.222742646932601929e-01 -3.645254075527191162e-01 1.127128601074218750e-01 -1.520356684923171997e-01 -9.101118892431259155e-02 6.129904091358184814e-02 4.403972029685974121e-01 2.974097132682800293e-01 -7.580792903900146484e-02 -2.853252291679382324e-01 -2.901813685894012451e-01 -4.987189769744873047e-01 -3.003425300121307373e-01 -3.061685860157012939e-01 2.119172513484954834e-01 -2.704808413982391357e-01 1.108179688453674316e-01 -3.330402970314025879e-01 1.165155991911888123e-01 7.894843816757202148e-02 4.237666428089141846e-01 -3.119562268257141113e-01 4.889169633388519287e-01 -3.504236936569213867e-01 2.510297596454620361e-01 1.172293126583099365e-01 3.099587559700012207e-01
1.931005567312240601e-01 2.162022590637207031e-01 2.155539393424987793e-01 1.277276277542114258e-01 1.554556488990783691e-01 3.810889273881912231e-02 1.922492869198322296e-02 -4.029951244592666626e-02 -2.034939229488372803e-01 2.948662042617797852e-01 -9.447462856769561768e-03 1.196871474385261536e-01 8.811309933662414551e-02 1.288526356220245361e-01 -1.931763142347335815e-01 1.239687651395797729e-01 1.612809300422668457e-01 1.732376590371131897e-02 -3.768659755587577820e-02 -2.334166169166564941e-01 -7.372213900089263916e-02 -1.841406226158142090e-01 -8.764125406742095947e-02 -1.446175724267959595e-01 1.878377497196197510e-01 -2.426451742649078369e-01 1.043237000703811646e-01 -2.047822922468185425e-01 1.132532805204391479e-01 -2.033894807100296021e-01 -4.273848980665206909e-02 -6.181344389915466309e-02
-3.006970584392547607e-01 -2.910717390477657318e-02 3.765079379081726074e-02 -4.682260155677795410e-01 3.112357854843139648e-01 -4.709677398204803467e-02 1.118183135986328125e-01 -7.214726507663726807e-02 -1.481335014104843140e-01 3.304298520088195801e-01 -2.085601091384887695e-01 3.459011018276214600e-02 3.434317111968994141e-01 -5.132537707686424255e-02 -2.674417197704315186e-01 -1.169380545616149902e-01 1.406605094671249390e-01 1.589339971542358398e-01 1.960708945989608765e-01 -2.284400314092636108e-01 -6.626070290803909302e-02 -2.817510962486267090e-01 -4.320795089006423950e-02 8.826535940170288086e-02 -1.796965599060058594e-01 5.235115066170692444e-02 -2.668629586696624756e-02 1.987479180097579956e-01 3.720623627305030823e-02 -4.194604754447937012e-01 -1.276279985904693604e-01 1.126490980386734009e-01
2.009091377258300781e-01 2.800567150115966797e-01 1.898575276136398315e-01 1.334225237369537354e-01 -9.464229643344879150e-02 -1.045562326908111572e-01 -4.573882371187210083e-02 -2.074979618191719055e-02 -3.001398444175720215e-01 2.174735814332962036e-01 -1.048171222209930420e-01 -1.096568182110786438e-01 -1.410899013280868530e-01 -5.425490811467170715e-02 6.091085076332092285e-02 -8.208817243576049805e-02 -2.875147014856338501e-02 4.668577387928962708e-02 2.679421007633209229e-02 -1.506796330213546753e-01 -1.214666962623596191e-01 3.252130374312400818e-02 1.115303039550781250e-01 -1.636013984680175781e-01 2.981497906148433685e-02 -1.177739948034286499e-01 8.698599040508270264e-02 -7.744940370321273804e-02 -1.823601499199867249e-02 -3.068557977676391602e-01 5.301444232463836670e-02 -1.956763863563537598e-02
-3.352069854736328125e-01 2.918907403945922852e-01 2.175730615854263306e-01 -4.251480996608734131e-01 2.107107639312744141e-02 -1.756315678358078003e-01 2.790653705596923828e-01 4.146515205502510071e-02 -1.446125358343124390e-01 -1.107658073306083679e-01 -9.493471682071685791e-02 8.162457495927810669e-02 3.706352114677429199e-01 1.894550472497940063e-01 3.163200914859771729e-01 3.199549913406372070e-01 1.762849688529968262e-01 -1.970011442899703979e-01 2.213226854801177979e-01 2.344057261943817139e-01 -7.052655518054962158e-02 3.592608571052551270e-01 -1.996470540761947632e-01 -2.164404839277267456e-02 2.829230725765228271e-01 -2.836392521858215332e-01 -4.247554540634155273e-01 -9.246843308210372925e-02 -1.678704470396041870e-01 1.341007649898529053e-02 -4.221840798854827881e-01 2.751317024230957031e-01
1.406523585319519043e-01 3.650894761085510254e-01 -4.015491530299186707e-02 -1.973202675580978394e-01 -7.602930068969726562e-02 -1.529654115438461304e-02 -1.653065532445907593e-02 -2.141843885183334351e-01 -2.272893786430358887e-01 1.216201484203338623e-01 -1.877518594264984131e-01 8.184730261564254761e-02 -1.826319471001625061e-02 -6.502811610698699951e-02 -9.568704292178153992e-03 -1.904700994491577148e-01 -1.083795726299285889e-02 -1.935001015663146973e-01 -1.537825167179107666e-01 -3.381314873695373535e-02 -1.290822327136993408e-01 2.634271085262298584e-01 1.487647294998168945e-01 -3.186366558074951172e-01 1.241218671202659607e-01 -9.799174964427947998e-02 -6.533510982990264893e-02 1.064752787351608276e-01 -8.809056878089904785e-02 -2.546515315771102905e-02 9.491148591041564941e-02 2.895385622978210449e-01
-3.994929790496826172e-02 -5.218667909502983093e-03 -2.505927085876464844e-01 1.243621110916137695e-03 3.233414143323898315e-02 1.370761245489120483e-01 -1.935415267944335938e-01 1.681895703077316284e-01 1.318183243274688721e-01 2.371007949113845825e-02 7.073298096656799316e-03 1.093490794301033020e-01 5.749034881591796875e-02 -1.767642349004745483e-01 -2.627154290676116943e-01 -2.133023142814636230e-01 -2.880894243717193604e-01 -9.179474413394927979e-02 -1.691071838140487671e-01 -1.096117570996284485e-01 -3.953084349632263184e-02 3.571794554591178894e-02 2.825534716248512268e-02 5.309654772281646729e-02 -2.474272809922695160e-02 2.313067317008972168e-01 -3.211048990488052368e-02 3.746968209743499756e-01 -1.964985281229019165e-01 1.175679266452789307e-01 3.301746547222137451e-01 9.806848317384719849e-02
-1.197080388665199280e-01 -5.918496847152709961e-02 -3.755383193492889404e-03 -1.952161043882369995e-01 8.726169914007186890e-02 -6.055153161287307739e-02 -1.246853843331336975e-01 1.086588799953460693e-01 -9.128782898187637329e-02 5.326820909976959229e-02 3.685538098216056824e-02 9.902841597795486450e-02 2.519546449184417725e-02 -1.491674780845642090e-01 -1.528920233249664307e-01 -2.036676704883575439e-01 -2.308803200721740723e-01 5.030934140086174011e-02 1.103103309869766235e-01 9.566339850425720215e-02 6.530546396970748901e-02 -1.176901012659072876e-01 4.361756145954132080e-02 3.793455660343170166e-01 -3.807102143764495850e-01 4.279177188873291016e-01 -1.024857759475708008e-01 1.053828671574592590e-01 -1.651069819927215576e-01 -2.059992402791976929e-01 7.213243842124938965e-02 2.332306001335382462e-03
-1.359922587871551514e-01 9.016059339046478271e-03 1.095882803201675415e-01 -7.778792083263397217e-02 1.638830602169036865e-01 2.047020494937896729e-01 1.006671339273452759e-01 2.391192167997360229e-01 1.141931861639022827e-02 -9.934300184249877930e-02 -7.256768643856048584e-03 1.015454456210136414e-01 1.820399016141891479e-01 3.971643745899200439e-04 3.916097804903984070e-03 1.099391877651214600e-01 6.431623548269271851e-02 -6.844878196716308594e-02 -1.070397123694419861e-01 -1.306649856269359589e-02 -1.560526490211486816e-01 9.061926603317260742e-02 -1.797088980674743652e-01 -2.853164449334144592e-03 -2.384334243834018707e-02 1.030134782195091248e-02 -3.451243340969085693e-01 1.932109445333480835e-01 -1.920717656612396240e-01 7.926010340452194214e-02 -1.289671063423156738e-01 -9.268936701118946075e-03
4.003388807177543640e-02 4.415885359048843384e-02 9.788717329502105713e-02 -1.568447053432464600e-01 -3.240993022918701172e-01 -5.112122297286987305e-01 -2.945269346237182617e-01 -2.704603374004364014e-01 -1.872794702649116516e-02 -1.177996844053268433e-01 -1.526438444852828979e-01 5.875276774168014526e-02 2.437727004289627075e-01 1.901283860206604004e-02 2.135771960020065308e-01 -7.018375396728515625e-02 -2.443227767944335938e-01 -4.143438860774040222e-02 2.850299179553985596e-01 1.641837507486343384e-01 2.211990952491760254e-01 2.167155891656875610e-01 3.204695582389831543e-01 6.348080933094024658e-04 2.193444520235061646e-01 -3.512088060379028320e-01 2.160200774669647217e-01 -4.312611650675535202e-03 -2.141157984733581543e-01 2.319860160350799561e-01 4.537762701511383057e-02 4.842899739742279053e-01
7.211071252822875977e-02 2.460213601589202881e-01 -2.833614945411682129e-01 -1.841050088405609131e-01 9.149947762489318848e-02 1.763841807842254639e-01 -1.996536403894424438e-01 5.006631091237068176e-02 -8.136307448148727417e-02 5.372837185859680176e-04 4.278527200222015381e-02 3.243170678615570068e-01 6.388257443904876709e-02 -9.240998327732086182e-02 -1.783471554517745972e-01 -2.658604383468627930e-01 -3.806566298007965088e-01 -2.740785181522369385e-01 -3.043590784072875977e-01 8.652863651514053345e-02 -2.725238502025604248e-01 1.708606928586959839e-01 -5.040056258440017700e-02 -1.198428347706794739e-01 8.178786188364028931e-02 2.892665266990661621e-01 -1.446350514888763428e-01 3.604968786239624023e-01 -2.538316547870635986e-01 2.202872186899185181e-01 2.394676506519317627e-01 2.168872803449630737e-01
1.766491085290908813e-01 2.518511116504669189e-01 1.247564107179641724e-01 2.872384786605834961e-01 6.364695727825164795e-02 1.024734377861022949e-01 6.036004424095153809e-02 2.037730440497398376e-02 1.559153199195861816e-02 1.845787614583969116e-01 8.169271051883697510e-02 5.308712273836135864e-02 -2.041772753000259399e-02 5.824384465813636780e-02 -8.588713407516479492e-02 3.258604407310485840e-01 1.119418665766716003e-01 4.001629725098609924e-02 -1.165518015623092651e-01 -1.617315560579299927e-01 -1.152269020676612854e-01 -2.640731334686279297e-01 -1.614468842744827271e-01 -2.074737250804901123e-01 2.678115665912628174e-01 -2.949894666671752930e-01 -7.498875260353088379e-02 -1.259549707174301147e-01 1.500567346811294556e-01 -1.770173162221908569e-01 -8.618880808353424072e-02 -1.609792113304138184e-01
1.591208726167678833e-01 2.372658550739288330e-01 -1.651022434234619141e-01 2.557267844676971436e-01 -1.145448535680770874e-02 2.839654088020324707e-01 3.905058652162551880e-02 2.505293861031532288e-02 1.761311590671539307e-01 2.686173468828201294e-02 3.412231802940368652e-02 -8.724896609783172607e-02 -2.615263760089874268e-01 -9.896069765090942383e-02 9.781414642930030823e-03 1.920801550149917603e-01 4.633302986621856689e-02 9.452819824218750000e-02 -2.431198656558990479e-01 -9.709882736206054688e-02 -1.634082347154617310e-01 -3.569644093513488770e-01 -1.185652762651443481e-01 -7.941609621047973633e-02 2.549824118614196777e-01 -9.442679584026336670e-02 -1.022360324859619141e-01 -3.073242120444774628e-02 1.160871088504791260e-01 3.932130336761474609e-02 1.252979636192321777e-01 -2.259426712989807129e-01
4.009095132350921631e-01 1.740056574344635010e-01 3.129591792821884155e-02 2.339902222156524658e-01 -3.105662465095520020e-01 -3.999862074851989746e-01 -4.280700683593750000e-01 -2.859546840190887451e-01 -9.121400117874145508e-02 5.220460891723632812e-02 -1.633889526128768921e-01 1.635576039552688599e-02 -1.582927703857421875e-01 -3.293216228485107422e-03 1.690517663955688477e-01 -3.373802900314331055e-01 -5.069211721420288086e-01 3.065814450383186340e-02 -9.582950919866561890e-02 -3.349402546882629395e-02 1.829473078250885010e-01 3.902499750256538391e-02 4.351100921630859375e-01 -1.785977482795715332e-01 2.530763149261474609e-01 -3.365545570850372314e-01 4.566484093666076660e-01 -7.480461150407791138e-02 -1.357811391353607178e-01 3.095611929893493652e-01 4.036735892295837402e-01 2.413280159235000610e-01
-1.670313440263271332e-02 1.080648377537727356e-01 -3.806715011596679688e-01 -7.954666018486022949e-02 1.387327909469604492e-01 1.543821990489959717e-01 -3.769759833812713623e-01 1.301100701093673706e-01 1.600770652294158936e-02 -2.330080419778823853e-02 7.816895842552185059e-02 3.259029984474182129e-01 1.021349132061004639e-01 -1.434511393308639526e-01 -2.939020395278930664e-01 -3.200230002403259277e-01 -5.517908334732055664e-01 -1.756226122379302979e-01 -2.770191431045532227e-01 3.893771022558212280e-02 -1.945470869541168213e-01 4.045322909951210022e-02 -8.386234939098358154e-02 7.585303485393524170e-02 1.621038094162940979e-02 4.158935248851776123e-01 -8.676929026842117310e-02 4.370696246623992920e-01 -3.139244914054870605e-01 2.215894311666488647e-01 3.269632160663604736e-01 1.638713032007217407e-01
4.256226122379302979e-03 3.508874773979187012e-01 -2.293293923139572144e-01 -4.024582803249359131e-01 5.145443230867385864e-02 8.623690903186798096e-02 -5.046029388904571533e-02 -1.193211227655410767e-01 -1.774007380008697510e-01 -2.668870985507965088e-02 -1.289142221212387085e-01 2.288843095302581787e-01 1.320539712905883789e-01 -3.316809609532356262e-02 -5.916190147399902344e-02 -1.592089831829071045e-01 -1.300755739212036133e-01 -3.493172526359558105e-01 -2.359922528266906738e-01 1.252578049898147583e-01 -1.802141070365905762e-01 3.717477321624755859e-01 -6.232760846614837646e-02 -2.211317121982574463e-01 2.020109444856643677e-01 5.367299541831016541e-02 -2.188522219657897949e-01 2.755312919616699219e-01 -1.701446771621704102e-01 1.404079198837280273e-01 2.139743417501449585e-02 3.974108099937438965e-01
-1.560443788766860962e-01 1.723692417144775391e-01 -3.421284854412078857e-01 -3.395032882690429688e-01 1.477253437042236328e-01 8.755975961685180664e-02 -3.692429959774017334e-01 1.268225014209747314e-01 -1.783085465431213379e-01 -7.889798283576965332e-02 3.813971206545829773e-02 4.180942773818969727e-01 3.180125355720520020e-01 -8.542229235172271729e-02 -3.095664978027343750e-01 -2.771131694316864014e-01 -5.113607048988342285e-01 -2.977796792984008789e-01 -2.881518006324768066e-01 2.056855261325836182e-01 -2.448343932628631592e-01 7.544131577014923096e-02 -3.386781811714172363e-01 1.499705910682678223e-01 5.390537530183792114e-02 4.382071197032928467e-01 -3.004941940307617188e-01 4.940143525600433350e-01 -3.424500823020935059e-01 2.014785110950469971e-01 1.048798114061355591e-01 3.133957982063293457e-01
-1.393655091524124146e-01 2.278164029121398926e-02 -4.098916947841644287e-01 -1.296261250972747803e-01 1.769816428422927856e-01 1.213221400976181030e-01 -4.633594453334808350e-01 1.578804999589920044e-01 7.185790687799453735e-02 -1.086270958185195923e-01 7.987270504236221313e-02 3.479656279087066650e-01 2.371063381433486938e-01 -1.251070499420166016e-01 -3.258893787860870361e-01 -2.956389784812927246e-01 -6.240062117576599121e-01 -1.250083595514297485e-01 -2.448486983776092529e-01 1.007647961378097534e-01 -1.332010030746459961e-01 -2.337856218218803406e-02 -1.699630618095397949e-01 1.921015679836273193e-01 1.837724819779396057e-02 4.619083106517791748e-01 -1.389136612415313721e-01 5.174034833908081055e-01 -3.691726624965667725e-01 2.872416675090789795e-01 2.767846882343292236e-01 1.892190128564834595e-01
-5.470519512891769409e-02 2.751283943653106689e-01 -3.234454989433288574e-01 -3.767146170139312744e-01 1.023655086755752563e-01 1.067930608987808228e-01 -2.223323881626129150e-01 2.439636364579200745e-02 -1.248453259468078613e-01 -2.029247581958770752e-02 -1.762834936380386353e-02 4.250521063804626465e-01 2.044676393270492554e-01 -4.715835675597190857e-02 -1.851203590631484985e-01 -2.373080253601074219e-01 -3.784633278846740723e-01 -3.438707888126373291e-01 -2.683942317962646484e-01 1.870900094509124756e-01 -2.599665820598602295e-01 2.140738517045974731e-01 -2.117166966199874878e-01 -7.594057172536849976e-02 1.129561662673950195e-01 2.856378257274627686e-01 -2.123212516307830811e-01 3.923452794551849365e-01 -2.750448882579803467e-01 2.748582363128662109e-01 1.326076239347457886e-01 3.629295229911804199e-01
-1.695396006107330322e-01 5.023535341024398804e-03 2.515838742256164551e-01 -2.707572653889656067e-02 2.599328160285949707e-01 6.641407310962677002e-02 2.001687437295913696e-01 1.125989109277725220e-01 -6.530847400426864624e-02 -2.395229488611221313e-01 1.326755285263061523e-01 2.654820680618286133e-02 1.531098186969757080e-01 2.056258469820022583e-01 1.359163224697113037e-01 3.561711013317108154e-01 3.366805315017700195e-01 3.316366299986839294e-02 3.571486473083496094e-02 2.173228114843368530e-01 -4.623401910066604614e-02 -1.145442128181457520e-01 -3.533921837806701660e-01 1.110261604189872742e-01 1.152666509151458740e-01 -7.670983672142028809e-02 -2.663214206695556641e-01 -2.726825177669525146e-01 -4.077631235122680664e-02 -5.690740048885345459e-02 -4.075050950050354004e-01 -1.168374717235565186e-01
-1.986937671899795532e-01 1.411273777484893799e-01 3.549755513668060303e-01 -2.416107803583145142e-01 -4.903259873390197754e-02 -2.651052474975585938e-01 1.387882530689239502e-01 9.189787507057189941e-02 -3.398716151714324951e-01 8.312225341796875000e-02 -7.364276051521301270e-02 -1.594032719731330872e-02 2.982078790664672852e-01 1.564455032348632812e-01 9.555815905332565308e-02 2.620136737823486328e-01 1.613460779190063477e-01 -1.020268350839614868e-01 2.741296589374542236e-01 8.241183310747146606e-02 -6.016544997692108154e-02 2.751973643898963928e-02 -1.998130232095718384e-01 1.084756478667259216e-01 5.599005147814750671e-03 -7.587381452322006226e-02 -2.374935746192932129e-01 -1.226405352354049683e-01 -4.898653551936149597e-02 -4.447266459465026855e-01 -3.977329730987548828e-01 9.400540590286254883e-02
-7.288329005241394043e-01 -6.870385259389877319e-03 1.092125624418258667e-01 -6.365298628807067871e-01 5.419322252273559570e-01 -6.130762398242950439e-02 2.225183397531509399e-01 4.348522052168846130e-02 -3.318922594189643860e-02 -2.346434444189071655e-01 2.812485992908477783e-01 3.062226176261901855e-01 5.560575723648071289e-01 3.275114893913269043e-01 7.593001425266265869e-02 2.690976560115814209e-01 3.789790570735931396e-01 -4.217850044369697571e-02 3.253666162490844727e-01 4.887059032917022705e-01 -1.184251159429550171e-01 1.350783184170722961e-02 -3.201416730880737305e-01 5.771215260028839111e-02 1.261194236576557159e-02 2.432597577571868896e-01 -5.948278307914733887e-01 -2.657301127910614014e-01 -1.074668020009994507e-01 -1.937143504619598389e-03 -5.567682385444641113e-01 2.121381908655166626e-01
-7.808169722557067871e-02 7.676826417446136475e-02 -2.724153995513916016e-01 -2.316135019063949585e-01 1.220975518226623535e-01 9.778431057929992676e-02 -3.142905533313751221e-01 1.794887185096740723e-01 -9.941995143890380859e-02 -5.998397618532180786e-02 1.759926974773406982e-02 2.280770838260650635e-01 2.340810447931289673e-01 -1.464243382215499878e-01 -2.847123444080352783e-01 -2.300155758857727051e-01 -4.369670748710632324e-01 -1.763938069343566895e-01 -2.115213125944137573e-01 3.360500931739807129e-02 -1.823495924472808838e-01 1.639192178845405579e-02 -2.068960517644882202e-01 1.735476255416870117e-01 -4.049040377140045166e-02 3.482994437217712402e-01 -1.916314214468002319e-01 5.308005809783935547e-01 -2.604716122150421143e-01 7.748960703611373901e-02 1.541517823934555054e-01 1.907429248094558716e-01
3.887244164943695068e-01 3.262892663478851318e-01 -6.131041422486305237e-02 1.000703498721122742e-02 -1.358271539211273193e-01 -5.365215241909027100e-03 -1.847094297409057617e-01 -3.622851669788360596e-01 -3.940869122743606567e-02 1.775369793176651001e-01 -6.393432617187500000e-02 1.358800232410430908e-01 -1.633383035659790039e-01 -5.488571897149085999e-02 7.299885898828506470e-02 -3.676208853721618652e-01 -2.034595310688018799e-01 -7.672967016696929932e-02 -1.569570153951644897e-01 -1.478168368339538574e-01 -9.141892194747924805e-02 1.699789166450500488e-01 4.043706059455871582e-01 -4.729527831077575684e-01 2.797376811504364014e-01 -1.765914410352706909e-01 1.982229650020599365e-01 1.659179292619228363e-02 -1.389911212027072906e-02 2.792050838470458984e-01 4.483129680156707764e-01 2.323681414127349854e-01
1.773648411035537720e-01 -2.421949058771133423e-02 -5.296434089541435242e-02 -8.013984560966491699e-02 2.165313437581062317e-02 1.846431195735931396e-01 -1.120199821889400482e-02 1.529731974005699158e-02 -6.142728030681610107e-03 2.609602808952331543e-01 -1.788271069526672363e-01 1.668395102024078369e-02 -1.953684091567993164e-01 -2.031221240758895874e-01 -2.530763149261474609e-01 -2.658783495426177979e-01 -2.268359065055847168e-01 1.386215537786483765e-01 -1.416953802108764648e-01 -2.325260043144226074e-01 -2.150733768939971924e-02 -3.169770538806915283e-01 -1.243709027767181396e-02 1.654153764247894287e-01 -1.590180397033691406e-01 3.202429413795471191e-01 1.449191570281982422e-01 2.183700501918792725e-01 3.717264160513877869e-02 -1.941803842782974243e-01 3.325769305229187012e-01 -9.861551225185394287e-02
4.542839527130126953e-02 5.516179651021957397e-02 1.618700474500656128e-01 1.357464492321014404e-01 5.474550649523735046e-02 -1.070268079638481140e-01 -2.907882928848266602e-01 4.886128380894660950e-02 -1.961078643798828125e-01 8.551158010959625244e-03 5.765995755791664124e-02 1.753406524658203125e-01 4.923684895038604736e-02 -3.302821889519691467e-02 -1.403276324272155762e-01 2.449166402220726013e-02 -1.316539347171783447e-01 -1.201913692057132721e-02 1.315456181764602661e-01 2.082452327013015747e-01 1.048620119690895081e-01 -1.226818412542343140e-01 -1.513385176658630371e-01 3.739467263221740723e-01 8.511181920766830444e-03 2.551227211952209473e-01 1.469556689262390137e-01 -3.043242990970611572e-01 -3.199158236384391785e-02 -1.431103646755218506e-01 4.629575461149215698e-02 3.151670098304748535e-04
-4.140765070915222168e-01 -7.196255773305892944e-02 4.031240940093994141e-02 -5.233339071273803711e-01 4.275557994842529297e-01 -1.138744577765464783e-01 -4.322634637355804443e-02 -9.665480256080627441e-02 -1.410854160785675049e-01 -1.482555568218231201e-01 1.838908195495605469e-01 2.459006905555725098e-01 4.639511108398437500e-01 1.703215390443801880e-01 -5.497574061155319214e-02 1.985805481672286987e-01 2.567157149314880371e-01 4.266772419214248657e-03 2.847286760807037354e-01 4.094182550907135010e-01 9.775914251804351807e-03 -1.362891793251037598e-01 -2.961211204528808594e-01 3.419413268566131592e-01 -1.723309978842735291e-03 2.413321137428283691e-01 -3.264523148536682129e-01 -3.798471987247467041e-01 -3.971898928284645081e-02 1.207531988620758057e-02 -2.995221614837646484e-01 1.743413209915161133e-01
1.350662857294082642e-01 7.141422480344772339e-03 1.185906976461410522e-01 -1.557567417621612549e-01 -3.351408243179321289e-01 -5.547239780426025391e-01 -3.852002620697021484e-01 -2.729167640209197998e-01 -4.269355162978172302e-02 7.296629250049591064e-03 -1.531292796134948730e-01 9.407609701156616211e-03 2.443426698446273804e-01 1.118182390928268433e-02 1.544399261474609375e-01 -1.682257205247879028e-01 -3.527330160140991211e-01 -8.323460817337036133e-02 2.215071320533752441e-01 2.624626643955707550e-02 2.764231562614440918e-01 1.529865115880966187e-01 4.248504042625427246e-01 -8.513124287128448486e-02 1.859546303749084473e-01 -2.804608345031738281e-01 3.588141500949859619e-01 6.869411468505859375e-02 -1.960373967885971069e-01 1.837170869112014771e-01 2.541868090629577637e-01 4.991286695003509521e-01
-6.168601661920547485e-02 -5.775668472051620483e-02 1.584713310003280640e-01 1.096674948930740356e-01 -1.621002703905105591e-02 -2.201747894287109375e-01 -8.634847402572631836e-02 -5.014431104063987732e-02 -1.514787822961807251e-01 5.466561019420623779e-02 -1.524934172630310059e-02 -1.682977825403213501e-01 1.838733404874801636e-01 6.324970722198486328e-02 -7.774252444505691528e-02 1.838021278381347656e-01 1.760393828153610229e-01 4.255482181906700134e-02 1.520478725433349609e-01 2.718250080943107605e-02 2.214394509792327881e-01 -1.327946186065673828e-01 -1.171619296073913574e-01 2.139680683612823486e-01 6.418604403734207153e-02 1.699294522404670715e-02 2.863554656505584717e-01 -2.356145977973937988e-01 1.809301674365997314e-01 -2.873139977455139160e-01 2.937173098325729370e-02 2.799410745501518250e-02
-7.576737552881240845e-04 3.455942869186401367e-01 2.392997145652770996e-01 -5.252714082598686218e-02 -3.551906347274780273e-02 -9.945196658372879028e-02 1.189820617437362671e-01 -1.554885506629943848e-02 -2.184720635414123535e-01 1.653406769037246704e-02 -6.957115232944488525e-02 2.877393364906311035e-02 3.325913101434707642e-02 1.113887578248977661e-01 1.894855946302413940e-01 1.121334880590438843e-01 9.849110245704650879e-02 -4.894859343767166138e-02 9.370541572570800781e-02 1.033228114247322083e-01 -1.340228915214538574e-01 2.176931947469711304e-01 -3.479792177677154541e-02 -1.255169808864593506e-01 1.931630820035934448e-01 -1.915852576494216919e-01 -1.949341297149658203e-01 -1.988089680671691895e-01 -9.672075510025024414e-02 -1.212214231491088867e-01 -2.473966032266616821e-01 5.807797610759735107e-02
-3.147201240062713623e-02 -3.309198096394538879e-02 1.248267441987991333e-01 3.091118857264518738e-02 3.391107916831970215e-02 1.032683551311492920e-01 1.286672651767730713e-01 1.796029955148696899e-01 6.062015146017074585e-02 2.135519683361053467e-02 1.765506342053413391e-02 -1.105028688907623291e-01 5.575443804264068604e-02 -6.019395217299461365e-02 -5.693975836038589478e-04 1.182515770196914673e-01 1.659295260906219482e-01 2.408998087048530579e-02 -2.406511269509792328e-02 -2.103583067655563354e-01 -8.294709026813507080e-02 6.331966817378997803e-02 -4.114846885204315186e-02 1.089205965399742126e-03 -4.946766793727874756e-02 -2.734556607902050018e-02 -1.337069720029830933e-01 1.460420042276382446e-01 -2.654520794749259949e-02 -9.195195138454437256e-02 1.316423714160919189e-02 -7.565531134605407715e-02
8.306167274713516235e-02 2.819928154349327087e-02 -1.663133874535560608e-02 -3.208331167697906494e-01 -2.952743172645568848e-01 -5.242019891738891602e-01 -3.856183588504791260e-01 -4.313886463642120361e-01 -1.202409714460372925e-02 -7.509983330965042114e-02 -9.705443680286407471e-02 5.518084019422531128e-02 2.678437829017639160e-01 7.155482470989227295e-02 1.377595216035842896e-01 -1.731074452400207520e-01 -2.492636144161224365e-01 -1.731109172105789185e-01 1.483751833438873291e-01 7.970218360424041748e-02 2.464413046836853027e-01 2.549242377281188965e-01 4.585824608802795410e-01 -2.175472080707550049e-01 3.037846982479095459e-01 -4.525528252124786377e-01 3.695689439773559570e-01 9.868060052394866943e-02 -1.802469938993453979e-01 4.455531239509582520e-01 2.877894639968872070e-01 6.028677821159362793e-01
-2.973879575729370117e-01 3.274773806333541870e-02 1.568731665611267090e-01 -1.693714261054992676e-01 5.196128413081169128e-02 -1.717731058597564697e-01 -1.541388686746358871e-02 1.403378546237945557e-01 -1.068459674715995789e-01 -1.922695338726043701e-01 1.457763463258743286e-01 1.943230628967285156e-01 3.127733469009399414e-01 1.639505624771118164e-01 2.000646293163299561e-01 1.991043090820312500e-01 -5.924128741025924683e-02 -1.615083366632461548e-01 3.402809798717498779e-01 4.046323597431182861e-01 4.785186052322387695e-02 1.584600061178207397e-01 -7.252371311187744141e-02 2.030919790267944336e-01 7.540665566921234131e-03 1.093200445175170898e-01 -2.665092051029205322e-01 -8.159806579351425171e-02 -3.541461825370788574e-01 -7.065264880657196045e-02 -2.917730510234832764e-01 1.947571784257888794e-01
2.578496932983398438e-01 3.050406277179718018e-01 1.951954141259193420e-02 2.399057894945144653e-02 -8.200384676456451416e-02 5.296911299228668213e-02 1.084310002624988556e-02 -4.308172315359115601e-02 -1.623452752828598022e-01 2.580565214157104492e-01 -1.269428580999374390e-01 -7.542157918214797974e-02 -1.531782895326614380e-01 -1.636685132980346680e-01 -4.888546094298362732e-02 -2.196983695030212402e-01 -3.032938390970230103e-02 -5.886477977037429810e-02 -5.433531850576400757e-02 -2.353174984455108643e-01 -1.579898297786712646e-01 1.235934346914291382e-01 2.409158051013946533e-01 -2.742565870285034180e-01 -2.578957192599773407e-02 -5.633084103465080261e-02 4.228064045310020447e-02 9.842192381620407104e-02 -4.037696868181228638e-03 -1.667449623346328735e-01 2.539252638816833496e-01 9.026850014925003052e-02
-1.511544138193130493e-01 2.556525468826293945e-01 5.695733055472373962e-02 8.402153849601745605e-02 9.899301826953887939e-02 3.502461314201354980e-02 1.399123370647430420e-01 4.313027486205101013e-02 1.201728358864784241e-01 -2.939478754997253418e-01 1.945523321628570557e-01 2.826142311096191406e-01 1.496406644582748413e-02 3.156023025512695312e-01 3.610190749168395996e-01 1.717380732297897339e-01 -4.898378998041152954e-02 -1.193077117204666138e-01 2.066613733768463135e-02 4.880056977272033691e-01 -3.353344649076461792e-02 3.360500931739807129e-01 -1.654711365699768066e-01 -1.715609133243560791e-01 3.619446158409118652e-01 -1.981963217258453369e-01 -2.433093637228012085e-01 -2.847419977188110352e-01 -1.769856959581375122e-01 3.695685863494873047e-01 -2.428698688745498657e-01 1.246390119194984436e-01
4.748786613345146179e-02 -4.474737867712974548e-02 -1.630618423223495483e-01 1.746175140142440796e-01 -2.179109007120132446e-01 6.590908765792846680e-02 -6.859848648309707642e-02 -9.158950299024581909e-03 2.975722849369049072e-01 -9.924080967903137207e-02 -8.884787559509277344e-02 -2.346364259719848633e-01 -2.242690473794937134e-01 -1.497895717620849609e-01 1.440183669328689575e-01 -2.531421557068824768e-02 -2.698653042316436768e-01 1.687430888414382935e-01 -1.498030871152877808e-01 -9.031590074300765991e-02 1.189337000250816345e-01 -9.683227539062500000e-02 1.483999788761138916e-01 -1.198327913880348206e-01 6.204114854335784912e-02 -1.292929351329803467e-01 1.292643845081329346e-01 2.403046339750289917e-01 3.263168036937713623e-04 1.072687879204750061e-01 1.971854567527770996e-01 -6.451883167028427124e-02
-2.211207151412963867e-01 -1.980480551719665527e-01 1.260720342397689819e-01 -2.262798845767974854e-01 -1.803842186927795410e-01 -4.116685688495635986e-01 -1.125385463237762451e-01 -8.570098131895065308e-02 1.944179832935333252e-01 1.456630825996398926e-01 -2.038614451885223389e-01 -1.858625710010528564e-01 4.187490344047546387e-01 -1.097076684236526489e-01 7.734576612710952759e-02 4.295609891414642334e-02 -1.737549901008605957e-01 1.164959371089935303e-01 2.190062105655670166e-01 -1.747893393039703369e-01 1.605484485626220703e-01 -9.561058878898620605e-02 2.480160146951675415e-01 -7.229398936033248901e-02 1.528691593557596207e-02 -3.007719814777374268e-01 2.557629644870758057e-01 3.857993483543395996e-01 -2.441940829157829285e-03 -1.869649738073348999e-01 3.032502532005310059e-02 2.739320099353790283e-01
1.171361133456230164e-01 1.272774636745452881e-01 3.171482980251312256e-01 2.800037264823913574e-01 -9.181755781173706055e-02 -1.553526818752288818e-01 -1.168828234076499939e-01 8.380550146102905273e-02 -2.541416287422180176e-01 4.535135626792907715e-02 -8.879296481609344482e-03 1.066808328032493591e-01 -8.996599912643432617e-02 7.019133120775222778e-02 1.120209619402885437e-01 4.078550264239311218e-02 -1.408137381076812744e-01 -5.714982748031616211e-03 8.990979194641113281e-02 1.169257387518882751e-01 -5.186572670936584473e-02 -3.919762372970581055e-02 -9.587284922599792480e-02 5.802861601114273071e-02 3.765792399644851685e-02 6.332921981811523438e-02 4.067197069525718689e-02 -2.663554549217224121e-01 -8.830624073743820190e-02 -3.541364073753356934e-01 -7.397350668907165527e-02 -4.279570281505584717e-02
2.047149091958999634e-01 1.093315258622169495e-01 3.291200399398803711e-01 -4.955157637596130371e-02 1.778167486190795898e-01 -1.135924085974693298e-01 7.154908031225204468e-03 -1.088058650493621826e-01 -2.849466502666473389e-01 4.025514721870422363e-01 -1.274012923240661621e-01 1.775110363960266113e-01 1.946635097265243530e-01 2.228145599365234375e-01 -3.143502473831176758e-01 -4.307379201054573059e-02 1.310437023639678955e-01 -1.496072858572006226e-03 3.905460983514785767e-02 -3.384033441543579102e-01 7.242896407842636108e-02 -3.830774500966072083e-02 1.169941201806068420e-02 -1.168199256062507629e-01 1.887026727199554443e-01 -2.331203222274780273e-01 3.615174591541290283e-01 -1.794712543487548828e-01 1.243387311697006226e-01 -1.667573750019073486e-01 7.506717741489410400e-02 9.543553739786148071e-02
2.602095007896423340e-01 1.244652345776557922e-01 4.942842572927474976e-02 5.032032355666160583e-02 -1.856392771005630493e-01 -2.641091942787170410e-01 -2.417407035827636719e-01 -2.733030915260314941e-01 -2.539182454347610474e-02 -7.680778205394744873e-02 1.884861290454864502e-02 1.426027417182922363e-01 -2.551552280783653259e-02 1.653905659914016724e-01 2.665432691574096680e-01 -1.050264835357666016e-01 -2.589751780033111572e-01 -7.958632707595825195e-02 3.052598983049392700e-02 5.766253918409347534e-02 8.293066173791885376e-02 2.030253857374191284e-01 2.878191471099853516e-01 -2.459776699542999268e-01 3.712880611419677734e-01 -3.546719551086425781e-01 2.563638091087341309e-01 -1.345558613538742065e-01 -9.251189976930618286e-02 3.921616673469543457e-01 1.849837005138397217e-01 2.442757487297058105e-01
1.589545980095863342e-02 2.527772486209869385e-01 1.829139143228530884e-01 -1.773926615715026855e-02 3.745834901928901672e-02 1.736677587032318115e-01 2.802122533321380615e-01 6.167988106608390808e-02 -9.441147744655609131e-02 -4.005324840545654297e-02 -5.046497285366058350e-02 3.729514777660369873e-03 -5.571157112717628479e-02 1.272302865982055664e-02 1.973136067390441895e-01 1.480629146099090576e-01 2.452457547187805176e-01 -8.271165192127227783e-02 -4.544701054692268372e-02 -2.707260288298130035e-02 -1.917688697576522827e-01 2.120264619588851929e-01 -2.585968375205993652e-02 -1.898908317089080811e-01 6.282527744770050049e-02 -1.486862897872924805e-01 -2.450443357229232788e-01 3.977127745747566223e-02 -7.865268737077713013e-02 -4.478053748607635498e-02 -1.437328457832336426e-01 -6.589473038911819458e-02
-2.773819267749786377e-01 -1.307930797338485718e-01 3.248430490493774414e-01 -3.855549097061157227e-01 -4.401958733797073364e-02 -5.447370409965515137e-01 -2.316497713327407837e-01 5.783762410283088684e-02 -1.690069437026977539e-01 2.003301531076431274e-01 -1.864608824253082275e-01 8.291778713464736938e-02 5.101902484893798828e-01 -1.128969490528106689e-01 -3.196332231163978577e-02 -4.996062442660331726e-02 -1.826982498168945312e-01 -9.618550539016723633e-04 5.100449323654174805e-01 -2.693804539740085602e-02 1.817604303359985352e-01 4.013147205114364624e-03 1.189847290515899658e-01 2.861644029617309570e-01 -3.309306800365447998e-01 1.630371958017349243e-01 5.259818956255912781e-02 1.892079412937164307e-01 -1.826287209987640381e-01 -5.134556889533996582e-01 -1.531134396791458130e-01 3.586890697479248047e-01
-1.266179047524929047e-02 3.029660880565643311e-01 -3.465442061424255371e-01 -3.191212415695190430e-01 2.957448363304138184e-02 2.967593818902969360e-02 -2.999281585216522217e-01 6.586307287216186523e-02 -2.731497883796691895e-01 7.605186104774475098e-02 -6.820756196975708008e-02 2.328739762306213379e-01 2.095238417387008667e-01 -1.900347471237182617e-01 -3.186936080455780029e-01 -3.436329364776611328e-01 -4.276344180107116699e-01 -3.479132354259490967e-01 -2.269575744867324829e-01 8.571467548608779907e-02 -2.252398729324340820e-01 1.227007508277893066e-01 -1.361435800790786743e-01 1.675760746002197266e-02 2.915315702557563782e-02 3.555244803428649902e-01 -1.496273875236511230e-01 4.473893344402313232e-01 -2.285435348749160767e-01 -3.467431664466857910e-02 2.126862108707427979e-01 3.669770061969757080e-01
3.082062304019927979e-01 1.809976696968078613e-01 3.259452879428863525e-01 4.616087079048156738e-01 -9.255692362785339355e-03 -3.112031519412994385e-02 -7.460436318069696426e-03 8.095268905162811279e-02 -2.666031569242477417e-02 2.221845537424087524e-01 1.400683969259262085e-01 1.127267852425575256e-01 7.308042049407958984e-02 1.286711394786834717e-01 -7.256899029016494751e-02 3.613248765468597412e-01 4.477762803435325623e-02 -1.988341100513935089e-02 -7.013408839702606201e-02 -2.668209373950958252e-01 2.249675244092941284e-02 -1.753386557102203369e-01 -8.164738118648529053e-02 -3.038511574268341064e-01 2.725894451141357422e-01 -4.030928313732147217e-01 8.997339010238647461e-02 -1.750541478395462036e-01 2.028847336769104004e-01 -2.136593908071517944e-01 -1.067536324262619019e-01 -1.582384705543518066e-01
