3.239592909812927246e-01 1.903347373008728027e-01 1.294537633657455444e-01 2.063551694154739380e-01 -9.466218948364257812e-02 -6.168670952320098877e-02 -1.370279192924499512e-01 -8.405722677707672119e-02 -1.732431352138519287e-01 -4.653298109769821167e-02 -2.436478435993194580e-02 4.666315764188766479e-02 -1.279521733522415161e-01 1.097354441881179810e-01 2.096412479877471924e-01 -4.550832882523536682e-02 -1.396737396717071533e-01 1.699236407876014709e-02 -3.698677569627761841e-02 1.885611191391944885e-02 -1.033999174833297729e-01 1.317109912633895874e-01 5.455669015645980835e-02 -1.993840634822845459e-01 2.518072128295898438e-01 -2.142983227968215942e-01 1.180359572172164917e-01 -1.591239422559738159e-01 -7.823944091796875000e-02 2.791419625282287598e-03 1.543292403221130371e-02 4.655402526259422302e-02
-6.052504479885101318e-02 1.109984144568443298e-01 -2.290706485509872437e-01 -2.033796608448028564e-01 1.178372576832771301e-01 8.076873421669006348e-02 -2.749160528182983398e-01 1.837221235036849976e-01 -7.984223961830139160e-02 -1.236155629158020020e-03 -2.904251217842102051e-03 2.565590441226959229e-01 2.045727819204330444e-01 -1.282801330089569092e-01 -2.543721199035644531e-01 -2.087093293666839600e-01 -3.884536325931549072e-01 -1.614943891763687134e-01 -2.308098077774047852e-01 2.808316797018051147e-02 -2.240870296955108643e-01 6.175122037529945374e-02 -1.669442653656005859e-01 1.478158235549926758e-01 -7.381653413176536560e-03 2.814492583274841309e-01 -2.228931635618209839e-01 4.532867074012756348e-01 -2.327127158641815186e-01 1.218874081969261169e-01 1.695964038372039795e-01 2.156182080507278442e-01
5.267658084630966187e-02 1.497741937637329102e-01 -5.954929813742637634e-02 -6.860414147377014160e-02 1.705117225646972656e-01 2.235148847103118896e-01 9.349624812602996826e-02 -1.408752202987670898e-01 -6.505909562110900879e-02 1.473824828863143921e-01 4.242286086082458496e-03 -3.981484100222587585e-02 -8.971962332725524902e-02 -4.078576341271400452e-02 -1.959942877292633057e-01 7.671575248241424561e-02 1.824433803558349609e-01 1.503186821937561035e-01 -1.464863568544387817e-01 -9.148593246936798096e-02 -2.126303911209106445e-01 -3.164143562316894531e-01 -1.661915034055709839e-01 -1.442508958280086517e-02 7.692509144544601440e-02 9.055167436599731445e-03 -1.533837616443634033e-01 -3.234140947461128235e-02 8.584836125373840332e-02 -1.962879151105880737e-01 -4.679333418607711792e-02 -5.494698137044906616e-02
3.456256166100502014e-02 8.050922304391860962e-02 1.053767949342727661e-01 -1.460164934396743774e-01 2.102917730808258057e-01 1.936011761426925659e-02 5.811385065317153931e-02 -1.265722364187240601e-01 -1.650994420051574707e-01 2.880974411964416504e-01 -3.190588951110839844e-02 1.327867209911346436e-01 2.015676647424697876e-01 1.062744408845901489e-01 -2.556292414665222168e-01 6.902081519365310669e-02 2.479974627494812012e-01 1.094004362821578979e-01 3.443281352519989014e-02 -1.606423854827880859e-01 -4.037894308567047119e-02 -1.837234646081924438e-01 -1.159491389989852905e-01 -2.291596308350563049e-02 1.272999942302703857e-01 -1.429309546947479248e-01 2.189088985323905945e-02 -7.380928099155426025e-02 1.809861660003662109e-01 -2.382694929838180542e-01 -1.222230121493339539e-01 6.599399447441101074e-02
1.428982913494110107e-01 3.632879257202148438e-01 2.075890637934207916e-02 -2.355742156505584717e-01 -7.148705422878265381e-02 -6.547769904136657715e-02 -3.487357497215270996e-02 -2.372734546661376953e-01 -2.584717273712158203e-01 7.692226767539978027e-02 -1.919469237327575684e-01 3.514555096626281738e-02 1.181223839521408081e-01 1.579651981592178345e-02 6.133615970611572266e-02 -1.205585151910781860e-01 2.813709899783134460e-02 -1.952341794967651367e-01 -8.299833536148071289e-02 -7.972225546836853027e-03 -1.478300392627716064e-01 2.998680770397186279e-01 6.288101524114608765e-02 -2.270021736621856689e-01 2.183195650577545166e-01 -1.810033172369003296e-01 -1.019348800182342529e-01 8.005832880735397339e-02 -1.012410074472427368e-01 1.327484846115112305e-03 1.885536313056945801e-02 2.862723767757415771e-01
-4.133341014385223389e-01 -1.089336350560188293e-02 -1.648407429456710815e-01 -6.301832795143127441e-01 5.744948983192443848e-01 -1.501172780990600586e-02 -2.221251837909221649e-03 -9.298211336135864258e-02 -4.325660318136215210e-02 -7.283717393875122070e-03 2.101765573024749756e-01 1.457406580448150635e-01 2.855917811393737793e-01 2.673197723925113678e-02 -1.775728613138198853e-01 -1.365392655134201050e-01 2.625541985034942627e-01 7.060477137565612793e-02 1.753885149955749512e-01 2.034343332052230835e-01 -7.882390916347503662e-02 -1.225622743368148804e-01 -8.658729493618011475e-02 2.311485111713409424e-01 -1.759954541921615601e-01 3.574174046516418457e-01 -3.431484699249267578e-01 -1.668756902217864990e-01 3.954700008034706116e-02 1.628319174051284790e-02 -2.155854552984237671e-01 1.341166794300079346e-01
1.970592886209487915e-01 2.155256569385528564e-01 1.509990096092224121e-01 -1.967478543519973755e-02 2.819100022315979004e-01 1.731778681278228760e-02 -3.953275829553604126e-02 -1.860171109437942505e-01 -2.690201699733734131e-01 2.405871897935867310e-01 2.689960598945617676e-02 1.989184916019439697e-01 1.320350319147109985e-01 2.282174378633499146e-01 -2.230557203292846680e-01 4.820622131228446960e-02 2.628056406974792480e-01 -1.262560300529003143e-02 -8.173853904008865356e-02 -1.267235577106475830e-01 -3.426655381917953491e-02 -9.049446135759353638e-02 -1.095299273729324341e-01 -1.486164331436157227e-01 3.126904368400573730e-01 -1.914127916097640991e-01 1.079233735799789429e-01 -3.432920277118682861e-01 1.801574677228927612e-01 7.656379044055938721e-02 5.191241204738616943e-02 4.339377954602241516e-02
7.709737122058868408e-02 3.693288564682006836e-01 -1.483748853206634521e-02 -4.063292443752288818e-01 -9.174974262714385986e-02 -1.814301609992980957e-01 -9.857511520385742188e-02 -3.716565668582916260e-01 -2.617759406566619873e-01 4.124867916107177734e-02 -2.228628098964691162e-01 8.127116411924362183e-02 2.192906588315963745e-01 5.765422061085700989e-02 9.767069667577743530e-02 -6.959603726863861084e-02 2.252551913261413574e-02 -2.995930910110473633e-01 -1.152750924229621887e-01 1.100772991776466370e-02 -8.921965956687927246e-02 4.387859702110290527e-01 8.061203360557556152e-02 -2.128401696681976318e-01 2.863869071006774902e-01 -2.988396286964416504e-01 -1.160639375448226929e-01 6.751415878534317017e-02 -1.220471113920211792e-01 1.324448883533477783e-01 -2.997156418859958649e-02 4.697000086307525635e-01
-4.984481930732727051e-01 6.374330818653106689e-02 -2.578320205211639404e-01 -2.864490747451782227e-01 2.951418757438659668e-01 1.367494016885757446e-01 1.704430133104324341e-01 2.023045346140861511e-02 1.076701208949089050e-01 -1.328637599945068359e-01 2.323761284351348877e-01 -2.081530392169952393e-01 5.971969664096832275e-02 5.648418888449668884e-02 -1.783505827188491821e-02 1.726128160953521729e-02 2.866321504116058350e-01 2.011129111051559448e-01 1.222190260887145996e-01 2.372313290834426880e-01 -1.816873848438262939e-01 -1.718598604202270508e-01 -1.104530841112136841e-01 -8.127849549055099487e-02 -1.671351492404937744e-04 8.941753208637237549e-02 -4.772970378398895264e-01 5.681931227445602417e-02 -3.548938781023025513e-03 3.597870469093322754e-03 -2.520098686218261719e-01 4.236162453889846802e-02
2.694772183895111084e-01 3.347679972648620605e-02 2.691553533077239990e-01 5.275545716285705566e-01 -9.559790790081024170e-02 -5.360108241438865662e-02 -3.625766932964324951e-02 9.220252931118011475e-02 2.134211063385009766e-01 1.093682497739791870e-01 2.488598376512527466e-01 5.487985163927078247e-02 8.990292251110076904e-02 1.499739736318588257e-01 8.732166886329650879e-02 5.184795856475830078e-01 3.121025860309600830e-03 -3.064251504838466644e-02 -8.970241248607635498e-02 -2.129860520362854004e-01 1.273488700389862061e-01 -1.615423262119293213e-01 -9.303224086761474609e-02 -3.931045830249786377e-01 3.524164855480194092e-01 -5.676491260528564453e-01 1.164093017578125000e-01 -5.284300446510314941e-02 2.706741392612457275e-01 -1.407663226127624512e-01 -1.914587765932083130e-01 -1.497415155172348022e-01
2.465894818305969238e-01 1.151677295565605164e-01 1.734641045331954956e-01 4.155940115451812744e-01 -5.503019690513610840e-02 3.201986104249954224e-02 -8.042426779866218567e-03 5.736818537116050720e-02 -1.698169708251953125e-01 1.998630166053771973e-02 3.847128525376319885e-02 -1.152060925960540771e-01 -2.438283562660217285e-01 -5.302684381604194641e-02 5.911109596490859985e-02 1.432621851563453674e-02 -3.500302881002426147e-02 5.343705788254737854e-02 -1.032735705375671387e-01 -5.989658087491989136e-02 -7.517649233341217041e-02 -5.081216990947723389e-02 1.434203237295150757e-02 -4.444461315870285034e-02 -1.628858037292957306e-02 4.407355561852455139e-03 1.775528341531753540e-01 -1.796212494373321533e-01 -1.222379878163337708e-02 -3.304548263549804688e-01 1.027372181415557861e-01 -2.141758203506469727e-01
-1.547486521303653717e-02 1.567065119743347168e-01 -3.226328194141387939e-01 -1.851093918085098267e-01 5.033174157142639160e-02 6.369893252849578857e-02 -3.074584305286407471e-01 1.723052263259887695e-01 -8.848010748624801636e-02 6.440357863903045654e-02 -2.076070755720138550e-02 1.625694036483764648e-01 1.200723052024841309e-01 -2.021878808736801147e-01 -3.408229053020477295e-01 -3.136256933212280273e-01 -4.438117742538452148e-01 -1.885682344436645508e-01 -2.181026190519332886e-01 -3.713496029376983643e-02 -1.594267487525939941e-01 4.039997234940528870e-02 -7.348737120628356934e-02 1.145225539803504944e-01 -1.982136256992816925e-02 3.335465490818023682e-01 -9.172735363245010376e-02 4.940857589244842529e-01 -1.962615549564361572e-01 5.446173250675201416e-03 3.081485331058502197e-01 2.210028320550918579e-01
2.291747927665710449e-01 3.068828582763671875e-01 -1.099956035614013672e-01 1.557260379195213318e-02 -1.390028744935989380e-02 1.972521543502807617e-01 4.607342183589935303e-02 -3.526429086923599243e-02 -4.932924360036849976e-02 5.834101140499114990e-02 -7.664002478122711182e-02 6.728904694318771362e-02 -1.762907207012176514e-01 -1.381754279136657715e-01 -1.488239318132400513e-02 -2.084429562091827393e-01 -5.993824452161788940e-02 -1.775956004858016968e-01 -2.250812351703643799e-01 -7.004632055759429932e-02 -2.109070122241973877e-01 2.038642615079879761e-01 1.890676915645599365e-01 -3.015249669551849365e-01 3.780957311391830444e-02 2.875507995486259460e-02 -4.794552177190780640e-02 1.736821830272674561e-01 -1.162718236446380615e-01 7.013500481843948364e-02 2.146910429000854492e-01 8.667103201150894165e-02
2.379156202077865601e-01 2.764880657196044922e-01 1.444516777992248535e-01 -7.458937168121337891e-02 -1.374830603599548340e-01 -2.103561013936996460e-01 -1.330122053623199463e-01 -2.270793467760086060e-01 -2.091614603996276855e-01 1.078045070171356201e-01 -7.884487509727478027e-02 -1.054535061120986938e-02 -2.672101929783821106e-02 9.920301288366317749e-02 1.677722334861755371e-01 -6.246737763285636902e-02 -9.278454631567001343e-02 -1.165750771760940552e-01 -2.282032743096351624e-02 -5.077444761991500854e-02 -8.098734170198440552e-02 2.810169458389282227e-01 2.201656550168991089e-01 -2.669438421726226807e-01 2.777579724788665771e-01 -3.453491032123565674e-01 1.132709234952926636e-01 -6.011841818690299988e-02 -1.047327965497970581e-01 8.862475305795669556e-02 5.732446908950805664e-02 2.423728108406066895e-01
-1.124810948967933655e-01 -1.345604658126831055e-01 -7.938340306282043457e-02 -3.599865734577178955e-02 5.200508609414100647e-02 7.817961275577545166e-02 -1.078111752867698669e-01 1.790316104888916016e-01 1.851150393486022949e-01 -1.225684583187103271e-02 2.123967930674552917e-02 1.643975824117660522e-02 2.174140661954879761e-01 -1.155343502759933472e-01 -2.254175543785095215e-01 -7.141211628913879395e-02 -1.135384663939476013e-01 1.307969540357589722e-02 -1.016372442245483398e-01 -1.027038246393203735e-01 2.187591046094894409e-02 -3.812510520219802856e-03 7.267065346240997314e-03 1.575618684291839600e-01 -5.942239612340927124e-02 7.422743737697601318e-02 -1.337358951568603516e-01 3.466840982437133789e-01 -1.604858189821243286e-01 1.708977818489074707e-01 1.860794574022293091e-01 6.599035114049911499e-02
1.827687323093414307e-01 1.499272286891937256e-01 2.134547978639602661e-01 3.034948706626892090e-01 -2.807977050542831421e-02 2.622130513191223145e-02 5.688155442476272583e-02 1.369969993829727173e-01 -2.397995293140411377e-01 -5.931406468152999878e-02 -2.836340665817260742e-02 -9.628005325794219971e-02 -1.776383817195892334e-01 4.983648657798767090e-03 1.220792308449745178e-01 8.922854810953140259e-02 2.128145098686218262e-02 3.594735637307167053e-02 -6.828567385673522949e-02 6.487295031547546387e-02 -1.564201414585113525e-01 3.196888044476509094e-02 -7.892066240310668945e-02 -5.619736388325691223e-02 6.210034340620040894e-02 -1.139829754829406738e-01 3.840794041752815247e-02 -1.572847813367843628e-01 -1.408157050609588623e-01 -2.805188894271850586e-01 -1.160585284233093262e-01 -1.605439633131027222e-01
6.983933970332145691e-03 3.752161264419555664e-01 -2.093085646629333496e-02 -4.096124172210693359e-01 -3.336846828460693359e-03 -7.904930412769317627e-02 7.319463789463043213e-02 -2.150875478982925415e-01 -2.655359804630279541e-01 3.870052099227905273e-02 -2.006139755249023438e-01 3.871352970600128174e-02 1.894696801900863647e-01 3.743016347289085388e-02 6.808368861675262451e-02 -1.844424381852149963e-02 1.094753742218017578e-01 -2.757520675659179688e-01 -1.228471174836158752e-01 4.550167545676231384e-02 -1.373618841171264648e-01 4.228686392307281494e-01 -2.340117841958999634e-02 -1.867930889129638672e-01 2.014735788106918335e-01 -2.058479189872741699e-01 -2.430129647254943848e-01 1.190228611230850220e-01 -1.088744699954986572e-01 -2.057308703660964966e-02 -1.441228687763214111e-01 3.898080587387084961e-01
1.279890388250350952e-01 1.380198299884796143e-01 1.952168643474578857e-01 2.904355823993682861e-01 1.691033318638801575e-02 5.224579572677612305e-02 4.555926471948623657e-02 9.123054146766662598e-02 -1.092489212751388550e-01 -2.682469189167022705e-01 8.532575517892837524e-02 1.458449959754943848e-01 -2.006258368492126465e-01 1.626130789518356323e-01 2.969385385513305664e-01 1.497200429439544678e-01 -5.403444916009902954e-02 -1.504181884229183197e-02 -5.225875973701477051e-02 2.964007258415222168e-01 -1.399551033973693848e-01 1.718559712171554565e-01 -1.060197502374649048e-01 -9.263871610164642334e-02 2.434207648038864136e-01 -1.409307122230529785e-01 -7.997484505176544189e-02 -3.082404434680938721e-01 -1.949054449796676636e-01 2.608541399240493774e-02 -2.375911325216293335e-01 -1.162581145763397217e-01
-4.454338550567626953e-02 3.000673949718475342e-01 -2.992823719978332520e-01 -4.101081490516662598e-01 4.236272722482681274e-02 1.450295001268386841e-02 -2.199664711952209473e-01 6.441497802734375000e-02 -2.768105566501617432e-01 3.233151137828826904e-02 -9.825730323791503906e-02 2.350025177001953125e-01 2.535862326622009277e-01 -1.372088789939880371e-01 -2.487448006868362427e-01 -2.550832331180572510e-01 -3.342642188072204590e-01 -3.622823357582092285e-01 -2.380910217761993408e-01 1.233179569244384766e-01 -2.233302295207977295e-01 2.127505391836166382e-01 -1.747117042541503906e-01 1.273404061794281006e-02 6.688985228538513184e-02 2.566396594047546387e-01 -2.620279490947723389e-01 4.189133048057556152e-01 -2.384882122278213501e-01 4.520416259765625000e-04 9.351393580436706543e-02 4.089047908782958984e-01
2.876847088336944580e-01 1.417127847671508789e-01 1.299949586391448975e-01 4.600228965282440186e-01 -7.971367239952087402e-02 1.123953014612197876e-01 2.921033464372158051e-02 3.227371349930763245e-02 1.539394259452819824e-01 1.010694056749343872e-01 1.724777519702911377e-01 1.846914738416671753e-02 -8.005207777023315430e-02 8.101846277713775635e-02 4.442412406206130981e-02 4.050470292568206787e-01 3.312132135033607483e-02 -1.964013278484344482e-02 -2.298164516687393188e-01 -1.812136024236679077e-01 1.290789991617202759e-02 -2.238795161247253418e-01 -1.071419715881347656e-01 -2.932729721069335938e-01 3.291995227336883545e-01 -4.096493422985076904e-01 4.878671839833259583e-02 -7.053125649690628052e-02 1.826284974813461304e-01 -5.854144692420959473e-02 -5.994195491075515747e-02 -1.894299685955047607e-01
7.532654702663421631e-02 1.255359351634979248e-01 -2.269705682992935181e-01 -1.010341197252273560e-01 5.380544438958168030e-02 1.674972474575042725e-01 -1.543242782354354858e-01 1.560445874929428101e-01 -3.802811354398727417e-02 2.741778641939163208e-02 -3.898348659276962280e-02 1.369359195232391357e-01 4.057772457599639893e-03 -1.864622980356216431e-01 -2.232638448476791382e-01 -2.211614549160003662e-01 -2.601328492164611816e-01 -1.787438392639160156e-01 -2.425189018249511719e-01 -7.194753736257553101e-02 -1.574679911136627197e-01 8.790470659732818604e-02 -2.073079347610473633e-03 -1.820005476474761963e-02 -4.615996032953262329e-02 2.271376252174377441e-01 -1.216246783733367920e-01 4.099450707435607910e-01 -2.066657692193984985e-01 -3.929138183593750000e-03 1.817532032728195190e-01 1.491548717021942139e-01
-1.717759221792221069e-01 1.563188135623931885e-01 -2.188081294298171997e-01 -4.107972085475921631e-01 1.993867903947830200e-01 1.063410788774490356e-01 -1.950878351926803589e-01 1.136597990989685059e-01 -1.766704618930816650e-01 -9.983904659748077393e-02 -2.732117474079132080e-02 4.194466173648834229e-01 2.933916449546813965e-01 2.880566753447055817e-02 -1.669689565896987915e-01 -8.703167736530303955e-02 -3.140402138233184814e-01 -2.850771844387054443e-01 -2.829297780990600586e-01 2.250629514455795288e-01 -2.277845144271850586e-01 1.369155943393707275e-01 -3.536881804466247559e-01 6.302278488874435425e-02 1.008693650364875793e-01 2.595744729042053223e-01 -3.592771291732788086e-01 4.420060813426971436e-01 -3.117573261260986328e-01 2.307129204273223877e-01 -6.942026317119598389e-02 3.161108493804931641e-01
7.478423416614532471e-02 3.859889507293701172e-01 -1.382922083139419556e-01 -4.133745729923248291e-01 -7.718136906623840332e-02 -7.424116879701614380e-02 -9.003851562738418579e-02 -2.954804897308349609e-01 -1.867092996835708618e-01 7.812587916851043701e-02 -1.608628183603286743e-01 2.258383035659790039e-01 1.585749685764312744e-01 -1.590832695364952087e-02 -3.535852208733558655e-02 -2.040027976036071777e-01 -9.801141172647476196e-02 -3.729485571384429932e-01 -1.472855359315872192e-01 4.411343112587928772e-02 -1.716915667057037354e-01 3.695953488349914551e-01 5.650008842349052429e-02 -2.682031989097595215e-01 2.327211052179336548e-01 -5.399323254823684692e-02 -1.142023950815200806e-01 1.619756072759628296e-01 -1.180599331855773926e-01 1.906012445688247681e-01 1.369800567626953125e-01 4.738584756851196289e-01
1.074466258287429810e-01 3.278939425945281982e-01 -1.916496306657791138e-01 -3.719951808452606201e-01 -5.103711783885955811e-02 -2.426230162382125854e-02 -1.537212133407592773e-01 -9.884086251258850098e-02 -3.326184153556823730e-01 1.148659437894821167e-01 -2.008670568466186523e-01 6.232110410928726196e-02 1.104460954666137695e-01 -1.509763598442077637e-01 -2.099041193723678589e-01 -2.446074783802032471e-01 -1.866029798984527588e-01 -3.263727426528930664e-01 -1.790891289710998535e-01 -5.338033288717269897e-02 -1.815439760684967041e-01 2.082112282514572144e-01 3.512722253799438477e-02 -1.330552697181701660e-01 2.727200463414192200e-02 7.777515053749084473e-02 -1.157770901918411255e-01 3.190096616744995117e-01 -1.325563043355941772e-01 -1.118822097778320312e-01 9.903226792812347412e-02 3.813237845897674561e-01
2.057030498981475830e-01 2.696935534477233887e-01 1.906712204217910767e-01 1.017906218767166138e-01 -1.110545694828033447e-01 -9.940916299819946289e-02 -1.029191315174102783e-01 -3.741058707237243652e-02 -2.611840069293975830e-01 1.043206304311752319e-01 -1.301307529211044312e-01 -6.667608767747879028e-02 -5.768550559878349304e-02 4.006881266832351685e-03 1.062455698847770691e-01 -7.206830382347106934e-02 -7.429575175046920776e-02 -1.573811098933219910e-02 -1.763674989342689514e-02 -8.725704625248908997e-03 -1.294362545013427734e-01 1.516169756650924683e-01 7.867343723773956299e-02 -1.778052151203155518e-01 1.346350610256195068e-01 -2.182784527540206909e-01 8.354151248931884766e-02 -4.417133331298828125e-02 -1.457016766071319580e-01 -1.695761531591415405e-01 -6.746951490640640259e-03 1.059994176030158997e-01
5.467318743467330933e-02 1.671909689903259277e-01 -1.405342668294906616e-01 -1.356538850814104080e-02 8.825166523456573486e-02 1.809817850589752197e-01 -8.392540365457534790e-02 1.877021938562393188e-01 -2.630841359496116638e-02 -1.864787936210632324e-02 3.780066594481468201e-02 1.700237989425659180e-01 9.015105664730072021e-03 -1.328948438167572021e-01 -1.068403422832489014e-01 -1.238613426685333252e-01 -2.181950807571411133e-01 -1.418239474296569824e-01 -2.258014231920242310e-01 -1.229269243776798248e-02 -2.645095884799957275e-01 1.185580641031265259e-01 -1.977337151765823364e-02 -2.716910839080810547e-02 -1.644169911742210388e-03 1.684474200010299683e-01 -1.914391070604324341e-01 2.819060981273651123e-01 -1.827497035264968872e-01 1.095807924866676331e-01 2.020052373409271240e-01 2.072875387966632843e-02
-1.171040162444114685e-01 1.002619341015815735e-01 -1.199147850275039673e-01 1.740989387035369873e-01 1.906161010265350342e-02 1.532498449087142944e-01 6.311929970979690552e-02 -1.917039230465888977e-02 1.999353468418121338e-01 -1.086486876010894775e-02 1.306581944227218628e-01 -1.387345939874649048e-01 -3.957483172416687012e-02 -9.148527681827545166e-02 -1.999322324991226196e-03 2.386829704046249390e-01 1.258286237716674805e-01 1.733651906251907349e-01 -1.025230437517166138e-01 2.250226773321628571e-02 -9.142292290925979614e-02 -2.435563057661056519e-01 -1.118955612182617188e-01 -1.443134993314743042e-01 1.951760947704315186e-01 -2.262951135635375977e-01 -2.005618959665298462e-01 5.660706385970115662e-02 1.000752896070480347e-01 -9.255108237266540527e-02 -1.385954320430755615e-01 -9.466774016618728638e-02
-3.305213898420333862e-02 -1.522750407457351685e-02 -1.184922605752944946e-01 -6.529678404331207275e-02 7.883953303098678589e-02 1.838935911655426025e-01 9.001941233873367310e-02 -4.421496763825416565e-02 9.827885776758193970e-02 1.010110825300216675e-01 1.206781715154647827e-02 -1.611526012420654297e-01 -1.293005496263504028e-01 -8.783733844757080078e-02 -8.566075563430786133e-02 9.718637913465499878e-03 5.270486325025558472e-02 1.652440726757049561e-01 -1.549930125474929810e-01 -1.095613464713096619e-01 -1.677959263324737549e-01 -2.729877531528472900e-01 -3.253989666700363159e-02 -3.291090577840805054e-02 4.183180257678031921e-02 4.273720458149909973e-02 -7.777471840381622314e-02 1.380775123834609985e-01 3.545962646603584290e-02 -1.769262999296188354e-01 6.988171488046646118e-03 -5.692192167043685913e-02
2.817619740962982178e-01 9.330900758504867554e-02 3.671600222587585449e-01 4.673247933387756348e-01 8.307609707117080688e-03 -7.045406103134155273e-02 -5.038343369960784912e-04 7.281692326068878174e-02 3.812818974256515503e-02 1.725466996431350708e-01 2.803204059600830078e-01 1.087723299860954285e-01 1.734507232904434204e-01 2.126313745975494385e-01 1.199086569249629974e-02 4.838668406009674072e-01 1.053514108061790466e-01 -1.858250796794891357e-02 -5.721770226955413818e-02 -2.332300543785095215e-01 5.956684798002243042e-02 -1.440880149602890015e-01 -1.291474699974060059e-01 -3.734946846961975098e-01 3.274686634540557861e-01 -5.153521895408630371e-01 6.955622136592864990e-02 -1.764198541641235352e-01 2.627665102481842041e-01 -2.165518850088119507e-01 -2.198781818151473999e-01 -1.193982064723968506e-01
-3.726468980312347412e-02 -5.823720991611480713e-02 -1.817039847373962402e-01 -3.492690920829772949e-01 1.417905092239379883e-01 6.623774766921997070e-02 -1.446856372058391571e-02 -1.634783744812011719e-01 -9.665111452341079712e-02 2.003806382417678833e-01 -4.645448178052902222e-02 2.753361314535140991e-02 -2.894085645675659180e-02 -1.355187594890594482e-01 -2.148781120777130127e-01 -2.417427003383636475e-01 2.045278251171112061e-02 1.870443969964981079e-01 3.240611404180526733e-03 -1.766620203852653503e-03 -2.036721631884574890e-02 -1.306476891040802002e-01 2.665210142731666565e-02 2.993299067020416260e-01 -1.455848217010498047e-01 3.021101057529449463e-01 2.066315338015556335e-02 2.276113443076610565e-02 1.456201449036598206e-02 -8.967319130897521973e-02 1.818885356187820435e-01 1.285793185234069824e-01
1.686076372861862183e-01 2.079347074031829834e-01 2.833777368068695068e-01 1.961495131254196167e-01 -9.875093400478363037e-02 -1.687425374984741211e-01 -1.405625045299530029e-01 2.376729622483253479e-02 -2.483775317668914795e-01 1.664731651544570923e-01 -1.896415650844573975e-02 -3.354981541633605957e-03 -7.837988436222076416e-02 1.071665212512016296e-01 1.348074525594711304e-01 -2.275652065873146057e-02 -2.023188769817352295e-01 -1.277117244899272919e-02 4.252614825963973999e-02 -4.018930345773696899e-02 -2.063522338867187500e-01 1.134215593338012695e-01 -5.604296922683715820e-03 -9.794884175062179565e-02 1.544481217861175537e-01 -1.887275278568267822e-01 1.329520642757415771e-01 -1.685866415500640869e-01 -9.262540191411972046e-02 -1.898953467607498169e-01 -8.127167820930480957e-04 8.577246218919754028e-02
-1.640384495258331299e-01 -8.279465138912200928e-02 2.413402050733566284e-01 -1.264387965202331543e-01 4.365053027868270874e-02 -2.471123039722442627e-01 1.632222682237625122e-01 3.155826404690742493e-02 -1.675871312618255615e-01 1.009806096553802490e-01 3.138013184070587158e-03 -1.830226927995681763e-01 2.715553641319274902e-01 1.619367301464080811e-01 -7.040039449930191040e-02 2.673808336257934570e-01 3.043221533298492432e-01 3.191803768277168274e-02 1.865568608045578003e-01 -4.067467153072357178e-02 1.206652298569679260e-01 -9.077443927526473999e-02 -2.071178406476974487e-01 9.639591723680496216e-02 -4.308801144361495972e-02 -4.430919885635375977e-02 8.002445101737976074e-02 -1.225363016128540039e-01 1.861156076192855835e-01 -4.765955805778503418e-01 -1.895492821931838989e-01 2.273304574191570282e-02
-8.209109306335449219e-02 -2.877435646951198578e-02 -1.763659864664077759e-01 7.595364004373550415e-04 1.048473343253135681e-01 2.360441684722900391e-01 8.201988786458969116e-02 -2.118770405650138855e-02 2.279250919818878174e-01 -5.451396480202674866e-02 1.670601963996887207e-01 -2.126917839050292969e-01 -1.275032162666320801e-01 -5.348308011889457703e-02 -9.997695684432983398e-03 1.100807785987854004e-01 6.945687532424926758e-02 1.737397015094757080e-01 -1.356233060359954834e-01 -3.319822996854782104e-02 -1.074117720127105713e-01 -2.626651823520660400e-01 -6.076312065124511719e-02 -1.144396141171455383e-01 1.035693064332008362e-01 -6.450016796588897705e-02 -1.556122899055480957e-01 9.623654186725616455e-02 1.123020499944686890e-01 -3.486525267362594604e-02 -3.483808413147926331e-02 -1.610694378614425659e-01
-5.350208282470703125e-01 -2.115485966205596924e-01 -7.995267212390899658e-02 -2.948074936866760254e-01 -1.739098876714706421e-02 -2.910497486591339111e-01 1.207994855940341949e-02 -8.702695369720458984e-02 2.870610654354095459e-01 -1.822573840618133545e-01 1.457865983247756958e-01 -2.707403302192687988e-01 5.735654830932617188e-01 6.546808779239654541e-02 1.352783590555191040e-01 2.094053030014038086e-01 2.363401949405670166e-01 1.454476565122604370e-01 3.636322915554046631e-01 8.734574913978576660e-02 1.423713266849517822e-01 1.411262005567550659e-01 1.303761005401611328e-01 -1.302986443042755127e-01 1.016570255160331726e-01 -3.511123359203338623e-01 -1.097251661121845245e-02 3.103042244911193848e-01 1.408107280731201172e-01 -4.433598369359970093e-02 -3.074223995208740234e-01 3.711050748825073242e-01
-3.526501357555389404e-03 7.509509474039077759e-02 -1.720767468214035034e-03 -2.648813128471374512e-01 2.559688687324523926e-01 5.891129374504089355e-02 6.604968011379241943e-02 -1.827134341001510620e-01 -9.939157217741012573e-02 2.617903351783752441e-01 -1.464251577854156494e-01 9.205401688814163208e-02 1.196268200874328613e-01 1.204931735992431641e-02 -2.558890581130981445e-01 -2.802478894591331482e-02 2.197838127613067627e-01 1.236700564622879028e-01 -4.778533801436424255e-02 -1.998904496431350708e-01 -1.203610524535179138e-01 -2.422595173120498657e-01 -9.585863351821899414e-02 5.077117681503295898e-02 1.103032603859901428e-01 -3.575015440583229065e-02 6.175785139203071594e-02 2.663481608033180237e-02 1.144746840000152588e-01 -1.965330988168716431e-01 -2.929344214498996735e-02 6.207380816340446472e-02
2.209095954895019531e-01 -1.066218316555023193e-02 -1.509100645780563354e-01 9.496463835239410400e-02 -4.176346212625503540e-02 2.652779817581176758e-01 1.210715621709823608e-02 -2.275641635060310364e-02 1.062779352068901062e-01 9.369777143001556396e-02 -3.358303755521774292e-02 -1.120465546846389771e-01 -3.029261827468872070e-01 -1.762071847915649414e-01 -8.707947283983230591e-02 -4.583838954567909241e-02 -7.025740295648574829e-02 1.475203782320022583e-01 -2.394614368677139282e-01 -2.098550498485565186e-01 -1.506168246269226074e-01 -2.855572700500488281e-01 -1.421134173870086670e-02 6.537642329931259155e-02 1.761861518025398254e-02 8.836872875690460205e-02 6.829200685024261475e-02 1.120529398322105408e-01 1.450349241495132446e-01 -1.024494618177413940e-01 1.320334970951080322e-01 -1.259265840053558350e-01
4.152060300111770630e-02 -8.822301030158996582e-02 -1.618937253952026367e-01 -2.112141400575637817e-01 1.451119184494018555e-01 2.343296706676483154e-01 6.134561449289321899e-02 -1.728374511003494263e-02 4.775966703891754150e-02 2.045811265707015991e-01 -5.430139601230621338e-02 -5.207246541976928711e-02 -1.985400915145874023e-01 -1.215289980173110962e-01 -1.806856244802474976e-01 -1.886299848556518555e-01 -1.471974700689315796e-02 1.551123261451721191e-01 -1.209058910608291626e-01 -1.706084907054901123e-01 -1.277199685573577881e-01 -2.609425485134124756e-01 -2.259954065084457397e-02 8.954220265150070190e-02 -1.474338769912719727e-01 3.111183941364288330e-01 2.817639335989952087e-02 1.777008324861526489e-01 1.111235469579696655e-01 -1.766963452100753784e-01 1.156117618083953857e-01 -5.658872425556182861e-02
-2.072997540235519409e-01 -1.516636461019515991e-01 -2.370624989271163940e-01 -7.996946573257446289e-02 -1.398700922727584839e-01 -5.529601871967315674e-02 -2.293063886463642120e-02 -6.788978725671768188e-02 3.690209686756134033e-01 -2.244268059730529785e-01 1.770670115947723389e-01 -2.420743107795715332e-01 -3.352031111717224121e-03 7.019184529781341553e-02 2.269339114427566528e-01 -4.457413777709007263e-02 -8.159592002630233765e-02 1.207540333271026611e-01 -2.861756458878517151e-02 2.226203083992004395e-01 7.760602980852127075e-02 2.011035829782485962e-01 1.776025444269180298e-01 -1.428574621677398682e-01 5.914875119924545288e-02 -1.379959732294082642e-01 4.090445116162300110e-02 2.014685571193695068e-01 -8.778706192970275879e-02 2.111222892999649048e-01 2.655691653490066528e-02 2.216014415025711060e-01
-2.796111814677715302e-02 1.604667901992797852e-01 -9.647811949253082275e-02 -1.838153004646301270e-01 9.268344938755035400e-02 1.621614843606948853e-01 -2.142812311649322510e-02 1.419047564268112183e-01 -6.645929068326950073e-02 -3.401680663228034973e-02 -6.059180200099945068e-02 2.406212389469146729e-01 7.376182079315185547e-02 -7.971161603927612305e-02 -7.026983052492141724e-02 -4.358946159482002258e-02 -1.019966825842857361e-01 -2.048181742429733276e-01 -2.469903826713562012e-01 2.963546849787235260e-02 -2.467916905879974365e-01 1.713716089725494385e-01 -1.073100119829177856e-01 -3.302548080682754517e-02 -1.497599668800830841e-02 1.128130406141281128e-01 -3.072803914546966553e-01 3.107606470584869385e-01 -2.250589430332183838e-01 1.306664049625396729e-01 -3.191046416759490967e-02 1.592737883329391479e-01
-5.879200994968414307e-02 -9.521856904029846191e-02 4.711085557937622070e-02 -6.883349269628524780e-04 -1.153095066547393799e-01 -7.318183779716491699e-03 1.934387348592281342e-02 -1.175726950168609619e-02 1.571954488754272461e-01 1.262278407812118530e-01 -1.414397805929183960e-01 -9.939622879028320312e-02 1.348274499177932739e-01 -1.136391311883926392e-01 -3.362363576889038086e-02 1.703629493713378906e-01 -2.489673346281051636e-02 1.258093565702438354e-01 4.283160716295242310e-02 -2.265031486749649048e-01 -1.031761243939399719e-02 -2.398920506238937378e-01 1.227100566029548645e-02 -4.119839519262313843e-02 1.072801053524017334e-01 -2.120548635721206665e-01 8.853574097156524658e-02 3.240002989768981934e-01 1.361017376184463501e-01 -3.320867419242858887e-01 -1.436713635921478271e-01 3.617890551686286926e-02
1.102178171277046204e-02 -5.966909974813461304e-02 1.596672385931015015e-01 1.395080387592315674e-01 8.940797299146652222e-02 -9.909594058990478516e-02 -3.135799616575241089e-02 -1.724308915436267853e-02 -4.316767305135726929e-02 -1.175490394234657288e-01 1.277617365121841431e-01 2.548954635858535767e-02 1.674572378396987915e-02 9.498821198940277100e-02 1.496703363955020905e-02 2.889952361583709717e-01 2.263091504573822021e-01 3.199245408177375793e-02 5.301082134246826172e-02 1.726832091808319092e-01 2.808585762977600098e-03 -1.288097947835922241e-01 -1.962559670209884644e-01 1.887698769569396973e-01 1.788215637207031250e-01 5.203890427947044373e-02 1.708671599626541138e-01 -3.875139653682708740e-01 1.737916171550750732e-01 -5.115257203578948975e-02 -4.841067269444465637e-02 -6.549917906522750854e-02
1.511124521493911743e-02 -1.312747895717620850e-01 2.092966884374618530e-01 3.764814436435699463e-01 -1.388265490531921387e-01 -1.965152323246002197e-01 -1.028559207916259766e-01 2.318817004561424255e-02 3.822630941867828369e-01 -5.485704541206359863e-02 2.270746976137161255e-01 -1.191546022891998291e-02 3.722956776618957520e-01 1.462983489036560059e-01 1.889605820178985596e-01 5.973095297813415527e-01 7.683534920215606689e-02 2.311619743704795837e-02 1.501771062612533569e-01 -1.276022195816040039e-01 2.768993079662322998e-01 -7.438250631093978882e-02 -1.414842903614044189e-03 -4.145663082599639893e-01 4.355147480964660645e-01 -7.487652897834777832e-01 2.011960595846176147e-01 8.587392419576644897e-02 3.362824320793151855e-01 -7.207530736923217773e-02 -2.867544591426849365e-01 7.912906259298324585e-02
-3.985173255205154419e-02 1.430627703666687012e-01 -1.463007628917694092e-01 -2.440394014120101929e-01 1.036940217018127441e-01 1.409950554370880127e-01 -9.032101929187774658e-02 1.789721101522445679e-01 -1.159381717443466187e-01 -3.294213488698005676e-02 -5.087801814079284668e-02 2.016968131065368652e-01 1.553547382354736328e-01 -1.224282085895538330e-01 -1.621122062206268311e-01 -1.152514368295669556e-01 -2.047311663627624512e-01 -2.244852930307388306e-01 -2.089811712503433228e-01 2.583493292331695557e-02 -2.271139025688171387e-01 1.370198875665664673e-01 -1.565724015235900879e-01 2.023905515670776367e-03 -8.319178596138954163e-03 1.791098713874816895e-01 -2.862904071807861328e-01 3.842042088508605957e-01 -2.275624871253967285e-01 2.619452401995658875e-02 1.022082567214965820e-02 1.659307777881622314e-01
2.824425995349884033e-01 -9.092541038990020752e-02 1.145982295274734497e-01 2.183582484722137451e-01 -2.810810208320617676e-01 -1.221369057893753052e-01 -3.875043690204620361e-01 7.790423929691314697e-02 -2.712160348892211914e-03 -9.301457554101943970e-02 -1.118976771831512451e-01 1.043919548392295837e-01 -1.814040094614028931e-01 -5.490920320153236389e-02 1.511968374252319336e-01 -2.082116901874542236e-01 -5.962073206901550293e-01 -2.466820180416107178e-02 -1.215832754969596863e-01 1.137929335236549377e-01 1.031632944941520691e-01 3.629240766167640686e-02 1.820702999830245972e-01 1.647520363330841064e-01 -6.556449085474014282e-02 1.003135442733764648e-01 3.050419092178344727e-01 8.258850127458572388e-02 -3.130507469177246094e-01 -2.942464500665664673e-02 1.698284745216369629e-01 5.799882113933563232e-02
3.094726502895355225e-01 2.018147706985473633e-01 4.364959299564361572e-01 1.287863999605178833e-01 2.334181517362594604e-01 -2.261157333850860596e-01 -6.359732896089553833e-02 -1.185251176357269287e-01 -3.870786130428314209e-01 3.723690509796142578e-01 1.517730653285980225e-01 3.505785763263702393e-01 3.103027343750000000e-01 4.221192300319671631e-01 -2.265559583902359009e-01 1.255228221416473389e-01 2.577548325061798096e-01 -7.841026782989501953e-02 3.373508900403976440e-02 -1.948145180940628052e-01 1.065195575356483459e-01 1.196030229330062866e-01 -4.631973803043365479e-02 -3.203881382942199707e-01 4.024334251880645752e-01 -4.218024015426635742e-01 2.567767500877380371e-01 -5.144733786582946777e-01 2.782498598098754883e-01 2.927386760711669922e-02 -2.040917612612247467e-02 1.412498950958251953e-01
-9.459687024354934692e-02 -7.337702810764312744e-02 -1.996472775936126709e-01 -4.490333795547485352e-02 1.401475369930267334e-01 1.954199969768524170e-01 -2.371727228164672852e-01 1.966326683759689331e-01 1.529876291751861572e-01 -1.406787633895874023e-01 4.604510590434074402e-02 2.180050313472747803e-01 1.869533210992813110e-01 -1.087842434644699097e-01 -1.799925267696380615e-01 -9.794959425926208496e-02 -3.275022208690643311e-01 -3.557398915290832520e-02 -2.125624120235443115e-01 3.200521692633628845e-02 -1.200862973928451538e-01 -1.197857409715652466e-02 -1.189903318881988525e-01 1.514530777931213379e-01 -7.949279621243476868e-03 2.458817958831787109e-01 -1.752766817808151245e-01 4.249085187911987305e-01 -2.920906543731689453e-01 2.884832024574279785e-01 1.558868587017059326e-01 5.340825021266937256e-02
-1.303261369466781616e-01 -6.967384368181228638e-03 -1.792802959680557251e-01 -1.140088737010955811e-01 2.106027901172637939e-01 2.338812351226806641e-01 -2.473707795143127441e-01 2.064769119024276733e-01 6.402755528688430786e-02 -1.403450816869735718e-01 8.455137163400650024e-02 3.511177301406860352e-01 1.743692010641098022e-01 -1.476953551173210144e-02 -1.868626773357391357e-01 -1.123485863208770752e-01 -3.423094451427459717e-01 -1.077131330966949463e-01 -3.165374100208282471e-01 1.146260872483253479e-01 -1.888476908206939697e-01 -6.899058818817138672e-03 -2.139577120542526245e-01 9.774155169725418091e-02 2.404182218015193939e-02 2.795780897140502930e-01 -2.924095392227172852e-01 4.718276560306549072e-01 -3.200694322586059570e-01 3.606347441673278809e-01 7.208870351314544678e-02 1.169309541583061218e-01
-3.925200551748275757e-02 -4.363954439759254456e-02 -1.681240200996398926e-01 -1.228047907352447510e-01 1.217237412929534912e-01 2.668015360832214355e-01 9.477388113737106323e-02 -4.615495353937149048e-02 5.645362287759780884e-02 -1.373915374279022217e-02 5.998394638299942017e-02 -1.579869389533996582e-01 -1.320892721414566040e-01 -1.385438889265060425e-01 -7.817665487527847290e-02 -5.680713430047035217e-02 1.882116124033927917e-02 1.848029941320419312e-01 -1.096283942461013794e-01 -8.019156008958816528e-02 -2.095354497432708740e-01 -2.361757904291152954e-01 -3.832282871007919312e-02 3.776489198207855225e-02 -6.302957981824874878e-02 1.569268256425857544e-01 -1.723414659500122070e-01 1.065382510423660278e-01 6.153782829642295837e-02 -1.673171371221542358e-01 -7.425877451896667480e-02 -1.273247301578521729e-01
-4.011432826519012451e-01 -1.241568624973297119e-01 -1.112282276153564453e-02 -8.262636661529541016e-01 4.846416115760803223e-01 -4.693015217781066895e-01 -1.608854681253433228e-01 -4.062186479568481445e-01 -1.218014359474182129e-01 2.054679542779922485e-01 -3.599257022142410278e-02 2.691778540611267090e-01 6.338182687759399414e-01 1.661939024925231934e-01 -3.928999304771423340e-01 -1.687165796756744385e-01 2.619577348232269287e-01 6.281034648418426514e-02 3.180100917816162109e-01 1.573253273963928223e-01 2.597609758377075195e-01 3.186352178454399109e-02 -1.013278961181640625e-02 3.811571896076202393e-01 1.619012653827667236e-01 2.474495768547058105e-01 2.491818964481353760e-01 -1.720361709594726562e-01 2.766440510749816895e-01 3.047837913036346436e-01 2.785260379314422607e-01 4.997665584087371826e-01
-2.831414341926574707e-01 -1.992996037006378174e-01 -6.205109134316444397e-02 -6.736995279788970947e-02 -1.804441809654235840e-01 -1.171099543571472168e-01 -2.073639631271362305e-02 -6.833554804325103760e-02 2.833481132984161377e-01 -1.344701200723648071e-01 3.794088959693908691e-02 -2.555543482303619385e-01 2.614294290542602539e-01 -3.105028346180915833e-02 8.319837599992752075e-02 1.601700484752655029e-01 3.275914862751960754e-02 1.606270968914031982e-01 1.367126703262329102e-01 -9.361233562231063843e-03 1.186844035983085632e-01 -1.963755115866661072e-02 6.684339046478271484e-02 -7.026894390583038330e-02 1.125256195664405823e-01 -3.026021122932434082e-01 8.478552103042602539e-03 3.518325686454772949e-01 9.021224081516265869e-02 -1.167491674423217773e-01 -1.737881898880004883e-01 2.046806514263153076e-01
-6.468507647514343262e-02 2.496439516544342041e-01 -2.206273823976516724e-01 -3.314591348171234131e-01 1.232548207044601440e-01 1.546341627836227417e-01 -6.389042735099792480e-02 6.269855797290802002e-02 -1.056297272443771362e-01 -5.511010438203811646e-02 -5.054305493831634521e-02 2.891066968441009521e-01 1.559015065431594849e-01 -3.388835862278938293e-02 -7.643862068653106689e-02 -1.405972540378570557e-01 -1.986577808856964111e-01 -2.868600785732269287e-01 -2.355301082134246826e-01 1.330084353685379028e-01 -2.404952645301818848e-01 2.681232094764709473e-01 -1.833468228578567505e-01 -1.106993779540061951e-01 1.096320152282714844e-01 1.079466938972473145e-01 -2.925671637058258057e-01 3.323838710784912109e-01 -2.310793995857238770e-01 1.831694990396499634e-01 -4.113763570785522461e-04 2.879923284053802490e-01
-1.226480528712272644e-01 -2.233352884650230408e-02 -1.916960254311561584e-02 1.401138901710510254e-01 -2.328497171401977539e-02 5.055363476276397705e-02 5.165439099073410034e-02 1.112721860408782959e-03 2.229624688625335693e-01 1.850240677595138550e-02 9.379929304122924805e-02 -1.266220659017562866e-01 1.080756187438964844e-01 -7.476034760475158691e-02 -8.597530424594879150e-03 2.910618782043457031e-01 1.119647696614265442e-01 1.537643969058990479e-01 1.092290878295898438e-02 -5.872098356485366821e-02 -3.576725721359252930e-03 -2.015735805034637451e-01 -7.348187267780303955e-02 -1.150479391217231750e-01 1.657215505838394165e-01 -2.779567241668701172e-01 -1.070608049631118774e-01 1.634200960397720337e-01 1.612128764390945435e-01 -2.344769388437271118e-01 -1.856053769588470459e-01 -3.721251711249351501e-02
-4.228910431265830994e-03 -8.174943178892135620e-02 1.691372320055961609e-02 2.786993682384490967e-01 -9.470179677009582520e-02 2.436055988073348999e-02 -1.001171767711639404e-02 2.840317785739898682e-03 3.772604167461395264e-01 -6.894202530384063721e-02 1.802395582199096680e-01 -1.192301213741302490e-01 8.488726615905761719e-02 7.177666574716567993e-02 1.421051174402236938e-01 4.423656761646270752e-01 3.310880064964294434e-02 4.215012118220329285e-02 -5.049848556518554688e-02 -9.449084848165512085e-02 9.659456461668014526e-02 -1.442959308624267578e-01 -5.904363095760345459e-02 -3.530437052249908447e-01 3.564267456531524658e-01 -4.513625502586364746e-01 5.551533028483390808e-02 1.639830768108367920e-01 2.494704574346542358e-01 -1.127166002988815308e-01 -1.701021492481231689e-01 -2.026551589369773865e-02
3.963665664196014404e-02 8.029878884553909302e-02 8.742969483137130737e-02 4.831542447209358215e-02 -1.654819697141647339e-01 -2.509104609489440918e-01 -1.802352368831634521e-01 -1.077416688203811646e-01 4.218743741512298584e-02 -2.375302761793136597e-01 5.545586347579956055e-02 1.619125306606292725e-01 6.065589189529418945e-02 1.055857837200164795e-01 2.856318354606628418e-01 4.791447892785072327e-02 -1.942484676837921143e-01 -7.957284152507781982e-02 1.223004609346389771e-01 3.167318403720855713e-01 1.309012770652770996e-01 3.209617435932159424e-01 1.365995407104492188e-01 -6.139176338911056519e-02 2.588508427143096924e-01 -2.901362776756286621e-01 7.601460814476013184e-02 -1.435090303421020508e-01 -2.631282508373260498e-01 2.914403676986694336e-01 -7.498777657747268677e-02 2.552122771739959717e-01
-1.080695912241935730e-01 5.552016198635101318e-03 1.485593616962432861e-01 -1.096600890159606934e-01 2.164502441883087158e-02 -4.858724027872085571e-02 1.534020453691482544e-01 2.046228200197219849e-01 -9.865865111351013184e-02 3.347021341323852539e-02 -6.354893743991851807e-02 -1.770885288715362549e-01 2.216637879610061646e-01 -7.573215663433074951e-02 -4.888808727264404297e-02 1.294557899236679077e-01 1.878814399242401123e-01 -2.138783782720565796e-02 5.764142423868179321e-02 -1.283048689365386963e-01 -7.288737595081329346e-02 5.428678914904594421e-02 -1.337936818599700928e-01 1.166174337267875671e-01 -7.670729607343673706e-02 -1.041181385517120361e-01 -1.871740520000457764e-01 1.778016239404678345e-01 -3.583572804927825928e-02 -2.585349082946777344e-01 -8.308789134025573730e-02 1.365328300744295120e-02
1.357109397649765015e-01 1.873896121978759766e-01 1.972992718219757080e-01 -9.560245275497436523e-02 2.831982374191284180e-01 -2.180100977420806885e-02 6.611045449972152710e-03 -1.585928499698638916e-01 -2.237806916236877441e-01 2.766860127449035645e-01 -1.679339259862899780e-02 1.849081814289093018e-01 2.280907183885574341e-01 1.881537735462188721e-01 -2.480212897062301636e-01 7.382817566394805908e-02 2.667476534843444824e-01 1.306961849331855774e-02 -3.708890452980995178e-02 -2.251670956611633301e-01 -4.768610745668411255e-02 -1.380930691957473755e-01 -1.324281990528106689e-01 -1.363718211650848389e-01 2.306585758924484253e-01 -1.992201805114746094e-01 1.185028702020645142e-01 -2.345299422740936279e-01 1.677574366331100464e-01 -1.093241125345230103e-01 -5.202949792146682739e-02 6.221208348870277405e-02
-1.464771032333374023e-01 -7.511510699987411499e-02 -2.096243649721145630e-01 -7.345807552337646484e-02 9.567138552665710449e-02 9.463377296924591064e-02 -2.754062712192535400e-01 2.050388604402542114e-01 1.352820396423339844e-01 -8.637471497058868408e-02 2.925451472401618958e-02 1.498901546001434326e-01 2.521232962608337402e-01 -1.301798820495605469e-01 -2.458936274051666260e-01 -1.208125352859497070e-01 -3.423930406570434570e-01 -2.708954177796840668e-02 -1.643845438957214355e-01 9.684102609753608704e-03 -4.117329418659210205e-02 -2.940871939063072205e-02 -1.036032885313034058e-01 2.071504890918731689e-01 -1.175813190639019012e-02 2.362632453441619873e-01 -1.139514893293380737e-01 4.470649361610412598e-01 -2.329996973276138306e-01 2.410857230424880981e-01 2.186993062496185303e-01 9.722802788019180298e-02
-7.974354177713394165e-02 1.538151800632476807e-01 -3.599255681037902832e-01 -1.539280563592910767e-01 2.870486378669738770e-01 3.315506279468536377e-01 2.898476086556911469e-02 -1.107863783836364746e-01 9.952776134014129639e-03 -8.092707395553588867e-02 1.949117481708526611e-01 -2.052908018231391907e-02 -2.400823682546615601e-01 -8.423990011215209961e-02 -9.680439531803131104e-02 -1.050151139497756958e-01 2.231100201606750488e-01 1.884651929140090942e-01 -1.541427969932556152e-01 1.913970708847045898e-01 -3.049210608005523682e-01 -2.050637900829315186e-01 -1.113905757665634155e-01 9.965800493955612183e-02 2.893073111772537231e-02 3.038657307624816895e-01 -3.776148855686187744e-01 -1.925241202116012573e-01 3.870201483368873596e-02 1.583140343427658081e-01 -3.411244601011276245e-02 -3.915083035826683044e-02
3.160486221313476562e-01 7.323212921619415283e-04 3.753600716590881348e-01 2.844426333904266357e-01 2.923658862709999084e-02 -1.398441195487976074e-02 2.028720639646053314e-02 5.492073670029640198e-02 -4.273700714111328125e-02 2.997078895568847656e-01 1.365328431129455566e-01 9.781437367200851440e-02 1.431531310081481934e-01 1.918230503797531128e-01 -1.629136353731155396e-01 2.649056613445281982e-01 4.704850167036056519e-02 5.590571835637092590e-02 -1.485244184732437134e-02 -4.008075296878814697e-01 6.344001740217208862e-02 -1.606119871139526367e-01 -6.623597443103790283e-02 -2.517429888248443604e-01 1.244274228811264038e-01 -3.385652005672454834e-01 1.679492890834808350e-01 -2.274285070598125458e-04 2.660991549491882324e-01 -3.345664739608764648e-01 -1.057187169790267944e-01 -1.259024739265441895e-01
-1.362309902906417847e-01 -1.649057865142822266e-01 -1.311878114938735962e-02 -2.206106483936309814e-01 4.610477015376091003e-02 -2.533309906721115112e-02 -1.054661646485328674e-01 9.033848345279693604e-02 -1.358227059245109558e-02 8.574545383453369141e-03 2.386696264147758484e-02 1.787861436605453491e-02 3.747842460870742798e-02 -1.783390790224075317e-01 -5.338160321116447449e-02 -1.657602339982986450e-01 -1.818208992481231689e-01 8.956876397132873535e-02 7.907418906688690186e-02 4.047486186027526855e-02 1.505870372056961060e-02 -2.582068368792533875e-02 9.587601572275161743e-02 3.161967992782592773e-01 -3.143179118633270264e-01 3.186096549034118652e-01 -8.789957314729690552e-02 1.807346194982528687e-01 -1.901391297578811646e-01 -2.646536827087402344e-01 -6.121463701128959656e-02 4.693277925252914429e-02
-1.249286010861396790e-01 -9.954050928354263306e-02 2.911571860313415527e-01 -4.735443741083145142e-02 8.670372515916824341e-02 -1.090578734874725342e-01 2.561522126197814941e-01 7.963632047176361084e-02 -2.801784873008728027e-02 -5.985715240240097046e-02 4.894122481346130371e-02 -1.423665285110473633e-01 1.482768952846527100e-01 1.434144675731658936e-01 2.234913967549800873e-02 3.715642690658569336e-01 4.117932617664337158e-01 6.054266914725303650e-02 2.602837234735488892e-02 2.855039015412330627e-02 1.270070672035217285e-02 -7.930817455053329468e-02 -1.686863154172897339e-01 1.044340804219245911e-01 1.596720516681671143e-02 -1.234854608774185181e-01 -5.978620797395706177e-02 -1.208701729774475098e-01 6.997218728065490723e-02 -2.785171866416931152e-01 -2.756015658378601074e-01 -6.568307429552078247e-02
2.841783165931701660e-01 2.719574868679046631e-01 9.008597582578659058e-02 1.823011338710784912e-01 -1.393288522958755493e-01 -7.590625435113906860e-02 -8.230485022068023682e-02 -3.911335766315460205e-02 -2.403549253940582275e-01 1.576990783214569092e-01 -1.683105230331420898e-01 -9.936302900314331055e-02 -2.135866731405258179e-01 -8.362439274787902832e-02 2.714995108544826508e-02 -1.705656796693801880e-01 -1.273897886276245117e-01 -4.474954307079315186e-02 -1.017545610666275024e-01 -1.513700187206268311e-01 -7.980082929134368896e-02 6.429147720336914062e-02 2.237850725650787354e-01 -2.243073284626007080e-01 2.191135473549365997e-02 -2.104722410440444946e-01 1.586599349975585938e-01 5.205135419964790344e-02 -1.248302906751632690e-01 -1.249798536300659180e-01 1.883618235588073730e-01 8.782213181257247925e-02
1.324274241924285889e-01 1.429897546768188477e-01 1.966126561164855957e-01 3.808964490890502930e-01 9.540667384862899780e-02 1.527443528175354004e-03 1.849471218883991241e-02 5.976565554738044739e-02 8.675701171159744263e-02 9.920978546142578125e-02 2.952307164669036865e-01 7.188660651445388794e-02 9.708423912525177002e-02 1.684781014919281006e-01 3.634322434663772583e-02 4.486222267150878906e-01 1.599390357732772827e-01 4.025596007704734802e-02 -5.837008357048034668e-02 -1.228969320654869080e-01 -3.903544321656227112e-02 -1.926903128623962402e-01 -1.663721054792404175e-01 -3.708328306674957275e-01 3.141846358776092529e-01 -4.287579655647277832e-01 -8.846412599086761475e-02 -1.818926036357879639e-01 2.519751191139221191e-01 -1.484368741512298584e-01 -2.382152974605560303e-01 -1.569299548864364624e-01
3.662532567977905273e-02 1.479838788509368896e-01 2.978731393814086914e-01 2.701508402824401855e-01 1.561127901077270508e-01 1.749483048915863037e-01 2.491893768310546875e-01 1.562660485506057739e-01 9.443894028663635254e-03 -2.476550489664077759e-01 1.110846698284149170e-01 6.173191219568252563e-02 -2.243175506591796875e-01 1.687564700841903687e-01 2.483527511358261108e-01 2.965828776359558105e-01 2.571769058704376221e-01 -2.170133218169212341e-02 -1.841091364622116089e-01 1.976476758718490601e-01 -2.601032257080078125e-01 6.493060290813446045e-02 -1.788831949234008789e-01 -1.215131804347038269e-01 2.239034622907638550e-01 -1.046628803014755249e-01 -1.939986199140548706e-01 -2.273864597082138062e-01 -9.559699892997741699e-02 1.448869705200195312e-03 -2.623003721237182617e-01 -1.992893815040588379e-01
1.787655800580978394e-01 1.490981578826904297e-01 9.688933193683624268e-02 2.409636974334716797e-01 1.137594878673553467e-02 1.764214634895324707e-01 1.198157966136932373e-01 1.822349280118942261e-01 -5.359308421611785889e-02 6.689460575580596924e-02 -9.883932769298553467e-03 -9.948360919952392578e-02 -2.207566052675247192e-01 -1.377540975809097290e-01 5.619595944881439209e-02 -1.237366348505020142e-03 6.831073760986328125e-02 1.571212708950042725e-02 -8.194521069526672363e-02 -1.523235589265823364e-01 -2.066988945007324219e-01 1.144522577524185181e-01 9.153028577566146851e-02 -1.606702208518981934e-01 -5.519025772809982300e-02 -3.721691295504570007e-02 1.048937439918518066e-03 3.190889209508895874e-02 -3.629203140735626221e-02 -1.733668893575668335e-01 1.020652055740356445e-01 -1.409226208925247192e-01
1.688591688871383667e-01 1.888220608234405518e-01 -2.301460951566696167e-01 1.106318086385726929e-01 8.678070455789566040e-02 2.982145845890045166e-01 -7.509543001651763916e-02 1.458517313003540039e-01 7.972986251115798950e-02 -3.660745546221733093e-02 1.018041372299194336e-01 1.906863451004028320e-01 -1.597273349761962891e-01 -1.406419724225997925e-01 -6.259936839342117310e-02 -2.246744632720947266e-01 -2.503745257854461670e-01 -1.255472898483276367e-01 -3.227348625659942627e-01 -1.139556802809238434e-02 -2.786109447479248047e-01 1.281984150409698486e-01 7.431598007678985596e-02 -1.625529527664184570e-01 5.920777469873428345e-02 2.099964618682861328e-01 -8.261065185070037842e-02 2.761399745941162109e-01 -2.150461673736572266e-01 2.460710406303405762e-01 3.343278765678405762e-01 -5.306562781333923340e-02
1.532703042030334473e-01 1.630903184413909912e-01 2.410591840744018555e-01 -7.049553096294403076e-05 -2.003089934587478638e-01 -2.764465510845184326e-01 -1.477243453264236450e-01 -1.569882929325103760e-01 -2.477087974548339844e-01 4.614134132862091064e-02 -1.010535061359405518e-01 1.872773468494415283e-02 6.696350872516632080e-02 1.297104358673095703e-01 1.720008999109268188e-01 3.829485923051834106e-02 -7.000534981489181519e-02 -4.325464367866516113e-02 1.826632320880889893e-01 4.245288297533988953e-02 -3.033852577209472656e-02 1.724012345075607300e-01 1.101515218615531921e-01 -6.369943171739578247e-02 2.221901714801788330e-01 -3.023504316806793213e-01 5.362499877810478210e-02 -1.612837016582489014e-01 -1.209540218114852905e-01 -7.584291696548461914e-02 -1.370301991701126099e-01 2.232339084148406982e-01
7.400540262460708618e-02 -7.770991325378417969e-02 8.790484815835952759e-02 7.903108000755310059e-02 -7.652793824672698975e-02 -3.194579854607582092e-02 -2.496619373559951782e-01 1.635137796401977539e-01 1.416740566492080688e-02 -4.384109750390052795e-02 8.642055839300155640e-02 1.273371577262878418e-01 -1.207350194454193115e-01 -1.103311777114868164e-01 2.105771191418170929e-02 -1.375271975994110107e-01 -3.614394962787628174e-01 -1.617708988487720490e-02 -1.886963844299316406e-02 1.472048312425613403e-01 5.953264981508255005e-02 3.316043689846992493e-02 1.034644469618797302e-01 3.018775880336761475e-01 -2.396938353776931763e-01 2.999101579189300537e-01 1.894878968596458435e-02 6.258036196231842041e-02 -3.446735143661499023e-01 -1.576774120330810547e-01 4.504512995481491089e-02 5.405066534876823425e-03
1.178982704877853394e-01 2.512209713459014893e-01 1.834094151854515076e-02 -1.013716757297515869e-01 3.293925151228904724e-02 1.318924278020858765e-01 1.170715391635894775e-01 8.600956201553344727e-02 -1.424210369586944580e-01 8.420015871524810791e-02 -3.125159442424774170e-02 1.851521432399749756e-03 1.275107264518737793e-03 -2.982014790177345276e-02 4.474645853042602539e-02 -4.743982478976249695e-02 9.293571114540100098e-03 -1.367395222187042236e-01 -1.989804208278656006e-02 -1.155403628945350647e-01 -3.055686652660369873e-01 1.676035672426223755e-01 -2.350798249244689941e-02 -1.571204364299774170e-01 9.330354630947113037e-02 -3.057361766695976257e-02 -1.412347704172134399e-01 1.158630475401878357e-01 -6.830926984548568726e-02 -6.653060019016265869e-02 7.983857393264770508e-02 2.799778245389461517e-03
-1.500431001186370850e-01 -4.255611449480056763e-02 -1.117251813411712646e-01 -1.286344677209854126e-01 2.257399708032608032e-01 2.665756642818450928e-01 -1.846117228269577026e-01 2.531803548336029053e-01 8.305429667234420776e-02 -1.886024922132492065e-01 9.190808236598968506e-02 3.475925624370574951e-01 1.836868971586227417e-01 1.376258954405784607e-02 -9.168902039527893066e-02 -2.115123346447944641e-02 -2.817216217517852783e-01 -5.717395246028900146e-02 -2.227932214736938477e-01 1.081362292170524597e-01 -2.291508913040161133e-01 -2.345001325011253357e-02 -2.751482725143432617e-01 1.026075556874275208e-01 3.152573481202125549e-02 2.447654902935028076e-01 -2.971320748329162598e-01 4.305970668792724609e-01 -2.881578505039215088e-01 3.446376323699951172e-01 -1.686158776283264160e-02 3.158224001526832581e-02
1.259776800870895386e-01 4.215025901794433594e-02 1.213458180427551270e-01 2.669940888881683350e-01 -1.105350852012634277e-01 -2.027080953121185303e-02 -2.567400634288787842e-01 1.411208659410476685e-01 -1.067289263010025024e-01 -1.448673456907272339e-01 1.064288020133972168e-01 2.491439282894134521e-01 -2.210720181465148926e-01 -3.429723903536796570e-02 7.612284272909164429e-02 -4.050273820757865906e-02 -3.047366440296173096e-01 3.561643883585929871e-02 -4.608452320098876953e-03 3.454456031322479248e-01 -4.784584790468215942e-02 5.400374159216880798e-02 -2.396147698163986206e-02 2.618570327758789062e-01 -8.692777156829833984e-02 2.953720688819885254e-01 -8.335353434085845947e-02 -1.528612077236175537e-01 -2.875633537769317627e-01 -5.031603574752807617e-02 -4.393302276730537415e-02 -2.887180447578430176e-02
-4.370087385177612305e-01 -1.296876519918441772e-01 -1.091731637716293335e-01 -3.051601350307464600e-01 -4.933299124240875244e-02 -2.108230590820312500e-01 -9.022550657391548157e-04 -4.657679796218872070e-02 1.479181647300720215e-01 -1.971562206745147705e-01 3.398921713232994080e-02 -1.380757987499237061e-01 3.765401840209960938e-01 -1.336530223488807678e-02 1.337452679872512817e-01 -8.194085210561752319e-03 6.240676343441009521e-02 5.013116821646690369e-02 2.999223768711090088e-01 2.552452087402343750e-01 1.381010413169860840e-01 2.788966596126556396e-01 9.716747701168060303e-02 1.307944655418395996e-01 -8.979580551385879517e-02 -2.032402902841567993e-02 -1.890664249658584595e-01 2.503843307495117188e-01 -2.310374677181243896e-01 -1.084180325269699097e-01 -3.290117681026458740e-01 3.921679258346557617e-01
-6.344077736139297485e-02 -1.228129714727401733e-01 -1.576296240091323853e-01 -3.699098527431488037e-02 1.824290677905082703e-02 2.371834516525268555e-01 8.567205071449279785e-02 1.980792358517646790e-02 2.349568009376525879e-01 -4.195759445428848267e-02 4.648090526461601257e-02 -2.088188230991363525e-01 -2.177807241678237915e-01 -1.340375542640686035e-01 2.383162640035152435e-02 -7.101936638355255127e-02 -6.760134547948837280e-02 2.517971098423004150e-01 -1.269547939300537109e-01 -8.785479515790939331e-02 -1.356703937053680420e-01 -1.922179758548736572e-01 4.782738909125328064e-02 -2.449510619044303894e-02 7.885079830884933472e-03 1.287629604339599609e-01 -7.260558009147644043e-02 2.133444994688034058e-01 5.095693841576576233e-02 -1.777455210685729980e-02 5.051217973232269287e-02 -1.311157941818237305e-01
3.549120575189590454e-02 2.591572105884552002e-01 -2.016013488173484802e-02 -1.063449978828430176e-01 2.351369336247444153e-02 1.315378397703170776e-01 9.487126022577285767e-02 1.040465384721755981e-01 -1.101379692554473877e-01 2.495199441909790039e-02 -1.062712371349334717e-01 8.493692427873611450e-02 -2.211336418986320496e-02 -1.176172047853469849e-01 -1.239194720983505249e-02 -6.758376955986022949e-02 2.624496817588806152e-02 -1.968454420566558838e-01 -2.058711051940917969e-01 -3.423966467380523682e-03 -2.366009652614593506e-01 2.534064352512359619e-01 2.276400849223136902e-02 -1.461439281702041626e-01 -1.101760379970073700e-02 -1.587807759642601013e-02 -2.423155903816223145e-01 2.094951421022415161e-01 -1.632134020328521729e-01 2.380118146538734436e-02 9.017102420330047607e-04 1.332642436027526855e-01
1.482341140508651733e-01 2.671704292297363281e-01 -8.488404750823974609e-02 -1.366532593965530396e-01 -6.252901256084442139e-02 3.207586705684661865e-02 -6.902396678924560547e-03 1.484292000532150269e-02 -2.122420072555541992e-01 1.422540396451950073e-01 -1.491502225399017334e-01 -6.180821731686592102e-02 -2.956634014844894409e-02 -1.708898246288299561e-01 -1.321027874946594238e-01 -1.973122656345367432e-01 -5.671317130327224731e-02 -1.947306394577026367e-01 -1.265503764152526855e-01 -1.404280513525009155e-01 -1.731029301881790161e-01 1.611171066761016846e-01 1.081348583102226257e-01 -1.780286133289337158e-01 -6.268987804651260376e-02 1.921994611620903015e-02 -7.970514893531799316e-02 2.164624631404876709e-01 -9.466062486171722412e-02 -2.200491875410079956e-01 1.264478266239166260e-01 1.710605770349502563e-01
-3.480197787284851074e-01 -7.663762569427490234e-02 -7.476532459259033203e-02 -4.300713539123535156e-01 -1.337597966194152832e-01 -4.542858600616455078e-01 -5.729158967733383179e-02 -2.016899585723876953e-01 1.162686720490455627e-01 -2.491112351417541504e-01 7.447183132171630859e-03 -5.984915047883987427e-02 5.996512770652770996e-01 8.062821626663208008e-02 1.589775830507278442e-01 3.129751235246658325e-02 3.876568004488945007e-02 -5.291471630334854126e-02 4.230256378650665283e-01 2.823333144187927246e-01 2.249733507633209229e-01 3.750233352184295654e-01 1.859126091003417969e-01 1.055176556110382080e-02 1.524561792612075806e-01 -2.593053877353668213e-01 -7.346874475479125977e-02 1.825531572103500366e-01 -2.120276242494583130e-01 1.638769209384918213e-01 -2.290271967649459839e-01 6.402671337127685547e-01
9.364019334316253662e-02 -3.056868910789489746e-02 -1.248793154954910278e-01 1.200589351356029510e-02 -2.516269683837890625e-02 2.483073174953460693e-01 8.274850249290466309e-02 -2.275876887142658234e-02 1.791385114192962646e-01 6.617146730422973633e-02 -4.042714834213256836e-03 -1.016625016927719116e-01 -1.824372857809066772e-01 -1.366035491228103638e-01 -6.519605219364166260e-02 4.144325852394104004e-02 -2.478037774562835693e-02 1.428608745336532593e-01 -1.983889490365982056e-01 -1.487477868795394897e-01 -1.422742009162902832e-01 -2.492699772119522095e-01 -5.832764506340026855e-02 4.425510019063949585e-02 5.092512443661689758e-02 6.907001137733459473e-02 -3.015201166272163391e-02 1.587923169136047363e-01 7.263778150081634521e-02 -1.305858641862869263e-01 2.651481330394744873e-02 -1.203638315200805664e-01
-2.373652309179306030e-01 -5.355749279260635376e-02 -7.364876568317413330e-02 -3.949398696422576904e-01 3.018712997436523438e-01 1.125058531761169434e-01 1.528930962085723877e-01 -1.090577095746994019e-01 -8.721898496150970459e-02 1.654518097639083862e-01 3.563469648361206055e-02 -3.271086513996124268e-02 1.581739336252212524e-01 -1.861080154776573181e-02 -2.549957931041717529e-01 -6.589283049106597900e-02 2.208137810230255127e-01 2.519697844982147217e-01 1.149535626173019409e-01 -9.849032014608383179e-02 -1.711953282356262207e-01 -2.355560958385467529e-01 -1.164545565843582153e-01 1.235526874661445618e-01 -2.058001309633255005e-01 1.500391215085983276e-01 -2.583131492137908936e-01 1.241476908326148987e-01 1.217363923788070679e-01 -3.686931729316711426e-01 -1.536957025527954102e-01 9.476879239082336426e-02
7.022632658481597900e-02 4.146431684494018555e-01 -1.436415165662765503e-01 -5.135015845298767090e-01 -8.742360770702362061e-02 -1.552965044975280762e-01 -1.493374854326248169e-01 -4.274988174438476562e-01 -1.852706074714660645e-01 8.711941540241241455e-02 -1.838231682777404785e-01 2.101835310459136963e-01 2.425016909837722778e-01 3.335607051849365234e-02 -1.103007607161998749e-02 -2.292035520076751709e-01 -9.152451902627944946e-02 -4.220333099365234375e-01 -1.834731847047805786e-01 6.783305108547210693e-02 -1.402570754289627075e-01 5.000918507575988770e-01 8.283384144306182861e-02 -3.193440437316894531e-01 3.493713438510894775e-01 -1.747777760028839111e-01 -1.013484448194503784e-01 1.425413936376571655e-01 -9.737293422222137451e-02 3.107529878616333008e-01 1.300156116485595703e-01 6.045798063278198242e-01
-1.841808296740055084e-02 -1.111279353499412537e-01 -5.724128335714340210e-03 1.708861887454986572e-01 -5.927039682865142822e-02 -2.979979664087295532e-02 1.693769544363021851e-02 9.778088331222534180e-02 9.235305339097976685e-02 5.213890969753265381e-02 7.291088998317718506e-02 -2.304157912731170654e-01 2.950071543455123901e-02 -1.434757411479949951e-01 -9.654080867767333984e-02 3.347678482532501221e-02 9.865973144769668579e-02 1.225900501012802124e-01 6.441687047481536865e-02 -1.797579973936080933e-01 3.984154015779495239e-02 -1.799771934747695923e-02 8.390389382839202881e-02 1.265286803245544434e-01 1.821986585855484009e-02 -4.277868568897247314e-02 1.727784126996994019e-01 6.862048804759979248e-02 5.993879213929176331e-02 -6.217394769191741943e-02 3.322681188583374023e-01 -8.538766205310821533e-02
1.134164407849311829e-01 3.999769687652587891e-01 -2.674697339534759521e-01 -3.694909811019897461e-01 -3.529297560453414917e-02 4.550687968730926514e-03 -2.207614928483963013e-01 -1.252748519182205200e-01 -2.691906094551086426e-01 1.407376378774642944e-01 -1.662447601556777954e-01 1.902434527873992920e-01 9.382437169551849365e-02 -1.370001733303070068e-01 -2.135573029518127441e-01 -3.350371122360229492e-01 -2.814875841140747070e-01 -3.372915089130401611e-01 -2.265818119049072266e-01 1.197551004588603973e-02 -1.975704133510589600e-01 2.368873506784439087e-01 3.524282202124595642e-02 -2.085894346237182617e-01 1.193134710192680359e-01 1.306440234184265137e-01 -8.149226754903793335e-02 3.297913074493408203e-01 -1.255761831998825073e-01 5.085681006312370300e-02 2.138593792915344238e-01 4.641155600547790527e-01
-1.559841483831405640e-01 2.495213150978088379e-01 1.900427192449569702e-01 -1.497183740139007568e-01 -9.275026619434356689e-03 -1.350879371166229248e-01 1.151070594787597656e-01 -9.025782346725463867e-03 -9.395283460617065430e-02 -1.724656820297241211e-01 1.609141379594802856e-02 1.735082268714904785e-01 1.648803949356079102e-01 2.395530492067337036e-01 2.376442402601242065e-01 2.295681387186050415e-01 9.432491660118103027e-02 -1.400057077407836914e-01 2.055001854896545410e-01 3.259882926940917969e-01 -3.167193382978439331e-02 3.104909062385559082e-01 -1.393499970436096191e-01 -4.333820194005966187e-02 2.827868163585662842e-01 -2.639303505420684814e-01 -2.211759984493255615e-01 -2.167025953531265259e-01 -1.317168027162551880e-01 1.000687628984451294e-01 -3.620332479476928711e-01 2.130194753408432007e-01
2.299060523509979248e-01 1.931624114513397217e-01 1.157430112361907959e-01 1.270024776458740234e-01 -3.815785050392150879e-02 7.388995587825775146e-02 8.633330464363098145e-02 5.238694325089454651e-02 -1.632927805185317993e-01 8.893430233001708984e-02 -3.853521496057510376e-02 -9.549793601036071777e-02 -1.187517046928405762e-01 4.148509353399276733e-03 1.092997714877128601e-01 -5.937097594141960144e-02 7.081903517246246338e-03 -2.562224119901657104e-02 -2.979185432195663452e-03 -1.130096688866615295e-01 -2.119567394256591797e-01 6.270641088485717773e-02 2.980646491050720215e-02 -2.128985524177551270e-01 1.033174768090248108e-01 -8.378763496875762939e-02 8.778791874647140503e-03 -1.399741135537624359e-02 -2.221224829554557800e-02 -2.165443748235702515e-01 9.956048429012298584e-02 -6.384249776601791382e-02
-1.501493304967880249e-01 6.330326199531555176e-03 -4.141123220324516296e-02 -4.462660104036331177e-02 7.683833688497543335e-02 7.890687882900238037e-02 1.124202758073806763e-01 -2.253766916692256927e-02 1.153344735503196716e-01 8.840815722942352295e-02 4.307309538125991821e-02 -9.910450875759124756e-02 1.109689474105834961e-01 -3.492606058716773987e-02 -4.873276874423027039e-02 2.217622399330139160e-01 1.804619133472442627e-01 1.534223556518554688e-01 4.609162360429763794e-02 -9.660677611827850342e-02 -1.133475229144096375e-01 -2.648544013500213623e-01 -9.816034138202667236e-02 -9.609524905681610107e-02 1.341298371553421021e-01 -1.518775522708892822e-01 -1.612167507410049438e-01 1.525341421365737915e-01 1.614699214696884155e-01 -2.940348386764526367e-01 -2.259326726198196411e-01 -2.518518827855587006e-03
-2.100000381469726562e-01 -1.031370274722576141e-02 -1.027010753750801086e-02 1.065312027931213379e-01 9.583561867475509644e-02 3.310556709766387939e-02 6.072172522544860840e-02 3.072598949074745178e-02 2.703977823257446289e-01 -2.998780086636543274e-02 1.960115730762481689e-01 -9.506207704544067383e-02 1.532021313905715942e-01 7.619272172451019287e-02 8.001577854156494141e-02 4.236330986022949219e-01 2.460911571979522705e-01 1.100436300039291382e-01 7.106702029705047607e-02 -3.324195742607116699e-02 -6.376579403877258301e-03 -2.013555169105529785e-01 -1.235620826482772827e-01 -3.248556554317474365e-01 2.871055901050567627e-01 -3.509113490581512451e-01 -1.684306561946868896e-01 1.255693435668945312e-01 2.750466167926788330e-01 -1.686301380395889282e-01 -3.073260784149169922e-01 -2.749830484390258789e-03
2.510757930576801300e-02 1.156701669096946716e-01 3.530682027339935303e-01 6.260946393013000488e-02 -2.643191069364547729e-02 -8.996795117855072021e-02 1.862756460905075073e-01 1.498291492462158203e-01 -2.663514912128448486e-01 6.238773465156555176e-02 -1.626162976026535034e-02 -1.006321609020233154e-01 -2.746807783842086792e-02 1.092504113912582397e-01 1.098988577723503113e-01 2.622689008712768555e-01 2.215182781219482422e-01 -1.506200060248374939e-02 1.148102581501007080e-01 -4.281036555767059326e-02 -1.989210546016693115e-01 4.359901323914527893e-02 -1.767180114984512329e-01 -2.394691295921802521e-02 -1.714921183884143829e-02 -1.326989084482192993e-01 -8.376935124397277832e-02 -1.493360549211502075e-01 2.569286152720451355e-02 -4.248406291007995605e-01 -2.755845785140991211e-01 -8.756630867719650269e-02
-2.601524293422698975e-01 -2.674736082553863525e-02 -1.162278056144714355e-01 -4.940685927867889404e-01 4.101437926292419434e-01 2.176796644926071167e-02 -8.718900382518768311e-02 -6.769002228975296021e-02 -5.256093293428421021e-02 -5.060294643044471741e-02 1.914656162261962891e-01 1.913743317127227783e-01 2.075957208871841431e-01 -6.311938166618347168e-02 -1.558456867933273315e-01 -9.426636993885040283e-02 8.450530469417572021e-02 8.587604761123657227e-02 1.669892221689224243e-01 2.548915147781372070e-01 -1.986087858676910400e-02 -1.154399886727333069e-01 -5.308276414871215820e-02 3.502337336540222168e-01 -1.708946079015731812e-01 3.811560273170471191e-01 -2.795089483261108398e-01 -1.853361427783966064e-01 -2.134891040623188019e-02 5.684161186218261719e-02 -1.286238282918930054e-01 7.309693098068237305e-02
8.148045837879180908e-02 2.527708709239959717e-01 2.443922460079193115e-01 -1.478691399097442627e-01 -5.816070735454559326e-02 -5.012254789471626282e-02 1.483594328165054321e-01 3.551224246621131897e-02 -2.515787780284881592e-01 5.258798599243164062e-02 -1.148919612169265747e-01 -9.447792172431945801e-02 6.776216626167297363e-02 4.703742638230323792e-02 1.307885646820068359e-01 1.404108852148056030e-01 1.603158712387084961e-01 -8.618484437465667725e-02 9.524157643318176270e-02 -4.218676686286926270e-02 -1.495548784732818604e-01 1.925763338804244995e-01 -4.627291113138198853e-02 -9.112869203090667725e-02 7.306014746427536011e-02 -2.030793279409408569e-01 -1.661383062601089478e-01 -3.365483134984970093e-02 -8.725322037935256958e-02 -3.236808180809020996e-01 -2.212335914373397827e-01 7.441206276416778564e-02
-1.799817234277725220e-01 -1.241467073559761047e-01 7.698194682598114014e-02 -1.234957277774810791e-01 1.506352424621582031e-01 1.582658588886260986e-01 5.492825061082839966e-02 2.161004990339279175e-01 1.215273961424827576e-01 -1.068357825279235840e-01 -9.903147816658020020e-03 6.294523924589157104e-02 2.614780664443969727e-01 -5.154941231012344360e-03 -7.045248150825500488e-02 9.190085530281066895e-02 1.051248013973236084e-01 1.644775271415710449e-02 -5.311191827058792114e-02 -3.370188176631927490e-02 -5.940198898315429688e-02 2.975251898169517517e-02 -1.625839173793792725e-01 1.027273759245872498e-01 -3.856655955314636230e-02 -1.931878551840782166e-02 -3.020950555801391602e-01 2.769009172916412354e-01 -1.840919554233551025e-01 1.370265930891036987e-01 -1.173687055706977844e-01 2.238886058330535889e-02
-1.086049005389213562e-01 7.310572266578674316e-02 -3.123612105846405029e-01 -2.133829146623611450e-01 1.356615573167800903e-01 8.119815587997436523e-02 -3.835350275039672852e-01 1.586681455373764038e-01 -4.965122416615486145e-02 -7.046806067228317261e-02 3.895738348364830017e-02 3.452849090099334717e-01 2.603452801704406738e-01 -1.192485541105270386e-01 -3.287439644336700439e-01 -2.658309340476989746e-01 -5.374855399131774902e-01 -1.539632827043533325e-01 -2.447375357151031494e-01 9.159117937088012695e-02 -1.774055510759353638e-01 -9.028825908899307251e-03 -2.407393306493759155e-01 2.083219587802886963e-01 2.211990021169185638e-02 4.130151271820068359e-01 -2.035163342952728271e-01 5.339284539222717285e-01 -3.118165433406829834e-01 1.809293329715728760e-01 1.913526803255081177e-01 2.400295138359069824e-01
3.818984329700469971e-02 1.068499609827995300e-01 2.248554676771163940e-01 -7.064059376716613770e-02 4.300370812416076660e-03 3.886759281158447266e-03 2.068613320589065552e-01 1.231517493724822998e-01 -1.554102599620819092e-01 1.015246659517288208e-01 -4.637558758258819580e-02 -8.983752876520156860e-02 2.988784760236740112e-02 -1.820423826575279236e-02 3.642281889915466309e-02 1.505527794361114502e-01 2.143417894840240479e-01 -5.007433146238327026e-02 1.905614882707595825e-02 -1.726730316877365112e-01 -2.306593358516693115e-01 1.125718653202056885e-01 3.773234784603118896e-03 -4.277011752128601074e-02 -9.094720333814620972e-02 -1.266199797391891479e-01 -1.322713047266006470e-01 6.176776066422462463e-02 -3.473892807960510254e-03 -2.620162963867187500e-01 -9.301917999982833862e-02 -5.549187958240509033e-02
-1.722928732633590698e-01 -1.931199133396148682e-01 -7.783442735671997070e-02 -1.403097249567508698e-02 1.217654272913932800e-01 1.306547820568084717e-01 -1.289630234241485596e-01 1.642615497112274170e-01 2.738668918609619141e-01 -1.220296397805213928e-01 3.886502608656883240e-02 4.935713857412338257e-02 2.687898278236389160e-01 -1.005499213933944702e-01 -1.430541425943374634e-01 3.196306526660919189e-03 -6.421408802270889282e-02 1.031609177589416504e-01 -4.775899648666381836e-02 -2.625040896236896515e-02 3.593346476554870605e-02 -3.319232538342475891e-02 -1.332978159189224243e-02 1.531801521778106689e-01 1.024179719388484955e-02 5.186647549271583557e-02 -9.584441781044006348e-02 2.527397871017456055e-01 -1.804158091545104980e-01 3.532744646072387695e-01 1.334948688745498657e-01 -1.317425537854433060e-02
-9.173328056931495667e-03 1.161878034472465515e-01 1.581131815910339355e-01 2.249359488487243652e-01 2.329916134476661682e-02 -1.753564924001693726e-02 -2.314397543668746948e-01 1.059272587299346924e-01 -1.966349780559539795e-01 -1.538460254669189453e-01 1.465836763381958008e-01 2.023155987262725830e-01 -9.463882446289062500e-02 -3.553963080048561096e-02 1.822130754590034485e-03 3.991839289665222168e-02 -5.893107503652572632e-02 7.255122065544128418e-02 4.122409224510192871e-02 4.087727963924407959e-01 -9.227979183197021484e-02 -3.988555073738098145e-02 -1.632770150899887085e-01 2.986603975296020508e-01 -4.507581144571304321e-02 1.579916477203369141e-01 -1.694663166999816895e-01 -3.483199179172515869e-01 -3.080579936504364014e-01 -6.303983926773071289e-02 -2.547936439514160156e-01 -5.476630479097366333e-02
-7.027956098318099976e-02 -1.836458444595336914e-01 3.817026019096374512e-01 -9.424029290676116943e-02 -1.412955075502395630e-01 -3.841982483863830566e-01 -2.634350657463073730e-01 1.836772710084915161e-01 -2.695833742618560791e-01 2.039725631475448608e-01 -4.594303667545318604e-02 1.207440868020057678e-01 2.465261369943618774e-01 3.039234504103660583e-02 -9.498600661754608154e-02 -5.982616171240806580e-02 -2.717964053153991699e-01 2.089235931634902954e-03 3.359045386314392090e-01 1.120059657841920853e-02 3.177615255117416382e-02 -1.753494888544082642e-02 -4.050869494676589966e-02 3.840367197990417480e-01 -3.352368772029876709e-01 2.723834514617919922e-01 1.006859391927719116e-01 2.030579298734664917e-01 -2.661497592926025391e-01 -6.115646362304687500e-01 -5.873592197895050049e-02 3.133662343025207520e-01
1.651126444339752197e-01 1.970235705375671387e-01 2.512368261814117432e-01 2.325797379016876221e-01 -9.134183824062347412e-02 -1.063770800828933716e-01 -7.385524455457925797e-03 7.252401113510131836e-02 -3.231891989707946777e-01 2.988386899232864380e-02 -1.002172976732254028e-01 -1.132914870977401733e-01 -8.493608981370925903e-02 3.809380158782005310e-02 1.122909113764762878e-01 7.562641054391860962e-02 -2.821534872055053711e-03 -9.489310905337333679e-03 3.616908192634582520e-02 6.936827301979064941e-02 -9.556380659341812134e-02 7.452644407749176025e-02 -2.575115859508514404e-02 -2.631554193794727325e-02 4.947558790445327759e-02 -1.674830466508865356e-01 2.983803674578666687e-02 -1.263928860425949097e-01 -1.693082898855209351e-01 -3.130373954772949219e-01 -1.804397702217102051e-01 -9.388615377247333527e-03
-1.513226628303527832e-01 -4.004970192909240723e-02 -6.344285607337951660e-02 -3.183867037296295166e-01 -2.354425340890884399e-01 -4.151495099067687988e-01 -2.077472805976867676e-01 -2.382239401340484619e-01 1.092207357287406921e-01 -2.781030833721160889e-01 -6.897005438804626465e-02 5.851671099662780762e-03 4.873178005218505859e-01 8.710277080535888672e-02 2.129041552543640137e-01 -8.743237704038619995e-03 -1.265713572502136230e-01 -9.754799306392669678e-02 3.147972226142883301e-01 2.535459399223327637e-01 2.384095191955566406e-01 3.796934187412261963e-01 2.408185154199600220e-01 2.793511003255844116e-02 1.931755393743515015e-01 -3.400532305240631104e-01 5.306226387619972229e-02 1.339311003684997559e-01 -3.011102676391601562e-01 3.217498064041137695e-01 -1.057522296905517578e-01 5.920702815055847168e-01
1.216508299112319946e-01 1.946550607681274414e-01 1.757825314998626709e-01 3.752923384308815002e-02 2.525334358215332031e-01 2.063070237636566162e-02 3.495097905397415161e-02 -9.545340389013290405e-02 -2.142590284347534180e-01 2.704859375953674316e-01 1.089003980159759521e-01 1.638611853122711182e-01 1.751945465803146362e-01 1.923436671495437622e-01 -1.730348616838455200e-01 1.430331319570541382e-01 2.560412287712097168e-01 4.279069975018501282e-02 -4.286668822169303894e-02 -1.170712932944297791e-01 -9.199933707714080811e-02 -1.555972844362258911e-01 -1.321275532245635986e-01 -1.961815953254699707e-01 2.486820966005325317e-01 -2.278299927711486816e-01 -3.060894086956977844e-02 -2.859652936458587646e-01 1.642578393220901489e-01 -1.188328564167022705e-01 -1.263841688632965088e-01 -1.517077907919883728e-03
-1.010505035519599915e-01 6.124058365821838379e-02 -2.418694645166397095e-01 -2.889434099197387695e-01 2.343682646751403809e-01 2.549308538436889648e-01 8.740359544754028320e-02 -1.319815814495086670e-01 -7.480121403932571411e-02 1.322760432958602905e-02 2.095882222056388855e-02 -5.158831179141998291e-02 -5.539140477776527405e-02 -1.393642574548721313e-01 -1.486697942018508911e-01 -1.033700704574584961e-01 1.919870525598526001e-01 1.478214114904403687e-01 -4.447542876005172729e-02 3.199259191751480103e-02 -2.311562001705169678e-01 -2.354274392127990723e-01 -9.808047115802764893e-02 1.441595256328582764e-01 -7.719248533248901367e-02 2.221100032329559326e-01 -2.473712861537933350e-01 -4.259148985147476196e-02 5.995265021920204163e-02 -7.270927727222442627e-02 -6.686659902334213257e-02 -3.220267593860626221e-02
-6.591064482927322388e-02 1.517352834343910217e-02 2.153749614953994751e-01 2.920090034604072571e-02 1.007465273141860962e-01 1.429336518049240112e-01 1.981015950441360474e-01 2.577835023403167725e-01 2.885754406452178955e-02 -6.470605731010437012e-02 -3.480585664510726929e-02 -7.110416889190673828e-03 4.360622912645339966e-02 -1.162363961338996887e-02 6.459160149097442627e-02 1.980707645416259766e-01 1.963015794754028320e-01 -4.452325403690338135e-03 -6.029714643955230713e-02 -5.049210786819458008e-02 -1.689904928207397461e-01 1.124988645315170288e-01 -9.302896261215209961e-02 -2.580799162387847900e-02 -3.752022236585617065e-02 -1.331179141998291016e-01 -2.600931227207183838e-01 1.363002657890319824e-01 -1.218721866607666016e-01 -5.826346576213836670e-02 -1.455373317003250122e-01 -6.056847423315048218e-02
5.026471614837646484e-02 7.481368631124496460e-02 1.027843542397022247e-02 4.499529674649238586e-02 1.287178546190261841e-01 2.986508607864379883e-01 8.198294788599014282e-02 1.930748969316482544e-01 8.037281781435012817e-02 -7.927791774272918701e-02 1.653284579515457153e-02 1.178404018282890320e-01 -3.067187219858169556e-02 -8.517172932624816895e-02 1.960643939673900604e-02 -3.590216860175132751e-02 6.053626537322998047e-03 -8.516860008239746094e-02 -2.189676314592361450e-01 -4.267321527004241943e-02 -2.682486474514007568e-01 1.509343981742858887e-01 -6.180317699909210205e-02 -1.299304962158203125e-01 -2.254077978432178497e-02 6.139360740780830383e-02 -2.482202649116516113e-01 2.214657664299011230e-01 -2.149187326431274414e-01 1.068125441670417786e-01 -1.461841166019439697e-03 -7.603114843368530273e-02
