-1.381969600915908813e-01 -2.339210212230682373e-01 -1.082340627908706665e-02 -3.482617437839508057e-01 6.192967295646667480e-02 -4.737503081560134888e-02 -8.084019646048545837e-03 1.646626740694046021e-03 -8.314557373523712158e-02 1.758140176534652710e-01 -1.110653281211853027e-01 -1.182718127965927124e-01 1.147503405809402466e-01 -1.609484404325485229e-01 -1.353911757469177246e-01 -2.348641753196716309e-01 -1.199710443615913391e-01 1.449362486600875854e-01 1.091040074825286865e-01 -1.771934628486633301e-01 -1.792320609092712402e-02 -1.056679636240005493e-01 1.388136148452758789e-01 2.439101636409759521e-01 -3.878339231014251709e-01 1.796345561742782593e-01 3.499413654208183289e-02 3.548121750354766846e-01 -1.022687107324600220e-01 -4.043955802917480469e-01 -1.204338669776916504e-02 6.591471284627914429e-02
1.215354278683662415e-01 4.699392616748809814e-02 9.844158589839935303e-02 2.183652520179748535e-01 9.479726850986480713e-02 2.651486992835998535e-01 1.783815473318099976e-01 1.668408513069152832e-01 5.338522046804428101e-02 -5.662156268954277039e-02 8.737736195325851440e-02 -2.275056019425392151e-02 -1.235201954841613770e-01 -7.006385922431945801e-02 1.334892809391021729e-01 6.488253176212310791e-02 1.409449428319931030e-01 4.491471871733665466e-02 -1.235635504126548767e-01 -9.526181966066360474e-02 -2.582390010356903076e-01 1.032722890377044678e-01 -2.900014072656631470e-02 -1.418786346912384033e-01 4.393543303012847900e-02 -4.562055692076683044e-03 -1.462011188268661499e-01 4.240777716040611267e-02 -8.275836706161499023e-02 -2.934439480304718018e-02 5.299418419599533081e-02 -2.122878134250640869e-01
-1.865489035844802856e-01 4.868721961975097656e-02 -1.721844524145126343e-01 -5.337402820587158203e-01 4.071153402328491211e-01 8.872379362583160400e-02 -1.045610569417476654e-02 -2.677935063838958740e-01 -1.025469824671745300e-01 9.055589139461517334e-02 2.897020801901817322e-02 9.301035851240158081e-02 8.048406243324279785e-02 2.895221114158630371e-04 -2.840426862239837646e-01 -1.875932216644287109e-01 2.146846354007720947e-01 1.383472979068756104e-01 -2.249104902148246765e-02 8.600836247205734253e-02 -7.061857730150222778e-02 -1.858238875865936279e-01 -8.816085755825042725e-02 2.243732511997222900e-01 1.790971308946609497e-02 2.745333313941955566e-01 -6.476745009422302246e-02 -1.433230936527252197e-01 1.044401377439498901e-01 1.322847753763198853e-01 1.186839044094085693e-01 1.536033302545547485e-01
1.836225241422653198e-01 4.955224692821502686e-02 4.377800226211547852e-01 7.606220245361328125e-02 2.162559330463409424e-01 -1.464390754699707031e-01 3.419162333011627197e-02 3.498428687453269958e-02 -1.142542213201522827e-01 3.929402232170104980e-01 1.044144183397293091e-01 1.744957566261291504e-01 2.882049679756164551e-01 2.610247433185577393e-01 -2.114509791135787964e-01 2.103922516107559204e-01 1.342477500438690186e-01 3.637411072850227356e-02 4.667156189680099487e-02 -3.583033084869384766e-01 1.308218389749526978e-02 -1.256092339754104614e-01 -5.617920309305191040e-02 -3.181071579456329346e-01 1.130977421998977661e-01 -2.930384278297424316e-01 1.835583001375198364e-01 -3.975196555256843567e-02 2.037661373615264893e-01 -3.595619797706604004e-01 -2.085386961698532104e-01 2.839204855263233185e-03
-2.103051841259002686e-01 -1.334321200847625732e-01 -1.510989069938659668e-01 -5.635957717895507812e-01 3.767449855804443359e-01 -3.037629649043083191e-02 -2.842412143945693970e-02 -1.197661310434341431e-01 -5.710168927907943726e-02 9.367337822914123535e-02 1.526611298322677612e-01 1.918287873268127441e-01 2.314327806234359741e-01 -4.458777979016304016e-02 -2.499775141477584839e-01 -1.684742122888565063e-01 1.301013529300689697e-01 9.446015954017639160e-02 9.762994945049285889e-02 1.484928131103515625e-01 2.431874722242355347e-02 -1.158341467380523682e-01 -5.578574538230895996e-02 3.738740384578704834e-01 -2.518781423568725586e-01 3.606882691383361816e-01 -1.577014178037643433e-01 -3.718191757798194885e-02 -2.764490991830825806e-02 -6.939777731895446777e-02 -4.258167371153831482e-02 1.792523562908172607e-01
-2.960999496281147003e-02 -4.040105640888214111e-02 -1.729004830121994019e-02 5.712750926613807678e-02 8.632668852806091309e-02 1.886123120784759521e-01 -1.696353778243064880e-03 2.190228551626205444e-01 1.300500333309173584e-01 -7.147701084613800049e-02 4.213304445147514343e-02 -2.306517586112022400e-02 7.849107682704925537e-02 -1.282153278589248657e-01 -8.363146334886550903e-02 -1.301796361804008484e-02 -2.444089204072952271e-02 4.576093330979347229e-02 -1.189651787281036377e-01 -1.153704151511192322e-01 -1.042081788182258606e-01 3.712325170636177063e-02 -3.730774670839309692e-02 8.732890337705612183e-02 -1.328611746430397034e-03 4.161726683378219604e-04 -1.309623718261718750e-01 2.519055306911468506e-01 -1.805388331413269043e-01 1.190831512212753296e-01 1.326824724674224854e-01 -6.420832127332687378e-02
2.520982027053833008e-01 2.938524782657623291e-01 1.811679601669311523e-01 2.252274006605148315e-01 -8.000215888023376465e-02 -5.105126276612281799e-02 5.622085183858871460e-03 -1.399396732449531555e-02 -2.085282802581787109e-01 3.723542392253875732e-02 -1.350292861461639404e-01 -1.246590092778205872e-01 -2.204077988862991333e-01 -2.603626623749732971e-02 1.384918689727783203e-01 -1.220970973372459412e-02 3.983793780207633972e-02 3.484480455517768860e-02 -2.910016290843486786e-02 3.844981081783771515e-03 -8.311735093593597412e-02 7.659499347209930420e-02 1.112951636314392090e-01 -1.785833537578582764e-01 4.038367047905921936e-02 -1.846558451652526855e-01 8.633637428283691406e-02 -1.071221828460693359e-01 -5.967547744512557983e-02 -2.009889036417007446e-01 -6.450279057025909424e-02 -2.142539247870445251e-02
-2.775531411170959473e-01 1.172267422080039978e-01 1.038183830678462982e-02 -6.536026597023010254e-01 4.541032314300537109e-01 -1.080798730254173279e-01 1.084792986512184143e-01 -2.875176072120666504e-01 -2.024626135826110840e-01 2.577002644538879395e-01 -1.356096714735031128e-01 1.230824664235115051e-01 4.027075767517089844e-01 1.353009045124053955e-01 -3.430132865905761719e-01 -9.041956067085266113e-02 4.340710937976837158e-01 1.486160904169082642e-01 1.869262158870697021e-01 -8.602505177259445190e-02 -6.225378438830375671e-02 -2.079958468675613403e-01 -1.076784729957580566e-01 4.010169208049774170e-02 1.078440174460411072e-01 -3.889923915266990662e-03 2.412252500653266907e-02 -2.621061168611049652e-02 1.790812611579895020e-01 -9.197723865509033203e-02 -8.868543803691864014e-02 2.810709774494171143e-01
2.144372463226318359e-01 3.552684485912322998e-01 -1.474879682064056396e-01 -3.527073860168457031e-01 -1.261926442384719849e-01 -1.053281277418136597e-01 -2.241216897964477539e-01 -3.135325610637664795e-01 -2.776941359043121338e-01 1.663273721933364868e-01 -2.444567382335662842e-01 7.711882144212722778e-02 1.461364775896072388e-01 -1.234659105539321899e-01 -1.320888102054595947e-01 -3.606716990470886230e-01 -1.803013384342193604e-01 -3.129990100860595703e-01 -1.402763277292251587e-01 -1.213744953274726868e-01 -1.466767936944961548e-01 2.594215571880340576e-01 1.788609027862548828e-01 -2.856597602367401123e-01 1.655103117227554321e-01 -4.695013910531997681e-02 -1.238562166690826416e-03 2.196380048990249634e-01 -7.616076618432998657e-02 5.945221707224845886e-02 2.686285674571990967e-01 4.301235675811767578e-01
-1.080389395356178284e-01 -9.130373597145080566e-02 -9.903377294540405273e-02 -7.953945547342300415e-03 -1.387446075677871704e-01 6.938189268112182617e-03 -1.081210449337959290e-01 4.484035447239875793e-02 8.969222754240036011e-02 -1.723235547542572021e-01 4.875229299068450928e-02 -4.704216867685317993e-02 -1.374290287494659424e-01 -2.113389521837234497e-01 6.756285578012466431e-02 -1.435628086328506470e-01 -2.166911363601684570e-01 1.768569499254226685e-01 -2.272842079401016235e-02 2.240483760833740234e-01 4.790927469730377197e-02 3.561421856284141541e-02 9.964831918478012085e-02 2.356755733489990234e-01 -2.076116055250167847e-01 2.151778489351272583e-01 -1.398808658123016357e-01 1.886042952537536621e-01 -2.802856862545013428e-01 -1.305052638053894043e-02 -5.288718268275260925e-02 6.376000586897134781e-03
2.503622174263000488e-01 1.684069037437438965e-01 5.692476034164428711e-01 2.418319582939147949e-01 2.572828829288482666e-01 -1.872591674327850342e-01 -1.305175479501485825e-02 4.918691143393516541e-02 -2.593184113502502441e-01 3.842232227325439453e-01 2.168267071247100830e-01 2.646455168724060059e-01 3.362952470779418945e-01 3.765410780906677246e-01 -1.798935383558273315e-01 2.835225462913513184e-01 1.845425069332122803e-01 -2.458075620234012604e-02 5.107587575912475586e-02 -3.082222640514373779e-01 7.338494062423706055e-03 -5.449715629220008850e-02 -7.722575962543487549e-02 -4.212588071823120117e-01 2.238220423460006714e-01 -4.645465612411499023e-01 1.906070560216903687e-01 -3.757091164588928223e-01 2.252996116876602173e-01 -2.805556058883666992e-01 -2.077270448207855225e-01 -1.013305969536304474e-03
-1.076838187873363495e-02 5.497987568378448486e-02 -1.583652943372726440e-01 8.049516007304191589e-03 1.059128195047378540e-01 2.230206429958343506e-01 -9.767981618642807007e-02 2.141929417848587036e-01 9.088698774576187134e-02 -7.140672951936721802e-02 4.868221282958984375e-02 1.770103573799133301e-01 8.578203618526458740e-03 -1.102115958929061890e-01 -1.109067797660827637e-01 -9.802849590778350830e-02 -2.098292708396911621e-01 -6.395798176527023315e-02 -2.500022053718566895e-01 -2.479236386716365814e-02 -2.038181722164154053e-01 7.338938117027282715e-02 -3.909938782453536987e-02 3.296335414052009583e-02 -1.304470933973789215e-02 1.479646265506744385e-01 -1.996357887983322144e-01 3.441724479198455811e-01 -2.368370443582534790e-01 2.000913023948669434e-01 1.655741184949874878e-01 2.038152143359184265e-02
-5.131309479475021362e-02 3.390503823757171631e-01 -2.377673834562301636e-01 -5.042580962181091309e-01 6.558522582054138184e-02 8.881315588951110840e-04 -1.168883666396141052e-01 -7.470002770423889160e-02 -1.969891488552093506e-01 -2.770531177520751953e-02 -7.791167497634887695e-02 3.481469452381134033e-01 2.689235806465148926e-01 -2.227000892162322998e-03 -9.393198043107986450e-02 -1.261221915483474731e-01 -2.175550758838653564e-01 -3.979963958263397217e-01 -2.065123617649078369e-01 1.959370672702789307e-01 -2.427958846092224121e-01 3.292386531829833984e-01 -1.984580308198928833e-01 -8.877860754728317261e-02 1.774819046258926392e-01 1.324864476919174194e-01 -2.651412189006805420e-01 3.205685615539550781e-01 -1.903032958507537842e-01 2.116259932518005371e-01 -4.935961216688156128e-03 4.452247917652130127e-01
-9.477060288190841675e-02 1.359132677316665649e-02 -2.357506603002548218e-01 -1.694160997867584229e-01 8.336212486028671265e-02 9.525832533836364746e-02 -2.650419175624847412e-01 1.975744962692260742e-01 2.334609627723693848e-02 -4.713967069983482361e-02 2.984419465065002441e-03 2.027113437652587891e-01 1.919287592172622681e-01 -1.182138919830322266e-01 -2.725388109683990479e-01 -1.541359871625900269e-01 -3.633847236633300781e-01 -1.222688853740692139e-01 -1.951761841773986816e-01 -1.908052898943424225e-02 -1.086141467094421387e-01 5.814161151647567749e-03 -1.336306035518646240e-01 1.671628654003143311e-01 -3.231590241193771362e-02 2.804940640926361084e-01 -1.678612679243087769e-01 4.788302779197692871e-01 -2.250147610902786255e-01 1.191911175847053528e-01 1.749476641416549683e-01 1.611088812351226807e-01
-2.323507517576217651e-01 9.041261672973632812e-02 -1.553764343261718750e-01 -3.925225138664245605e-01 1.816302537918090820e-01 3.622338920831680298e-02 -2.145992517471313477e-01 1.663975119590759277e-01 -1.813578605651855469e-01 -9.500770270824432373e-02 -6.684871017932891846e-02 2.928592562675476074e-01 3.627812862396240234e-01 -4.625294730067253113e-02 -2.231654375791549683e-01 -1.048783957958221436e-01 -3.044822514057159424e-01 -2.310789823532104492e-01 -2.368757724761962891e-01 1.386462152004241943e-01 -1.903710663318634033e-01 7.052205502986907959e-02 -3.714987635612487793e-01 1.801331639289855957e-01 2.124834246933460236e-02 2.588103413581848145e-01 -3.958109319210052490e-01 4.788582026958465576e-01 -3.128754198551177979e-01 1.349451094865798950e-01 -9.434623271226882935e-02 2.632339298725128174e-01
-1.641743816435337067e-02 1.391487717628479004e-01 5.557780712842941284e-02 4.812059924006462097e-03 2.817452549934387207e-01 1.081460118293762207e-01 8.254391700029373169e-02 -2.841727249324321747e-02 -1.228801906108856201e-02 1.647983342409133911e-01 1.398961544036865234e-01 1.384478807449340820e-02 4.701994359493255615e-02 1.211892068386077881e-01 -5.800388753414154053e-02 2.407996952533721924e-01 2.842410802841186523e-01 9.535369277000427246e-02 -8.773936331272125244e-02 -1.232201680541038513e-01 -2.175695598125457764e-01 -2.847034931182861328e-01 -1.608947962522506714e-01 -2.508550584316253662e-01 1.981268972158432007e-01 -1.581871658563613892e-01 -1.921941190958023071e-01 -7.723674923181533813e-02 1.598566174507141113e-01 -2.063516825437545776e-01 -1.580445766448974609e-01 -7.105206698179244995e-02
6.547407060861587524e-02 2.650183439254760742e-02 1.249205321073532104e-01 1.092380732297897339e-01 -4.513359814882278442e-02 4.536499083042144775e-02 1.335647404193878174e-01 1.600699722766876221e-01 -7.533463835716247559e-02 1.390647888183593750e-01 -3.707605600357055664e-02 -2.090488672256469727e-01 -6.380089372396469116e-02 -1.218556016683578491e-01 -1.181731466203927994e-02 6.484054774045944214e-02 1.612407863140106201e-01 1.892824470996856689e-02 3.004307299852371216e-02 -2.139436453580856323e-01 -1.101572364568710327e-01 6.076728925108909607e-02 4.735453426837921143e-02 -3.459160402417182922e-02 -6.136816740036010742e-02 -6.293421983718872070e-02 1.746943220496177673e-02 9.828084707260131836e-02 3.144040331244468689e-02 -3.043817877769470215e-01 7.594802975654602051e-02 -7.814186066389083862e-02
-7.571753114461898804e-02 -2.662667818367481232e-02 -5.962383002042770386e-03 -2.070966213941574097e-01 1.655201613903045654e-01 -6.472553312778472900e-02 -2.371329367160797119e-01 3.741659224033355713e-03 -1.304979622364044189e-01 -6.298847496509552002e-02 9.510152041912078857e-02 2.174847722053527832e-01 1.612172275781631470e-01 -1.240626573562622070e-01 -1.755595952272415161e-01 -4.846261814236640930e-02 -3.796104341745376587e-02 7.763662934303283691e-02 1.432244628667831421e-01 3.013176620006561279e-01 7.303576916456222534e-02 -1.010486781597137451e-01 -1.038595139980316162e-01 4.682546854019165039e-01 -1.583530604839324951e-01 4.048334658145904541e-01 -1.529734134674072266e-01 -1.798175275325775146e-01 -1.304735243320465088e-01 -6.028285622596740723e-02 -5.237871035933494568e-02 7.543604820966720581e-02
-8.011376112699508667e-02 9.509868174791336060e-02 -9.061515331268310547e-02 -2.861123383045196533e-01 1.314771324396133423e-01 1.348755508661270142e-01 -7.410186529159545898e-02 1.338805705308914185e-01 -1.038511544466018677e-01 -5.014388635754585266e-02 -8.312185108661651611e-02 2.715531885623931885e-01 2.226398438215255737e-01 -8.691297471523284912e-02 -1.392141729593276978e-01 -8.005225658416748047e-02 -1.209161207079887390e-01 -2.287183701992034912e-01 -2.075570523738861084e-01 5.898798257112503052e-02 -2.335686385631561279e-01 1.709289550781250000e-01 -1.968370229005813599e-01 3.303132578730583191e-02 -1.138214953243732452e-02 1.338331252336502075e-01 -3.465056121349334717e-01 3.539845347404479980e-01 -2.477834671735763550e-01 1.154850274324417114e-01 -7.946366816759109497e-02 2.036706209182739258e-01
-2.891592085361480713e-01 -1.821295619010925293e-01 2.172713279724121094e-01 -2.865705192089080811e-01 1.073381826281547546e-01 -3.975353240966796875e-01 -9.071276336908340454e-02 -5.757471919059753418e-02 -1.513350903987884521e-01 8.565357327461242676e-02 3.952904418110847473e-02 9.790732711553573608e-02 4.477976560592651367e-01 1.765707433223724365e-01 -1.366153359413146973e-01 2.031965255737304688e-01 2.000654935836791992e-01 3.166415169835090637e-02 3.137374520301818848e-01 2.018676251173019409e-01 2.441250681877136230e-01 -1.646606773138046265e-01 -2.216543704271316528e-01 4.197343587875366211e-01 -1.813078857958316803e-02 1.395155191421508789e-01 9.191448986530303955e-02 -2.066164910793304443e-01 8.650161325931549072e-02 -2.880967855453491211e-01 -1.661046445369720459e-01 2.838214933872222900e-01
-4.381060898303985596e-01 -3.446840122342109680e-02 4.949653148651123047e-02 -5.820525288581848145e-01 4.436709284782409668e-01 -1.216295808553695679e-01 -9.314893186092376709e-02 -1.446918547153472900e-01 -1.331001073122024536e-01 -1.318541318178176880e-01 1.425492167472839355e-01 2.943299114704132080e-01 4.702969789505004883e-01 1.725339740514755249e-01 -1.380690336227416992e-01 1.892331242561340332e-01 2.800157964229583740e-01 2.876848354935646057e-02 3.135898709297180176e-01 4.005572497844696045e-01 8.519542962312698364e-02 -1.194408386945724487e-01 -2.951911091804504395e-01 3.442275226116180420e-01 1.678843051195144653e-02 2.155766785144805908e-01 -2.430905848741531372e-01 -3.886480331420898438e-01 8.413417637348175049e-02 1.286480724811553955e-01 -3.256064057350158691e-01 2.275932431221008301e-01
1.791225373744964600e-01 6.791920959949493408e-02 2.150541730225086212e-02 4.334731027483940125e-02 1.380400508642196655e-01 2.297066450119018555e-01 6.936755776405334473e-02 -4.916248470544815063e-02 -1.646495237946510315e-02 2.052242010831832886e-01 2.136583253741264343e-02 -1.085437834262847900e-02 -1.366965174674987793e-01 1.378285512328147888e-02 -1.260094195604324341e-01 5.810487270355224609e-02 1.011799648404121399e-01 1.005332469940185547e-01 -2.346819937229156494e-01 -1.918824017047882080e-01 -1.902776509523391724e-01 -3.013058602809906006e-01 -8.835946023464202881e-02 -1.465152204036712646e-01 1.227244436740875244e-01 -2.147321775555610657e-02 1.835632324218750000e-02 -1.795180141925811768e-02 1.283495426177978516e-01 -1.681309342384338379e-01 4.008097946643829346e-02 -1.268804222345352173e-01
4.363889992237091064e-01 1.486062705516815186e-01 5.030569434165954590e-01 3.980225920677185059e-01 1.145057380199432373e-01 -2.330330014228820801e-02 -1.529431343078613281e-02 4.775789752602577209e-02 -2.168927490711212158e-01 3.405363559722900391e-01 2.063610851764678955e-01 2.086846232414245605e-01 1.466934233903884888e-01 3.148991465568542480e-01 -1.549222320318222046e-01 2.750164568424224854e-01 1.033401787281036377e-01 -6.809744983911514282e-02 -9.677678346633911133e-02 -3.659456968307495117e-01 1.771794259548187256e-02 -5.899499356746673584e-02 -9.494481980800628662e-02 -3.282731771469116211e-01 2.548404633998870850e-01 -4.319020807743072510e-01 2.043244838714599609e-01 -3.277889192104339600e-01 2.241088598966598511e-01 -2.016140669584274292e-01 -8.814461529254913330e-02 -1.214744746685028076e-01
1.959055960178375244e-01 3.708992004394531250e-01 -9.909574687480926514e-02 -1.816274076700210571e-01 -8.237363398075103760e-02 1.792160421609878540e-02 -5.991193652153015137e-02 -8.218589425086975098e-02 -2.506449222564697266e-01 1.727405935525894165e-01 -1.817753314971923828e-01 2.151980996131896973e-02 -6.653095036745071411e-02 -1.343018710613250732e-01 -1.342191100120544434e-01 -2.405681610107421875e-01 -1.289232671260833740e-01 -2.654899358749389648e-01 -1.700757741928100586e-01 -1.104202941060066223e-01 -1.934009790420532227e-01 1.896005123853683472e-01 1.765269935131072998e-01 -2.275798022747039795e-01 9.735165163874626160e-03 -2.819061651825904846e-02 -3.867634385824203491e-02 2.133021801710128784e-01 -1.110697537660598755e-01 -5.865804851055145264e-02 1.764182150363922119e-01 2.624580264091491699e-01
-2.853265218436717987e-02 -4.003109410405158997e-02 1.618966460227966309e-01 1.215507835149765015e-01 3.337452560663223267e-02 9.213708341121673584e-03 1.106505692005157471e-01 1.688871830701828003e-01 1.455314457416534424e-02 -2.321028709411621094e-02 5.360832810401916504e-02 -1.545368134975433350e-01 4.857276380062103271e-02 -7.400371134281158447e-02 1.817836798727512360e-02 1.584380418062210083e-01 1.771778464317321777e-01 1.076222509145736694e-01 1.483614742755889893e-02 -7.402487099170684814e-02 -1.102861166000366211e-01 1.591703668236732483e-02 -7.198469340801239014e-02 1.032261624932289124e-01 6.034700199961662292e-02 -9.593844413757324219e-02 -4.414983093738555908e-03 9.602257981896400452e-03 9.616129100322723389e-04 -1.018038988113403320e-01 7.024975866079330444e-02 -1.054031848907470703e-01
-1.391438394784927368e-01 1.312474906444549561e-01 -1.513728797435760498e-01 -3.674956560134887695e-01 1.892528682947158813e-01 1.486480981111526489e-01 -8.775516599416732788e-02 1.253090649843215942e-01 -1.288953572511672974e-01 -8.945414423942565918e-02 -9.520527720451354980e-02 2.796420454978942871e-01 2.564088106155395508e-01 -8.692737668752670288e-03 -1.260198950767517090e-01 -5.571675673127174377e-02 -1.796717941761016846e-01 -2.524802386760711670e-01 -2.430989146232604980e-01 1.128852590918540955e-01 -1.959285736083984375e-01 1.631262898445129395e-01 -2.850984930992126465e-01 2.199381217360496521e-02 6.175077706575393677e-02 1.307167112827301025e-01 -3.738646507263183594e-01 4.336072802543640137e-01 -2.707721292972564697e-01 1.481745094060897827e-01 -1.303220540285110474e-01 2.673852443695068359e-01
2.299868166446685791e-01 2.450392246246337891e-01 1.529086530208587646e-01 2.774322628974914551e-01 7.977865636348724365e-03 1.223059594631195068e-01 1.036442145705223083e-01 8.816196024417877197e-02 -1.577371954917907715e-01 4.858031868934631348e-03 -2.615270018577575684e-02 -1.185565516352653503e-01 -2.442857772111892700e-01 -4.266059026122093201e-02 1.472986787557601929e-01 3.344489634037017822e-02 9.006080776453018188e-02 3.697579726576805115e-02 -1.137091144919395447e-01 -9.474013000726699829e-03 -1.761968731880187988e-01 1.088894009590148926e-01 4.721415787935256958e-02 -1.874473989009857178e-01 3.401948139071464539e-02 -1.224803179502487183e-01 1.411445066332817078e-02 -8.073864132165908813e-02 -8.084487915039062500e-02 -1.666654944419860840e-01 -3.700000047683715820e-02 -1.168144047260284424e-01
-9.568298235535621643e-03 2.596297264099121094e-01 -2.166026979684829712e-01 -3.587175607681274414e-01 4.900764673948287964e-02 1.413600891828536987e-02 -1.705793738365173340e-01 4.176355525851249695e-02 -2.488877177238464355e-01 1.595301926136016846e-02 -6.964096426963806152e-02 2.532594501972198486e-01 2.214504331350326538e-01 -6.795608997344970703e-02 -1.887009441852569580e-01 -1.863217055797576904e-01 -2.740854024887084961e-01 -3.537320792675018311e-01 -2.580752372741699219e-01 1.071125566959381104e-01 -2.461085319519042969e-01 2.028835862874984741e-01 -1.707917451858520508e-01 -1.911709457635879517e-02 7.194680720567703247e-02 1.992979645729064941e-01 -2.417467087507247925e-01 3.701266646385192871e-01 -2.255309820175170898e-01 7.427531480789184570e-02 5.586238950490951538e-02 3.349264562129974365e-01
-1.838134378194808960e-01 -1.550155133008956909e-01 6.229326874017715454e-02 -2.156110852956771851e-01 -3.332483768463134766e-02 -2.183059453964233398e-01 -1.391184926033020020e-01 8.511148393154144287e-02 -3.358684107661247253e-02 -2.181827276945114136e-02 -1.842320710420608521e-02 -2.897028625011444092e-02 2.379447966814041138e-01 -1.542260646820068359e-01 8.741561323404312134e-02 -1.220218539237976074e-01 -1.542837321758270264e-01 2.760649099946022034e-02 1.997935175895690918e-01 1.316097229719161987e-01 1.361840069293975830e-01 8.572816848754882812e-02 1.391618251800537109e-01 3.202404975891113281e-01 -3.220281600952148438e-01 1.958037465810775757e-01 -8.088181167840957642e-02 2.065239846706390381e-01 -3.536541163921356201e-01 -2.850967645645141602e-01 -1.767088621854782104e-01 2.002176940441131592e-01
-3.667465597391128540e-02 4.143086075782775879e-02 -2.698502838611602783e-01 -2.249571830034255981e-01 3.715352416038513184e-01 2.539037168025970459e-01 -1.369087100028991699e-01 -5.622663721442222595e-02 4.270993918180465698e-02 -1.757172048091888428e-01 2.915991246700286865e-01 1.396340429782867432e-01 -1.555164605379104614e-01 -6.866206228733062744e-02 -1.485358178615570068e-01 -1.356933563947677612e-01 7.098765671253204346e-02 9.974229335784912109e-02 -1.699339300394058228e-01 3.011727929115295410e-01 -1.386268436908721924e-01 -7.276044040918350220e-02 -6.076507270336151123e-02 2.544782161712646484e-01 -5.073335766792297363e-02 4.256801605224609375e-01 -2.518531978130340576e-01 -2.699981629848480225e-01 -6.981274485588073730e-02 2.899907231330871582e-01 2.212739735841751099e-02 -7.968128472566604614e-02
3.922336176037788391e-02 3.392831087112426758e-01 5.220273137092590332e-02 -2.856258749961853027e-01 2.964898943901062012e-03 -2.824299037456512451e-03 1.733414828777313232e-01 -6.253830343484878540e-02 -2.111457884311676025e-01 3.810818493366241455e-02 -1.346790343523025513e-01 1.515323668718338013e-02 1.137141287326812744e-01 5.148902907967567444e-02 1.047361418604850769e-01 3.526423126459121704e-02 1.394335925579071045e-01 -2.375480979681015015e-01 -4.286303371191024780e-02 1.233515609055757523e-02 -1.840686798095703125e-01 3.471855223178863525e-01 -5.944453179836273193e-02 -2.012835443019866943e-01 1.722506880760192871e-01 -1.724269390106201172e-01 -2.344252020120620728e-01 8.322425931692123413e-02 -6.991504132747650146e-02 -7.584771513938903809e-02 -1.385705173015594482e-01 2.276208698749542236e-01
-2.101313322782516479e-01 -3.842301666736602783e-04 -1.902775168418884277e-01 -2.876942157745361328e-01 2.118650525808334351e-01 1.362746506929397583e-01 -2.777380347251892090e-01 2.081006020307540894e-01 -5.475682020187377930e-02 -1.507738232612609863e-01 1.201570779085159302e-02 3.481730520725250244e-01 3.258282542228698730e-01 -1.673271879553794861e-02 -2.148772925138473511e-01 -1.101165562868118286e-01 -3.894300162792205811e-01 -1.640022695064544678e-01 -2.502672970294952393e-01 1.384301036596298218e-01 -1.725229471921920776e-01 -1.215509325265884399e-02 -3.667121529579162598e-01 1.856381893157958984e-01 4.960030317306518555e-03 3.075452446937561035e-01 -3.335598707199096680e-01 5.390391945838928223e-01 -3.271583914756774902e-01 2.268537729978561401e-01 -5.024072900414466858e-02 1.982087492942810059e-01
-4.887674003839492798e-02 -7.504291832447052002e-02 -2.729623392224311829e-02 -1.168692018836736679e-02 -4.474567621946334839e-02 9.273922443389892578e-02 8.326990157365798950e-02 -2.392918244004249573e-02 1.683702766895294189e-01 8.624719083309173584e-02 -2.527781575918197632e-02 -1.225534528493881226e-01 6.586238741874694824e-02 -8.494576811790466309e-02 -1.595706865191459656e-02 1.769958436489105225e-01 5.670509114861488342e-02 1.485272645950317383e-01 -2.515053376555442810e-02 -1.633968800306320190e-01 -5.713997036218643188e-02 -2.203223705291748047e-01 -4.590891301631927490e-03 -1.058306917548179626e-01 1.246634200215339661e-01 -1.635341644287109375e-01 1.411605626344680786e-03 2.426218539476394653e-01 1.553996801376342773e-01 -2.765440940856933594e-01 -1.270979642868041992e-01 -1.717861741781234741e-03
-1.004017964005470276e-01 -3.150405734777450562e-02 -1.437145769596099854e-01 -1.312520802021026611e-01 1.228189766407012939e-01 1.395401209592819214e-01 -1.693906038999557495e-01 2.530113756656646729e-01 6.522988528013229370e-02 -1.461652070283889771e-01 6.114080548286437988e-03 2.094241976737976074e-01 2.256898730993270874e-01 -8.604785799980163574e-02 -1.713869720697402954e-01 -5.609000101685523987e-02 -2.482832074165344238e-01 -6.410484015941619873e-02 -1.948873400688171387e-01 4.205960780382156372e-02 -1.539323031902313232e-01 3.732335940003395081e-02 -1.975372582674026489e-01 1.701042056083679199e-01 3.163173794746398926e-03 2.068181931972503662e-01 -2.595435976982116699e-01 3.957319259643554688e-01 -2.475871294736862183e-01 1.533331274986267090e-01 7.185992598533630371e-02 7.657239586114883423e-02
-1.059490069746971130e-01 -1.337788999080657959e-01 -2.233708947896957397e-01 5.798886343836784363e-02 8.922970294952392578e-02 1.369536668062210083e-01 -2.228123396635055542e-01 1.684830039739608765e-01 2.838423550128936768e-01 -7.268458604812622070e-02 6.249890476465225220e-02 8.529458194971084595e-02 1.749935895204544067e-01 -1.728852689266204834e-01 -1.956767886877059937e-01 -1.284364759922027588e-01 -2.661919891834259033e-01 7.447883486747741699e-02 -8.621996641159057617e-02 -5.089008808135986328e-02 1.077668368816375732e-02 -2.975762449204921722e-02 4.667786508798599243e-02 1.719778478145599365e-01 7.465278729796409607e-03 1.594913452863693237e-01 -1.304585486650466919e-03 3.367107510566711426e-01 -2.135564386844635010e-01 3.376123905181884766e-01 3.293920159339904785e-01 8.404461666941642761e-03
-2.303694039583206177e-01 -1.443018317222595215e-01 2.405598908662796021e-01 -1.604017913341522217e-01 1.428708136081695557e-01 4.443235695362091064e-02 1.896505206823348999e-01 2.086676508188247681e-01 4.902222007513046265e-02 -1.248870193958282471e-01 -3.556177020072937012e-02 -1.166367456316947937e-01 3.061808347702026367e-01 5.537095293402671814e-02 6.416523829102516174e-03 2.956517338752746582e-01 3.245228826999664307e-01 7.667486369609832764e-02 6.022837013006210327e-02 -2.378612570464611053e-02 -1.070104166865348816e-02 -3.808538243174552917e-02 -1.726027876138687134e-01 1.574840247631072998e-01 4.866797477006912231e-03 -1.915001571178436279e-01 -2.557958066463470459e-01 1.215757504105567932e-01 -9.852965176105499268e-02 1.360812783241271973e-02 -2.726046741008758545e-01 -4.091335833072662354e-02
-3.656993806362152100e-02 -1.484701409935951233e-03 -9.196437895298004150e-02 -4.610254764556884766e-01 2.411450296640396118e-01 -2.974201738834381104e-02 4.018076509237289429e-02 -2.874164283275604248e-01 -1.306305080652236938e-01 3.509879112243652344e-01 -2.238669395446777344e-01 9.130611270666122437e-02 1.240433305501937866e-01 -1.320827007293701172e-02 -3.270078301429748535e-01 -1.838767379522323608e-01 1.698650121688842773e-01 1.325587183237075806e-01 1.380185037851333618e-02 -1.925424784421920776e-01 4.955075681209564209e-03 -1.679839044809341431e-01 -2.579429000616073608e-02 1.763641238212585449e-01 5.872398987412452698e-02 9.322094917297363281e-02 2.023086994886398315e-01 1.491454616189002991e-02 1.866633892059326172e-01 -1.333802193403244019e-01 2.227129042148590088e-01 2.179710566997528076e-01
1.483485847711563110e-01 1.553112268447875977e-01 2.429639548063278198e-01 6.584309041500091553e-02 -4.788282513618469238e-02 -3.711650520563125610e-02 8.883049339056015015e-02 6.112171337008476257e-02 -2.206342220306396484e-01 -1.615913957357406616e-02 5.234427750110626221e-03 -3.023682534694671631e-02 -4.997896030545234680e-02 1.010166034102439880e-01 1.963082998991012573e-01 1.384125202894210815e-01 6.175108626484870911e-02 -2.013241127133369446e-02 -2.203157730400562286e-02 5.565571784973144531e-02 -2.075635492801666260e-01 1.732309609651565552e-01 -5.337064713239669800e-02 -9.146387875080108643e-02 1.711500585079193115e-01 -1.499174982309341431e-01 -9.311107546091079712e-02 -1.620232462882995605e-01 -1.049314439296722412e-01 -2.512454986572265625e-01 -1.667375266551971436e-01 -1.327445078641176224e-02
1.832493096590042114e-01 3.598163127899169922e-01 4.987460747361183167e-02 -2.756989002227783203e-01 -1.027322709560394287e-01 -1.032539159059524536e-01 -3.002164512872695923e-02 -2.664680480957031250e-01 -2.586453557014465332e-01 1.434486657381057739e-01 -2.085312306880950928e-01 1.418490707874298096e-02 1.211044937372207642e-01 -3.562891855835914612e-02 4.555928707122802734e-02 -1.336925774812698364e-01 2.539355307817459106e-02 -2.472416162490844727e-01 -7.820683717727661133e-02 -7.001540809869766235e-02 -1.568928956985473633e-01 3.396461009979248047e-01 1.352818310260772705e-01 -2.670499980449676514e-01 1.801951378583908081e-01 -1.979944854974746704e-01 -7.644718140363693237e-02 5.290431901812553406e-02 -7.106873393058776855e-02 -2.946874499320983887e-02 5.214826017618179321e-02 3.468863368034362793e-01
-9.259971976280212402e-02 -2.479797005653381348e-01 -1.007064580917358398e-01 -1.357162594795227051e-01 -3.069781661033630371e-01 -3.177372217178344727e-01 -2.159162312746047974e-01 -2.533996403217315674e-01 3.542886376380920410e-01 -2.390589863061904907e-01 -6.440721452236175537e-02 -2.401022613048553467e-01 3.222712874412536621e-01 2.869965508580207825e-02 2.460605949163436890e-01 7.374022156000137329e-02 -1.761914789676666260e-01 9.011961519718170166e-02 7.176233083009719849e-02 -8.424572646617889404e-02 2.100959718227386475e-01 8.238744735717773438e-02 3.132930397987365723e-01 -2.042852640151977539e-01 2.645540833473205566e-01 -5.330010056495666504e-01 3.154283761978149414e-01 3.067129552364349365e-01 6.299458444118499756e-02 2.907507121562957764e-01 4.009374231100082397e-02 3.188970983028411865e-01
-8.957110345363616943e-02 1.426793336868286133e-01 -1.955830156803131104e-01 -3.355218172073364258e-01 2.772210836410522461e-01 1.574204117059707642e-01 6.047794967889785767e-02 -2.698434889316558838e-01 -1.492052376270294189e-01 1.452494114637374878e-01 -1.361588388681411743e-01 9.521804749965667725e-03 -3.558173775672912598e-04 -7.800647616386413574e-02 -2.396690845489501953e-01 -1.037349849939346313e-01 2.716097235679626465e-01 1.681214869022369385e-01 -5.374474078416824341e-02 -4.050853103399276733e-02 -1.747736334800720215e-01 -2.163943946361541748e-01 -6.738337874412536621e-02 1.255370974540710449e-01 1.037431955337524414e-01 6.955780088901519775e-02 -4.849830269813537598e-02 -9.838449209928512573e-02 1.212426126003265381e-01 -2.605134248733520508e-02 4.686695337295532227e-02 8.609905838966369629e-02
-9.048667550086975098e-02 5.938344448804855347e-02 -2.531242072582244873e-01 -1.919371485710144043e-01 1.257325559854507446e-01 1.118154078722000122e-01 -3.081277310848236084e-01 1.762078404426574707e-01 -3.581949695944786072e-02 -9.064339846372604370e-02 3.317832946777343750e-02 3.136251270771026611e-01 2.259764224290847778e-01 -9.905068576335906982e-02 -2.595891654491424561e-01 -1.903741806745529175e-01 -4.421386718750000000e-01 -1.681466549634933472e-01 -2.598143517971038818e-01 7.157605141401290894e-02 -2.118628919124603271e-01 2.672271057963371277e-02 -2.139499634504318237e-01 1.651977002620697021e-01 -1.633560843765735626e-02 3.523899912834167480e-01 -2.449248880147933960e-01 4.898718595504760742e-01 -2.983396351337432861e-01 1.827090978622436523e-01 1.353895813226699829e-01 1.772989481687545776e-01
1.640633493661880493e-01 -1.682752743363380432e-03 -5.622804164886474609e-03 -3.310972079634666443e-02 -5.400381982326507568e-03 2.126072049140930176e-01 9.539111703634262085e-02 -6.399108469486236572e-02 4.007782042026519775e-02 2.094886451959609985e-01 -1.741027086973190308e-01 -6.919464468955993652e-02 -1.488172709941864014e-01 -1.405542492866516113e-01 -2.227198928594589233e-01 -3.857837989926338196e-02 -7.015582174062728882e-02 1.413670480251312256e-01 -1.686356365680694580e-01 -3.398092985153198242e-01 -1.029454618692398071e-01 -2.839503884315490723e-01 -2.061937004327774048e-02 1.987991482019424438e-02 -5.407331883907318115e-02 3.414576873183250427e-03 1.330769956111907959e-01 2.307889014482498169e-01 9.409740567207336426e-02 -2.855182290077209473e-01 4.678536951541900635e-02 -1.106785014271736145e-01
-2.733848430216312408e-02 2.113910764455795288e-02 3.114993274211883545e-01 1.672299057245254517e-01 1.161465644836425781e-01 3.416074812412261963e-02 2.497339248657226562e-01 1.414936333894729614e-01 -5.715858936309814453e-02 -1.479675471782684326e-01 1.638101786375045776e-01 5.114612728357315063e-02 -1.031398177146911621e-01 1.706345975399017334e-01 1.553584784269332886e-01 2.862172126770019531e-01 2.615849971771240234e-01 6.018747016787528992e-02 -1.437444612383842468e-02 9.751212596893310547e-02 -2.917780876159667969e-01 -4.792542383074760437e-02 -2.447565048933029175e-01 -1.811067573726177216e-02 1.881112456321716309e-01 -5.306357890367507935e-02 -1.892746537923812866e-01 -2.705664932727813721e-01 2.034953981637954712e-02 -1.135783940553665161e-01 -1.770643889904022217e-01 -2.138353735208511353e-01
-1.159385964274406433e-01 -7.719293236732482910e-02 1.871903389692306519e-01 -5.773472040891647339e-02 1.177963763475418091e-01 1.194977015256881714e-01 1.621745079755783081e-01 2.298898845911026001e-01 7.045113295316696167e-02 -7.014495134353637695e-02 1.853862032294273376e-02 -3.237594664096832275e-02 1.781043857336044312e-01 1.587419211864471436e-02 3.668463975191116333e-02 1.951652765274047852e-01 1.955706477165222168e-01 4.457714036107063293e-02 7.278514653444290161e-02 -8.023003488779067993e-02 -1.553482264280319214e-01 1.399547979235649109e-02 -1.527061611413955688e-01 2.893615141510963440e-02 8.343590423464775085e-03 -4.876660555601119995e-02 -2.423538267612457275e-01 1.311542093753814697e-01 -6.336187571287155151e-02 -3.725887089967727661e-02 -1.195227056741714478e-01 -1.173945516347885132e-01
2.348484285175800323e-02 6.533849239349365234e-02 -5.252481624484062195e-02 6.430326029658317566e-03 -1.338410377502441406e-02 7.580932974815368652e-02 2.342545427381992340e-02 1.714631915092468262e-01 8.727550506591796875e-03 7.805627584457397461e-02 -5.061441659927368164e-02 -8.296561241149902344e-02 4.757441580295562744e-03 -1.961162537336349487e-01 -1.606766432523727417e-01 -7.481181621551513672e-02 -2.332637459039688110e-02 -7.183468341827392578e-02 -1.122119575738906860e-01 -1.657373160123825073e-01 -6.545793265104293823e-02 1.096052676439285278e-01 8.756305277347564697e-02 -8.331893011927604675e-03 -1.082661673426628113e-01 4.794338718056678772e-02 -6.560458242893218994e-02 2.495162785053253174e-01 -9.483809769153594971e-02 -1.279305964708328247e-01 1.773421466350555420e-01 4.411011561751365662e-02
-4.726339131593704224e-02 -1.193349212408065796e-01 1.358650475740432739e-01 -9.657180309295654297e-02 -1.916078776121139526e-01 -2.860164344310760498e-01 -2.081683427095413208e-01 3.858817741274833679e-02 8.459731191396713257e-02 -1.561525762081146240e-01 -3.936054557561874390e-02 1.021681204438209534e-01 2.359688729047775269e-01 6.446647644042968750e-02 1.819169968366622925e-01 6.929662078619003296e-03 -2.948171794414520264e-01 -8.164602518081665039e-02 2.255780398845672607e-01 1.830981522798538208e-01 1.659606695175170898e-01 1.972677260637283325e-01 8.427099138498306274e-02 1.937261521816253662e-01 -8.457763120532035828e-03 3.165691345930099487e-02 6.057201698422431946e-02 1.025594770908355713e-01 -3.011281192302703857e-01 -6.172576546669006348e-02 -5.424085631966590881e-02 2.721726298332214355e-01
-6.367447227239608765e-02 -1.106222197413444519e-01 6.965641677379608154e-02 1.184178292751312256e-01 -4.513086378574371338e-02 -9.654371440410614014e-02 2.705125138163566589e-03 1.201441735029220581e-01 -7.126778364181518555e-04 9.213542938232421875e-02 3.302022442221641541e-02 -2.329877316951751709e-01 9.589411318302154541e-02 -1.113528609275817871e-01 -1.346224993467330933e-01 6.641914695501327515e-02 1.456927955150604248e-01 1.244978606700897217e-01 1.129577904939651489e-01 -1.162718012928962708e-01 6.826529651880264282e-02 -4.440810531377792358e-02 -2.232439815998077393e-03 1.497687101364135742e-01 3.989151865243911743e-02 -6.274266541004180908e-02 2.085718065500259399e-01 4.731516912579536438e-02 1.109216958284378052e-01 -1.445475518703460693e-01 2.244220674037933350e-01 4.396473057568073273e-03
3.264127671718597412e-02 1.221419051289558411e-01 7.417531311511993408e-02 -1.043820381164550781e-01 3.769145533442497253e-02 1.585159450769424438e-01 1.424397528171539307e-01 1.286687850952148438e-01 -4.288350045680999756e-02 1.262282580137252808e-02 -8.389656245708465576e-02 7.721223682165145874e-02 5.083426833152770996e-03 -9.256832301616668701e-02 -1.947668194770812988e-02 -7.434200495481491089e-03 1.157191693782806396e-01 -1.578759849071502686e-01 -1.281825304031372070e-01 -8.607254177331924438e-02 -1.867320835590362549e-01 1.913683563470840454e-01 -1.740650087594985962e-02 -1.261676251888275146e-01 -6.638941168785095215e-02 -2.061985991895198822e-02 -2.575225532054901123e-01 1.965215504169464111e-01 -1.348039805889129639e-01 -4.061122983694076538e-02 -7.955954968929290771e-02 7.255876809358596802e-02
1.130047589540481567e-01 2.067460715770721436e-01 -7.654002308845520020e-02 -7.032971084117889404e-02 1.125027984380722046e-01 2.642629742622375488e-01 7.091503590345382690e-02 1.062036603689193726e-01 -2.292156219482421875e-03 -5.492574721574783325e-02 -1.111058145761489868e-02 1.636935770511627197e-01 -2.171266824007034302e-02 -6.336902081966400146e-02 2.005496993660926819e-03 -9.574924409389495850e-02 -4.527778178453445435e-02 -1.797684729099273682e-01 -2.397754937410354614e-01 2.744774706661701202e-02 -2.515405118465423584e-01 2.408438473939895630e-01 -1.678205281496047974e-02 -2.042689323425292969e-01 7.245962321758270264e-02 5.681337788701057434e-02 -2.051147669553756714e-01 2.047779709100723267e-01 -1.847831755876541138e-01 1.434097290039062500e-01 8.159004151821136475e-02 5.953885987401008606e-02
-8.845701068639755249e-02 -1.703576445579528809e-01 1.192256808280944824e-01 -4.928845465183258057e-01 2.066419720649719238e-01 -2.160769850015640259e-01 1.003376208245754242e-02 -2.202021330595016479e-01 -1.397012472152709961e-01 5.267049670219421387e-01 -2.615368664264678955e-01 1.115588322281837463e-01 3.838159441947937012e-01 2.269585616886615753e-02 -3.944886624813079834e-01 -2.080080211162567139e-01 6.989128887653350830e-02 1.297338008880615234e-01 1.737947911024093628e-01 -3.021507561206817627e-01 1.078231707215309143e-01 -1.095788180828094482e-01 5.035760998725891113e-02 1.898185312747955322e-01 7.037132978439331055e-02 6.270186603069305420e-02 4.249025881290435791e-01 1.934877038002014160e-01 2.254735082387924194e-01 -3.352060914039611816e-01 1.934928596019744873e-01 3.299852013587951660e-01
1.698132604360580444e-02 4.743140935897827148e-02 2.322411388158798218e-01 -4.018422067165374756e-01 3.427579402923583984e-01 -2.986820936203002930e-01 -4.489781707525253296e-02 -2.501156330108642578e-01 -2.920492291450500488e-01 4.131986498832702637e-01 -9.874635934829711914e-02 2.497156560420989990e-01 3.808783888816833496e-01 2.871450185775756836e-01 -3.812719583511352539e-01 -1.583638191223144531e-01 2.487716376781463623e-01 -1.615688204765319824e-03 1.412559598684310913e-01 -2.188555449247360229e-01 7.549834996461868286e-02 9.834225475788116455e-02 6.856480985879898071e-02 -7.179665565490722656e-02 2.969283759593963623e-01 -1.520464569330215454e-01 4.199505746364593506e-01 -2.229281812906265259e-01 2.432885915040969849e-01 2.090798318386077881e-02 1.905684173107147217e-01 3.332692384719848633e-01
-1.692108996212482452e-02 1.475534588098526001e-02 3.041492104530334473e-01 1.218704134225845337e-01 1.246353238821029663e-01 4.522904753684997559e-02 2.577235102653503418e-01 1.364970058202743530e-01 -4.994987696409225464e-02 -1.700946986675262451e-01 1.551005840301513672e-01 2.641637623310089111e-02 -1.256590336561203003e-01 2.053724527359008789e-01 1.927660852670669556e-01 3.317627906799316406e-01 3.138833940029144287e-01 9.322989732027053833e-03 -7.643503695726394653e-02 1.135493144392967224e-01 -2.827036678791046143e-01 -3.510741144418716431e-02 -2.237318605184555054e-01 -2.906527370214462280e-02 1.651112884283065796e-01 -6.584112346172332764e-02 -1.945557147264480591e-01 -2.663235962390899658e-01 -1.134670153260231018e-02 -1.124164909124374390e-01 -2.840538620948791504e-01 -2.105460762977600098e-01
2.842249572277069092e-01 2.898396849632263184e-01 1.176925450563430786e-01 -1.148228198289871216e-01 -1.810931414365768433e-01 -2.122237831354141235e-01 -1.906826943159103394e-01 -2.268099337816238403e-01 -2.995799183845520020e-01 2.054538279771804810e-01 -2.257834374904632568e-01 -8.038955181837081909e-02 3.714184463024139404e-02 -3.566997125744819641e-02 3.035501949489116669e-02 -1.790661811828613281e-01 -8.638287335634231567e-02 -9.736226499080657959e-02 -4.299739748239517212e-02 -1.704663634300231934e-01 -1.145706623792648315e-01 1.898267716169357300e-01 2.000975608825683594e-01 -2.108822166919708252e-01 1.514498591423034668e-01 -2.364096492528915405e-01 9.759780764579772949e-02 5.035270750522613525e-02 -6.582342088222503662e-02 -1.214926838874816895e-01 1.294678896665573120e-01 2.920454144477844238e-01
-2.617539763450622559e-01 -1.862368360161781311e-02 -1.614281833171844482e-01 -2.994427084922790527e-01 1.939032524824142456e-01 7.324397563934326172e-02 1.735686883330345154e-02 7.256645709276199341e-03 -3.114556521177291870e-02 -1.592156291007995605e-01 1.669696271419525146e-01 -1.907837390899658203e-02 9.905245900154113770e-02 -1.007816046476364136e-01 -2.852492779493331909e-02 -1.107722073793411255e-01 6.197485327720642090e-02 8.953276276588439941e-02 1.296912729740142822e-01 2.367205470800399780e-01 -9.166840463876724243e-02 -2.589304745197296143e-02 -2.180925756692886353e-02 2.662669420242309570e-01 -2.182912975549697876e-01 2.817047536373138428e-01 -3.843205273151397705e-01 5.145687982439994812e-02 -2.066159248352050781e-01 -1.194821596145629883e-01 -3.025434613227844238e-01 4.265144467353820801e-02
-7.645017653703689575e-02 -7.005071640014648438e-02 1.156132966279983521e-01 1.682559773325920105e-02 -5.858907103538513184e-02 -1.444889456033706665e-01 4.590713977813720703e-02 1.625978648662567139e-01 -4.630215466022491455e-02 1.938123553991317749e-01 -7.536739110946655273e-03 -2.822620868682861328e-01 1.658155024051666260e-01 -1.016880124807357788e-01 -1.373574584722518921e-01 7.288341224193572998e-02 1.242413520812988281e-01 1.015399992465972900e-01 9.401138126850128174e-02 -2.025771588087081909e-01 4.205404967069625854e-02 3.160115703940391541e-02 1.610099524259567261e-02 1.514447033405303955e-01 -3.717423230409622192e-02 -9.808449447154998779e-02 9.791488945484161377e-02 1.268799901008605957e-01 7.791964709758758545e-02 -3.007227778434753418e-01 1.480893790721893311e-01 6.340540200471878052e-02
-2.232207208871841431e-01 3.570877015590667725e-02 3.818520605564117432e-01 -2.333776056766510010e-01 6.904536485671997070e-02 -1.818352639675140381e-01 3.116155564785003662e-01 1.437329202890396118e-01 -1.617689579725265503e-01 2.456009387969970703e-02 -5.768536031246185303e-02 -9.109764546155929565e-02 2.382780462503433228e-01 1.507251113653182983e-01 7.916559278964996338e-02 3.693769872188568115e-01 3.397584259510040283e-01 1.853045076131820679e-03 1.510038077831268311e-01 -1.189067959785461426e-03 -1.033035367727279663e-01 1.846852526068687439e-02 -2.543177604675292969e-01 5.285432934761047363e-02 -4.308132827281951904e-02 -1.368269175291061401e-01 -2.332421392202377319e-01 -4.340810701251029968e-02 3.183466568589210510e-02 -4.003166556358337402e-01 -4.166862070560455322e-01 -2.001088112592697144e-02
-9.391185641288757324e-02 -8.035777509212493896e-02 2.306282669305801392e-01 -2.831835299730300903e-02 1.981820762157440186e-01 1.118002980947494507e-01 2.543459236621856689e-01 1.269867867231369019e-01 1.233317703008651733e-02 -1.995810866355895996e-01 9.568935632705688477e-02 -3.324722126126289368e-02 7.086732983589172363e-02 1.600153595209121704e-01 9.512346237897872925e-02 3.211202919483184814e-01 3.693077266216278076e-01 4.566781595349311829e-02 -6.899297237396240234e-03 6.671921163797378540e-02 -1.303008198738098145e-01 -1.271810531616210938e-01 -2.669717669486999512e-01 2.948782220482826233e-02 1.355814933776855469e-01 -9.779259562492370605e-02 -2.319048792123794556e-01 -1.456486433744430542e-01 5.653049796819686890e-03 -1.777020096778869629e-02 -3.054213821887969971e-01 -1.778367012739181519e-01
2.659361809492111206e-03 9.324771910905838013e-02 1.362697035074234009e-01 7.675647735595703125e-02 6.363455206155776978e-02 1.897130012512207031e-01 1.974648535251617432e-01 2.390183657407760620e-01 1.669296622276306152e-02 4.737623035907745361e-03 3.919892013072967529e-03 -5.512769147753715515e-02 -6.182110682129859924e-02 -7.593366503715515137e-02 3.753139823675155640e-02 1.110857799649238586e-01 1.739481091499328613e-01 -2.523270621895790100e-02 -5.808659642934799194e-02 -1.261672824621200562e-01 -1.926530003547668457e-01 9.054620563983917236e-02 -7.468782365322113037e-03 -8.784035593271255493e-02 -6.045777350664138794e-02 -6.709964573383331299e-02 -1.673629730939865112e-01 1.431069225072860718e-01 -6.614897400140762329e-02 -5.142536759376525879e-02 6.091956049203872681e-03 -1.049113944172859192e-01
1.804808825254440308e-01 3.734038770198822021e-02 2.903252542018890381e-01 1.556997001171112061e-01 8.045689016580581665e-02 -1.897521317005157471e-03 4.981151968240737915e-02 3.602653369307518005e-02 1.256664842367172241e-02 2.737177610397338867e-01 1.256645470857620239e-01 1.008269116282463074e-01 1.977248936891555786e-01 1.568599194288253784e-01 -9.908449649810791016e-02 3.167830407619476318e-01 1.251807063817977905e-01 1.074218004941940308e-02 -6.916944682598114014e-02 -2.206878960132598877e-01 -9.832829236984252930e-04 -1.859213560819625854e-01 -1.018564999103546143e-01 -2.625708281993865967e-01 2.106188386678695679e-01 -3.024309277534484863e-01 6.660103797912597656e-02 -1.747839897871017456e-02 2.160383760929107666e-01 -2.944024205207824707e-01 -1.862027347087860107e-01 -2.562173828482627869e-02
-1.334334351122379303e-02 2.793536335229873657e-02 5.631439387798309326e-02 2.996008843183517456e-04 9.066589176654815674e-02 1.499741673469543457e-01 1.009617447853088379e-01 2.323834449052810669e-01 -9.333044290542602539e-04 -5.362669378519058228e-02 4.851102828979492188e-03 1.470218598842620850e-02 9.114445745944976807e-02 -8.751904964447021484e-02 -7.415331900119781494e-03 5.786471813917160034e-02 3.920291736721992493e-02 -3.718598186969757080e-02 -1.166961863636970520e-01 -5.181570351123809814e-02 -2.111709415912628174e-01 1.230693161487579346e-01 -8.372399210929870605e-02 9.470276534557342529e-03 -1.859390549361705780e-02 2.812517806887626648e-03 -2.612504363059997559e-01 1.985940039157867432e-01 -1.417541205883026123e-01 -4.969948530197143555e-02 1.672787964344024658e-02 -4.849847033619880676e-02
-2.652463316917419434e-01 -2.375704944133758545e-01 2.095043361186981201e-01 -2.327525764703750610e-01 8.594369888305664062e-02 -2.701919376850128174e-01 8.752141892910003662e-02 3.995085880160331726e-02 -3.361187875270843506e-02 -3.653009608387947083e-02 -3.399369120597839355e-02 -1.903754472732543945e-01 4.733018279075622559e-01 1.097872927784919739e-01 -1.049145311117172241e-01 3.579282164573669434e-01 3.763264119625091553e-01 8.023910224437713623e-02 1.337746232748031616e-01 3.498233109712600708e-02 1.905238032341003418e-01 -1.352286487817764282e-01 -1.251884251832962036e-01 3.054865002632141113e-01 5.898012965917587280e-02 -1.432166695594787598e-01 -1.371578685939311981e-02 -1.745735481381416321e-02 8.491723239421844482e-02 -1.217690706253051758e-01 -1.843658685684204102e-01 1.062558889389038086e-01
-1.067241802811622620e-01 -2.546661719679832458e-02 -4.431780055165290833e-02 -2.075544595718383789e-01 1.432538330554962158e-01 1.161998063325881958e-01 1.124823540449142456e-01 -5.903184041380882263e-02 1.974523067474365234e-03 2.190319746732711792e-01 -5.119878053665161133e-02 -8.810558170080184937e-02 4.280217736959457397e-02 -5.649038031697273254e-02 -1.468678861856460571e-01 3.633951395750045776e-02 1.436664164066314697e-01 1.488511562347412109e-01 -2.128109894692897797e-02 -1.573936790227890015e-01 -1.619004756212234497e-01 -2.767594754695892334e-01 -7.942298054695129395e-02 -4.053855314850807190e-03 -2.322895638644695282e-02 4.183127358555793762e-02 -7.428592443466186523e-02 1.762726902961730957e-01 1.069658249616622925e-01 -3.465977311134338379e-01 -1.132430136203765869e-01 3.647581115365028381e-02
-1.099828556180000305e-01 -8.479687571525573730e-02 6.743371486663818359e-04 -1.930869668722152710e-01 2.172324359416961670e-01 3.831208497285842896e-02 -8.098866045475006104e-02 1.333675682544708252e-01 8.666912466287612915e-02 -1.591020226478576660e-01 1.672444641590118408e-01 1.533593535423278809e-01 4.222872108221054077e-02 -3.859287127852439880e-02 4.263678565621376038e-03 -7.281148433685302734e-02 -1.575039625167846680e-01 5.247605219483375549e-02 6.544289737939834595e-02 1.961667835712432861e-01 -7.330981642007827759e-02 2.581935003399848938e-02 -5.441138893365859985e-02 2.272793352603912354e-01 -1.654552221298217773e-01 4.086918830871582031e-01 -2.447752207517623901e-01 -7.329833228141069412e-03 -1.606009304523468018e-01 -5.992810428142547607e-02 -1.587277054786682129e-01 -5.325388908386230469e-02
-2.453975230455398560e-01 9.529560059309005737e-02 3.147055804729461670e-01 -5.567691847681999207e-02 8.678185939788818359e-02 -1.201853007078170776e-01 5.092794448137283325e-02 1.530641615390777588e-01 -1.992824673652648926e-01 -1.504105478525161743e-01 1.160213872790336609e-01 1.874178647994995117e-01 1.471618264913558960e-01 1.879733651876449585e-01 5.245348811149597168e-02 2.582638859748840332e-01 1.186721175909042358e-01 -4.045904055237770081e-02 1.714628338813781738e-01 3.155881762504577637e-01 -9.939078986644744873e-02 -5.230216681957244873e-02 -3.012427091598510742e-01 2.291002273559570312e-01 -3.331587463617324829e-02 4.759117588400840759e-02 -2.720409333705902100e-01 -3.326595723628997803e-01 -2.281655222177505493e-01 -2.547093629837036133e-01 -4.373679459095001221e-01 -7.826010696589946747e-03
7.641894370317459106e-02 3.747327625751495361e-01 -1.891181021928787231e-01 -3.945331275463104248e-01 -4.976333677768707275e-02 -3.770218417048454285e-02 -1.243074089288711548e-01 -1.062243729829788208e-01 -3.162247240543365479e-01 1.384131610393524170e-01 -2.198664546012878418e-01 1.005267873406410217e-01 1.067474037408828735e-01 -1.099535971879959106e-01 -1.873693019151687622e-01 -2.500270903110504150e-01 -1.951990127563476562e-01 -3.406451940536499023e-01 -1.858803033828735352e-01 -1.352127082645893097e-02 -1.658558845520019531e-01 2.507500350475311279e-01 3.632475063204765320e-02 -1.663146913051605225e-01 1.030931323766708374e-01 3.248781710863113403e-02 -1.159374564886093140e-01 3.074055314064025879e-01 -1.413704752922058105e-01 -7.808743417263031006e-02 1.025217175483703613e-01 4.562734365463256836e-01
-2.847055494785308838e-01 4.778365045785903931e-02 -2.354515045881271362e-01 -3.873345255851745605e-01 3.847428560256958008e-01 1.977823674678802490e-01 1.545470058917999268e-01 -9.706464409828186035e-02 -5.211694166064262390e-02 -3.406275808811187744e-02 1.174505874514579773e-01 -6.965278834104537964e-02 3.288481384515762329e-02 -2.647305652499198914e-02 -8.779212832450866699e-02 -7.529537379741668701e-02 2.975264489650726318e-01 1.523009538650512695e-01 3.853687644004821777e-02 8.801933377981185913e-02 -3.350603282451629639e-01 -2.193144410848617554e-01 -1.200881004333496094e-01 4.890071600675582886e-02 -4.296892136335372925e-02 2.170620113611221313e-01 -4.132407605648040771e-01 -2.420691214501857758e-02 3.704057261347770691e-02 -6.415842473506927490e-02 -2.272041589021682739e-01 2.835172228515148163e-03
2.164183706045150757e-01 1.893456578254699707e-01 8.218405395746231079e-02 1.443188041448593140e-01 1.755184978246688843e-01 1.701437830924987793e-01 5.317425727844238281e-02 -5.462514236569404602e-02 -4.352600499987602234e-02 1.673912554979324341e-01 8.297944068908691406e-02 8.219201117753982544e-02 -2.266597002744674683e-02 6.906221061944961548e-02 -9.188538044691085815e-02 2.050936222076416016e-01 1.535799652338027954e-01 9.631559252738952637e-03 -2.061843723058700562e-01 -1.815535128116607666e-01 -2.029016315937042236e-01 -2.894231975078582764e-01 -1.902702599763870239e-01 -1.460989415645599365e-01 2.234728932380676270e-01 -1.651713252067565918e-01 -8.800865709781646729e-02 -1.130804568529129028e-01 9.491369128227233887e-02 -1.593444943428039551e-01 -1.002238020300865173e-01 -1.557940393686294556e-01
-1.106266006827354431e-01 -1.112302392721176147e-01 -1.788115799427032471e-01 -5.854598060250282288e-02 8.651173859834671021e-02 1.010816842317581177e-01 -2.434130460023880005e-01 2.078676670789718628e-01 1.774605512619018555e-01 -4.121977463364601135e-02 6.699592620134353638e-02 1.717700958251953125e-01 2.061261087656021118e-01 -9.600223600864410400e-02 -2.273198664188385010e-01 -1.078259944915771484e-01 -2.931018471717834473e-01 2.021354809403419495e-02 -8.577701449394226074e-02 -5.284674465656280518e-02 -3.394660353660583496e-02 -3.284043818712234497e-02 -5.613414198160171509e-02 1.884925067424774170e-01 -2.117987908422946930e-02 2.080808579921722412e-01 -9.431853890419006348e-02 4.060322344303131104e-01 -1.420781612396240234e-01 2.420902550220489502e-01 2.391516864299774170e-01 8.779156208038330078e-02
-4.501450359821319580e-01 5.322065204381942749e-03 -9.497867524623870850e-02 -8.449437618255615234e-01 5.799616575241088867e-01 -1.649044454097747803e-01 -3.839880228042602539e-02 -3.131001293659210205e-01 -1.841441690921783447e-01 1.847303658723831177e-02 9.387966990470886230e-02 1.965697109699249268e-01 5.341719985008239746e-01 9.808464348316192627e-02 -2.872472405433654785e-01 -1.220887899398803711e-01 3.673830926418304443e-01 1.067775338888168335e-01 2.423535585403442383e-01 2.990943193435668945e-01 3.432405740022659302e-02 -8.820354938507080078e-02 -1.151238083839416504e-01 3.360753357410430908e-01 -4.147621989250183105e-02 2.298380434513092041e-01 -1.415661871433258057e-01 -2.160962074995040894e-01 6.048017367720603943e-02 1.973019838333129883e-01 -7.073615491390228271e-02 3.437168002128601074e-01
2.766684293746948242e-01 1.218291446566581726e-01 3.124714195728302002e-01 2.035863399505615234e-01 -1.362811923027038574e-01 -1.336854994297027588e-01 -1.695163398981094360e-01 3.622100874781608582e-02 -3.473729789257049561e-01 1.274958252906799316e-01 -1.034819185733795166e-01 -7.321751117706298828e-02 -9.323441237211227417e-02 4.552814736962318420e-02 9.800941497087478638e-02 5.650105327367782593e-02 -1.275755465030670166e-01 -3.867898136377334595e-03 1.850979775190353394e-02 -7.031804323196411133e-02 -1.621081978082656860e-01 9.793356060981750488e-02 2.392984926700592041e-03 -4.946771264076232910e-02 7.827807962894439697e-02 -1.571754515171051025e-01 1.752164214849472046e-01 -1.122146472334861755e-01 -7.604109495878219604e-02 -3.887264132499694824e-01 -1.108023971319198608e-01 4.346656426787376404e-02
-3.308202028274536133e-01 -2.100573480129241943e-01 -8.317953348159790039e-02 -4.895743131637573242e-01 2.273525297641754150e-01 -1.591913402080535889e-02 1.079815253615379333e-01 1.817904412746429443e-03 3.483898192644119263e-02 7.785554230213165283e-02 2.711516618728637695e-02 -1.002838760614395142e-01 2.376469820737838745e-01 -5.278929695487022400e-02 -7.827624678611755371e-02 -1.292885541915893555e-01 5.776769667863845825e-02 1.631292104721069336e-01 1.461585611104965210e-01 -3.365956246852874756e-02 -1.039495021104812622e-01 -4.702660813927650452e-02 2.932766824960708618e-02 7.005012780427932739e-02 -2.349748462438583374e-01 2.604687809944152832e-01 -1.786918193101882935e-01 2.608354091644287109e-01 6.001166999340057373e-03 -2.949872016906738281e-01 -1.643858850002288818e-01 1.274362206459045410e-01
-4.687281250953674316e-01 -7.350693643093109131e-02 -6.482146680355072021e-02 -8.021208047866821289e-01 5.530527234077453613e-01 -1.107593327760696411e-01 -3.747857175767421722e-03 -1.052468121051788330e-01 -1.379944533109664917e-01 6.565487384796142578e-02 1.721883118152618408e-01 1.802833974361419678e-01 4.716350436210632324e-01 8.107493072748184204e-02 -2.315163016319274902e-01 -8.534389734268188477e-02 2.762190103530883789e-01 2.357484772801399231e-02 2.652840912342071533e-01 2.282826006412506104e-01 -3.061071038246154785e-03 -1.247515380382537842e-01 -1.273284852504730225e-01 2.676608860492706299e-01 -2.303095012903213501e-01 3.529423475265502930e-01 -2.359536141157150269e-01 -1.083713620901107788e-01 1.960295438766479492e-02 -6.898660957813262939e-02 -2.589132785797119141e-01 2.697155475616455078e-01
-3.286556899547576904e-01 2.120585739612579346e-01 2.564951181411743164e-01 -5.161939263343811035e-01 -1.054112762212753296e-01 -4.180568158626556396e-01 1.630039364099502563e-01 -1.213315874338150024e-03 -2.988750934600830078e-01 -6.434917449951171875e-03 -2.449084818363189697e-01 -1.019074767827987671e-02 5.464047193527221680e-01 6.641557067632675171e-02 1.208107694983482361e-01 3.131873905658721924e-01 2.153832912445068359e-01 -2.024464756250381470e-01 3.002643585205078125e-01 1.815363168716430664e-01 -9.883739054203033447e-03 3.260104656219482422e-01 -1.732982993125915527e-01 1.465160250663757324e-01 3.966981917619705200e-02 -2.509298920631408691e-01 -3.498376905918121338e-01 1.420314423739910126e-02 -1.909319162368774414e-01 -3.288819193840026855e-01 -4.930173456668853760e-01 3.997493982315063477e-01
-1.968312114477157593e-01 1.157075166702270508e-03 3.278998732566833496e-01 -2.832761704921722412e-01 9.863566607236862183e-02 -1.872289180755615234e-01 2.938588857650756836e-01 1.573181897401809692e-01 -2.525784969329833984e-01 2.787078171968460083e-02 -3.833900392055511475e-02 -8.773352205753326416e-02 3.291956782341003418e-01 1.960759013891220093e-01 5.359014123678207397e-02 3.289266824722290039e-01 2.771399021148681641e-01 -4.800216108560562134e-02 1.539963334798812866e-01 7.047401368618011475e-02 -1.447940170764923096e-01 -1.735735684633255005e-03 -2.607506513595581055e-01 1.013502404093742371e-01 4.525043815374374390e-02 -8.822928369045257568e-02 -2.825163006782531738e-01 -8.431960642337799072e-02 -6.416595727205276489e-02 -4.897356629371643066e-01 -4.152784049510955811e-01 5.717816576361656189e-02
-3.424682468175888062e-02 3.279395401477813721e-03 2.139220684766769409e-01 6.042495742440223694e-02 6.600598245859146118e-02 5.355703830718994141e-02 2.692877650260925293e-01 9.872418642044067383e-02 -2.114734426140785217e-02 -1.313259452581405640e-02 1.007845178246498108e-01 -1.507641375064849854e-01 2.468287944793701172e-02 6.037755683064460754e-02 3.820995241403579712e-02 1.864011287689208984e-01 3.342427313327789307e-01 5.869095399975776672e-02 -2.734661102294921875e-03 -5.393196642398834229e-02 -1.169468462467193604e-01 -9.660966694355010986e-03 -1.459747105836868286e-01 -7.328968495130538940e-04 1.513942983001470566e-02 -5.939518660306930542e-02 -1.403404474258422852e-01 -8.174489438533782959e-02 4.992781206965446472e-02 -2.265139669179916382e-01 -1.067607998847961426e-01 -1.361065804958343506e-01
-4.484125375747680664e-01 -8.432660996913909912e-02 -1.710478216409683228e-02 -7.094138264656066895e-01 4.473469257354736328e-01 -1.776272058486938477e-01 6.254635751247406006e-03 -5.426034331321716309e-02 -1.673387289047241211e-01 1.571327298879623413e-01 5.844750255346298218e-02 1.465498208999633789e-01 4.859896302223205566e-01 -2.798736467957496643e-02 -1.958025246858596802e-01 -1.562628597021102905e-01 1.514553427696228027e-01 9.755571186542510986e-02 3.008081614971160889e-01 1.627120524644851685e-01 1.579574495553970337e-02 -9.609322249889373779e-02 -4.796672612428665161e-02 2.484755218029022217e-01 -3.349838256835937500e-01 3.115382790565490723e-01 -2.253041267395019531e-01 7.790959440171718597e-03 -1.118542551994323730e-01 -2.963549494743347168e-01 -2.994843721389770508e-01 2.718609571456909180e-01
-2.265405803918838501e-01 -2.098422646522521973e-01 1.162839680910110474e-01 -1.077775210142135620e-01 1.206298172473907471e-01 3.296703100204467773e-03 1.764671690762042999e-02 1.608394235372543335e-01 1.318913400173187256e-01 -1.141346916556358337e-01 6.147534027695655823e-02 -8.387240767478942871e-02 3.302535414695739746e-01 1.054906845092773438e-02 -8.984657377004623413e-02 1.749340593814849854e-01 2.182784974575042725e-01 1.854191124439239502e-01 7.925193011760711670e-02 -4.960848018527030945e-03 5.400270223617553711e-02 -1.176029145717620850e-01 -1.115897893905639648e-01 2.568794488906860352e-01 5.805907770991325378e-02 -1.069476753473281860e-01 -1.058649122714996338e-01 1.307934969663619995e-01 -3.630745783448219299e-02 1.911876797676086426e-01 -2.377794682979583740e-02 -2.971979603171348572e-02
-5.880618840456008911e-02 6.965307146310806274e-02 2.383955717086791992e-01 4.976009204983711243e-02 5.460117384791374207e-02 1.770155131816864014e-02 2.366413474082946777e-01 2.002303898334503174e-01 -1.429362595081329346e-01 2.993481606245040894e-02 -1.188279688358306885e-02 -1.421812027692794800e-01 2.269874513149261475e-02 1.953834109008312225e-02 5.204957723617553711e-02 1.826161891222000122e-01 1.996163874864578247e-01 1.632035896182060242e-02 7.193087041378021240e-02 -7.141981273889541626e-02 -1.731764376163482666e-01 2.479812875390052795e-02 -1.989494711160659790e-01 -2.999565750360488892e-02 2.277777157723903656e-02 -1.021906137466430664e-01 -1.324769109487533569e-01 -1.588849537074565887e-02 -1.617976091802120209e-02 -3.594420552253723145e-01 -1.558924615383148193e-01 -1.242277920246124268e-01
-3.047176599502563477e-01 8.274155110120773315e-02 1.841417327523231506e-02 -5.525785684585571289e-01 4.384201765060424805e-01 -1.076844334602355957e-01 1.097308099269866943e-01 -1.957401484251022339e-01 -2.177283763885498047e-01 2.890718579292297363e-01 -1.358056366443634033e-01 9.539566189050674438e-02 4.224923253059387207e-01 8.253493905067443848e-02 -2.848150432109832764e-01 -8.199782669544219971e-02 3.786053657531738281e-01 1.425884366035461426e-01 1.773014962673187256e-01 -1.365658193826675415e-01 -1.010278165340423584e-01 -1.778915375471115112e-01 -6.698344647884368896e-02 2.055490389466285706e-03 2.013248577713966370e-02 -6.886978447437286377e-02 -1.424205675721168518e-02 -3.057299740612506866e-02 1.130765974521636963e-01 -2.790890932083129883e-01 -1.814353168010711670e-01 2.380977720022201538e-01
-5.282841622829437256e-02 9.073253720998764038e-02 1.549397855997085571e-01 -1.669555604457855225e-01 7.127320021390914917e-02 1.033785343170166016e-01 1.856343150138854980e-01 1.818190366029739380e-01 -7.941459119319915771e-02 -7.261231541633605957e-03 -4.872526228427886963e-02 6.611999124288558960e-02 1.222376674413681030e-01 -3.839307650923728943e-02 2.140263281762599945e-02 1.031436473131179810e-01 1.531974673271179199e-01 -1.451074182987213135e-01 -4.782862961292266846e-02 -7.908949255943298340e-02 -2.540149688720703125e-01 1.506667584180831909e-01 -1.304610073566436768e-01 -4.918119683861732483e-02 -5.874904990196228027e-02 -5.198401957750320435e-02 -3.366450965404510498e-01 1.668343842029571533e-01 -1.144027858972549438e-01 -7.263828814029693604e-02 -1.656788587570190430e-01 -6.958358921110630035e-03
8.802841603755950928e-02 -8.205723762512207031e-02 1.624369919300079346e-01 4.745766147971153259e-02 1.284376159310340881e-02 -4.930016025900840759e-02 -2.503198087215423584e-01 1.533392369747161865e-01 -1.286863088607788086e-01 8.613415062427520752e-02 1.167839020490646362e-01 2.384331524372100830e-01 -1.028905957937240601e-01 -5.833256989717483521e-03 -1.386467218399047852e-01 -1.518622040748596191e-01 -2.754402458667755127e-01 3.718023374676704407e-02 3.283706307411193848e-02 1.626911759376525879e-01 3.647229075431823730e-02 -8.285097032785415649e-02 -4.553738236427307129e-02 3.058204054832458496e-01 -1.690077334642410278e-01 4.278807044029235840e-01 8.852493762969970703e-02 -2.315441146492958069e-02 -1.881124377250671387e-01 -2.902715206146240234e-01 1.069446951150894165e-01 1.917066425085067749e-02
2.365524023771286011e-01 1.778621971607208252e-01 3.035661578178405762e-01 6.219206377863883972e-02 1.519753634929656982e-01 -7.452327013015747070e-02 1.484241709113121033e-02 -8.530037105083465576e-02 -2.224785983562469482e-01 3.630312681198120117e-01 -6.274446845054626465e-02 2.290632426738739014e-01 2.427636831998825073e-01 1.557416617870330811e-01 -2.861680686473846436e-01 9.519697725772857666e-02 1.443889439105987549e-01 -7.095292210578918457e-03 8.306406438350677490e-03 -3.187262713909149170e-01 1.869152486324310303e-02 -9.958854317665100098e-02 -8.839966356754302979e-02 -1.154225096106529236e-01 2.028924375772476196e-01 -2.644720673561096191e-01 1.996192187070846558e-01 -1.705635339021682739e-01 1.618669033050537109e-01 -2.272172421216964722e-01 -6.838189065456390381e-02 2.325545996427536011e-02
-2.350763529539108276e-01 -5.177181959152221680e-02 -2.025066763162612915e-01 -9.131063520908355713e-02 8.438880741596221924e-02 1.343483924865722656e-01 8.206270635128021240e-02 6.574869155883789062e-02 1.538496017456054688e-01 -2.264374047517776489e-01 2.269843816757202148e-01 -8.048070222139358521e-02 -1.295054852962493896e-01 -2.081691846251487732e-02 1.236078813672065735e-01 -6.048454716801643372e-02 -3.686591237783432007e-02 1.673847138881683350e-01 3.036797791719436646e-02 1.488161832094192505e-01 -1.215419918298721313e-01 -2.461802214384078979e-03 3.289765492081642151e-02 6.932445615530014038e-02 -4.085015505552291870e-02 2.121502012014389038e-01 -2.456994354724884033e-01 5.908967182040214539e-02 -1.935209706425666809e-02 1.281803548336029053e-01 -1.252529397606849670e-02 -7.631757110357284546e-02
-1.140545830130577087e-01 -9.914770722389221191e-02 3.660873472690582275e-01 -1.064324975013732910e-01 2.630996331572532654e-02 -2.920176982879638672e-01 -1.736722886562347412e-01 1.574826389551162720e-01 -2.497476637363433838e-01 1.679378598928451538e-01 3.535537794232368469e-02 2.155120372772216797e-01 2.604643106460571289e-01 9.488155692815780640e-02 -1.050483584403991699e-01 4.169262945652008057e-02 -1.568546593189239502e-01 -4.762414842844009399e-03 2.896791994571685791e-01 7.896399497985839844e-02 -2.035208046436309814e-03 -7.518897950649261475e-02 -1.753681749105453491e-01 3.365928530693054199e-01 -1.861281245946884155e-01 3.181263804435729980e-01 2.899622544646263123e-02 -9.068741649389266968e-02 -1.122876107692718506e-01 -5.517252683639526367e-01 -5.262199789285659790e-02 2.030299752950668335e-01
1.253771930932998657e-01 1.226343438029289246e-01 2.177615165710449219e-01 -8.693408966064453125e-02 2.316842675209045410e-01 -4.847965389490127563e-02 2.165887318551540375e-02 -1.356843858957290649e-01 -2.226322591304779053e-01 3.234590291976928711e-01 -4.126083850860595703e-02 1.500394046306610107e-01 1.941713243722915649e-01 1.924026906490325928e-01 -2.535457313060760498e-01 5.393831059336662292e-02 2.292408645153045654e-01 3.142760321497917175e-02 6.130710244178771973e-03 -2.681959569454193115e-01 -5.018476396799087524e-02 -1.356379687786102295e-01 -6.325958669185638428e-02 -1.318463087081909180e-01 2.192518413066864014e-01 -1.769019514322280884e-01 1.936152279376983643e-01 -1.640030592679977417e-01 1.866230964660644531e-01 -1.677197515964508057e-01 -9.219720959663391113e-05 7.918988168239593506e-02
-2.314588576555252075e-01 -1.610080301761627197e-01 3.496285155415534973e-02 -4.193064272403717041e-01 2.987702488899230957e-01 -1.988340616226196289e-01 -1.913503408432006836e-01 -1.138605922460556030e-01 -5.950952321290969849e-02 3.334251046180725098e-02 1.396743953227996826e-01 2.964658737182617188e-01 3.797374367713928223e-01 9.764584898948669434e-02 -2.820911705493927002e-01 -2.723671495914459229e-04 1.643887460231781006e-01 5.336203798651695251e-02 2.260015308856964111e-01 3.061849176883697510e-01 2.173501849174499512e-01 -1.498987376689910889e-01 -2.078073769807815552e-01 4.403755664825439453e-01 3.360565379261970520e-02 3.641977906227111816e-01 -1.139086484909057617e-02 -2.215602844953536987e-01 1.091308891773223877e-01 4.176257923245429993e-02 -3.192877024412155151e-02 3.243437409400939941e-01
-1.860478073358535767e-01 -8.274263143539428711e-02 8.883599936962127686e-02 -1.587307900190353394e-01 1.943719536066055298e-01 1.694708466529846191e-01 1.614786311984062195e-02 2.329693287611007690e-01 7.855296880006790161e-02 -1.401935219764709473e-01 8.875690400600433350e-03 1.940202414989471436e-01 2.720937728881835938e-01 2.984595857560634613e-02 -4.063748568296432495e-02 1.066832989454269409e-01 2.076498046517372131e-02 -3.274269774556159973e-02 -9.087306261062622070e-02 6.000156700611114502e-02 -1.406418383121490479e-01 3.244473412632942200e-02 -2.182024270296096802e-01 5.531229078769683838e-02 -8.506903424859046936e-03 6.092413142323493958e-02 -3.343680500984191895e-01 2.735240757465362549e-01 -1.748624742031097412e-01 2.114028185606002808e-01 -1.256619095802307129e-01 3.170692361891269684e-03
-8.474864810705184937e-02 1.435860991477966309e-02 1.246657520532608032e-01 7.955167442560195923e-03 5.908403173089027405e-02 -7.433554530143737793e-02 -1.606209874153137207e-01 5.700213834643363953e-02 -1.793410032987594604e-01 -1.638823300600051880e-01 1.002145856618881226e-01 1.619009673595428467e-01 8.313855528831481934e-02 6.404388695955276489e-03 -1.704810187220573425e-02 1.836602091789245605e-01 7.211832702159881592e-02 -2.232349105179309845e-02 1.552394628524780273e-01 3.605832159519195557e-01 1.754496991634368896e-02 -9.085135161876678467e-02 -2.269108742475509644e-01 3.436022996902465820e-01 -3.834833949804306030e-02 1.648782044649124146e-01 -7.975384593009948730e-02 -3.346024453639984131e-01 -1.653610020875930786e-01 -1.114688515663146973e-01 -2.386135756969451904e-01 -5.055149085819721222e-03
2.149022817611694336e-01 3.635534942150115967e-01 -2.754778861999511719e-01 -1.780872195959091187e-01 -9.297905862331390381e-02 2.345394343137741089e-02 -2.786687612533569336e-01 -1.370193213224411011e-01 -2.135848999023437500e-01 2.388608604669570923e-01 -9.594929218292236328e-02 1.610271036624908447e-01 -5.769657343626022339e-02 -2.054069787263870239e-01 -2.965748608112335205e-01 -4.667769372463226318e-01 -3.929635882377624512e-01 -3.215310871601104736e-01 -2.107875943183898926e-01 -1.146033629775047302e-01 -2.064718604087829590e-01 1.115676909685134888e-01 2.142110019922256470e-01 -2.658733129501342773e-01 9.881585836410522461e-03 1.951965689659118652e-01 6.937766075134277344e-02 2.817505300045013428e-01 -1.132683753967285156e-01 3.650604188442230225e-02 4.155247807502746582e-01 3.573311567306518555e-01
-4.357113689184188843e-02 -2.685686945915222168e-02 -1.359197497367858887e-02 8.149717748165130615e-02 3.505501523613929749e-02 1.460115462541580200e-01 8.958857506513595581e-03 2.086045891046524048e-01 1.292040348052978516e-01 -1.307190954685211182e-02 5.544774234294891357e-03 -3.926730901002883911e-02 6.957960128784179688e-02 -1.705439686775207520e-01 -1.060419902205467224e-01 -2.845114096999168396e-02 -1.115022599697113037e-02 4.584269598126411438e-02 -6.941182911396026611e-02 -1.004097238183021545e-01 -9.433068335056304932e-02 5.443758890032768250e-02 1.558714359998703003e-02 6.575846672058105469e-02 -2.257402800023555756e-02 1.852802932262420654e-03 -8.432222902774810791e-02 2.334023416042327881e-01 -1.394512504339218140e-01 8.900126069784164429e-02 1.780456453561782837e-01 -3.743971139192581177e-02
5.152717232704162598e-03 -1.881048977375030518e-01 -1.090299487113952637e-01 -6.525249034166336060e-02 -1.449113041162490845e-01 8.459787070751190186e-02 -9.003034979104995728e-02 1.860856637358665466e-02 8.123309165239334106e-02 3.512685745954513550e-02 -1.234421283006668091e-01 -1.408850699663162231e-01 -1.738614886999130249e-01 -2.209850698709487915e-01 1.385291852056980133e-02 -1.696337461471557617e-01 -2.468051612377166748e-01 1.528411209583282471e-01 -1.021443754434585571e-01 -1.023090183734893799e-01 -2.471083030104637146e-02 -1.442293822765350342e-01 1.341482996940612793e-01 1.457850933074951172e-01 -2.074461877346038818e-01 1.499791294336318970e-01 1.201575547456741333e-01 3.118485510349273682e-01 -4.137094691395759583e-02 -1.515534222126007080e-01 7.854130864143371582e-02 -6.607390008866786957e-03
-1.983126848936080933e-01 -3.700283169746398926e-02 -2.535519003868103027e-01 -7.028695940971374512e-02 3.262532874941825867e-02 1.150133013725280762e-01 -2.419533580541610718e-02 2.097025141119956970e-02 3.423599898815155029e-02 -1.082942411303520203e-01 1.036819964647293091e-01 -1.459569782018661499e-01 -1.986392289400100708e-01 -1.717338860034942627e-01 5.977904424071311951e-03 -1.549916416406631470e-01 -7.158976048231124878e-02 1.542861014604568481e-01 -2.787881530821323395e-02 1.450701802968978882e-01 -6.173449382185935974e-02 -5.757375806570053101e-02 6.850305944681167603e-02 2.212415933609008789e-01 -2.058279812335968018e-01 2.060734033584594727e-01 -2.130249589681625366e-01 1.019853055477142334e-01 -1.949787288904190063e-01 -2.212971448898315430e-02 -3.726778551936149597e-02 -3.621379658579826355e-02
-4.444406926631927490e-01 -2.074406147003173828e-01 -2.040264010429382324e-02 -6.148826479911804199e-01 3.115814030170440674e-01 -1.639001518487930298e-01 9.729243814945220947e-02 1.054519042372703552e-02 -3.962394967675209045e-02 1.147736757993698120e-01 1.162115633487701416e-01 -6.562352180480957031e-03 3.981838822364807129e-01 3.492952883243560791e-02 -7.893525063991546631e-02 -1.261794567108154297e-01 9.780125319957733154e-02 1.217439621686935425e-01 3.169567286968231201e-01 -2.242273278534412384e-02 -1.245540082454681396e-01 -3.776066005229949951e-04 1.760926097631454468e-02 8.063068985939025879e-02 -2.568949162960052490e-01 3.788607418537139893e-01 -1.314581632614135742e-01 2.584118247032165527e-01 1.123800426721572876e-01 -2.876725196838378906e-01 -1.627618968486785889e-01 2.369960695505142212e-01
-2.260021865367889404e-04 4.276030361652374268e-01 -1.800401955842971802e-01 -5.011553168296813965e-01 -8.351936936378479004e-03 -4.933176934719085693e-02 -4.759558290243148804e-02 -3.087055683135986328e-01 -2.088845968246459961e-01 -3.198827058076858521e-02 -1.418984830379486084e-01 2.715908586978912354e-01 2.103542238473892212e-01 7.126978039741516113e-02 1.856905780732631683e-02 -1.050651371479034424e-01 -4.887191206216812134e-02 -4.314013421535491943e-01 -2.254617065191268921e-01 1.968838125467300415e-01 -1.525574773550033569e-01 4.935034215450286865e-01 -6.386137008666992188e-02 -2.527286410331726074e-01 3.450013101100921631e-01 -9.543250501155853271e-02 -1.934448629617691040e-01 1.603150218725204468e-01 -1.394818574190139771e-01 2.872018814086914062e-01 -2.410777471959590912e-02 5.506872534751892090e-01
-3.383899629116058350e-01 -8.423303067684173584e-02 -1.266017705202102661e-01 -6.290461421012878418e-01 3.718110918998718262e-01 1.383647322654724121e-03 1.050618961453437805e-01 -1.509404778480529785e-01 -1.528355330228805542e-01 1.570043265819549561e-01 1.567170023918151855e-03 3.498180955648422241e-02 2.853835225105285645e-01 -4.170066490769386292e-02 -2.132454216480255127e-01 -1.933588385581970215e-01 2.109007239341735840e-01 1.604912877082824707e-01 1.895682066679000854e-01 -3.207569941878318787e-03 -9.624757617712020874e-02 -1.392389386892318726e-01 -1.757698506116867065e-02 2.080975472927093506e-01 -2.735685110092163086e-01 2.451545298099517822e-01 -1.284967064857482910e-01 7.133447378873825073e-02 3.181945160031318665e-02 -1.934563368558883667e-01 -1.076556742191314697e-01 1.525976955890655518e-01
2.262572012841701508e-02 2.705592662096023560e-03 1.899636685848236084e-01 1.186257004737854004e-01 -8.099168539047241211e-02 -1.367302536964416504e-01 9.760141372680664062e-02 1.392994225025177002e-01 -1.791718900203704834e-01 2.107513397932052612e-01 -8.765521645545959473e-02 -2.765122950077056885e-01 3.997454047203063965e-02 -9.518446028232574463e-02 -6.835854053497314453e-02 6.457028537988662720e-02 7.607354968786239624e-02 2.920547500252723694e-02 9.591393172740936279e-02 -1.593427211046218872e-01 -3.724407404661178589e-02 1.536199077963829041e-02 2.057637274265289307e-02 1.359894126653671265e-02 -2.816914580762386322e-02 -6.039015576243400574e-02 1.758099347352981567e-01 3.279005642980337143e-03 7.937297224998474121e-02 -4.837502241134643555e-01 1.008928865194320679e-01 -2.496628463268280029e-02
-2.379033118486404419e-01 9.182551503181457520e-02 -1.458354443311691284e-01 -5.378603339195251465e-01 3.751694560050964355e-01 3.350218385457992554e-02 7.367043942213058472e-02 -2.650942504405975342e-01 -1.886579990386962891e-01 2.069498449563980103e-01 -1.478140056133270264e-01 4.648165404796600342e-02 1.784819215536117554e-01 -2.418124303221702576e-02 -2.871633172035217285e-01 -1.338806748390197754e-01 3.193441331386566162e-01 1.418270766735076904e-01 5.089717358350753784e-02 -4.370147734880447388e-02 -9.763740748167037964e-02 -2.242817282676696777e-01 -1.073238402605056763e-01 1.452199518680572510e-01 1.609757170081138611e-02 6.718966364860534668e-02 -3.937794268131256104e-02 -5.731720849871635437e-02 1.011998355388641357e-01 -8.922787010669708252e-02 -1.436786353588104248e-02 2.013500034809112549e-01
-2.180366963148117065e-01 9.504602104425430298e-02 3.083984926342964172e-02 -4.634509384632110596e-01 4.002744555473327637e-01 -2.087579667568206787e-02 8.565151691436767578e-02 -2.307071238756179810e-01 -1.706571280956268311e-01 2.454760223627090454e-01 -1.146863549947738647e-01 6.181179732084274292e-02 3.033693432807922363e-01 7.975164800882339478e-02 -2.997644245624542236e-01 -2.225076034665107727e-02 3.350001573562622070e-01 1.578013598918914795e-01 8.518990874290466309e-02 -1.606637686491012573e-01 -1.493287086486816406e-01 -2.120593786239624023e-01 -8.950580656528472900e-02 -3.028133511543273926e-02 6.311858445405960083e-02 -4.818972945213317871e-02 1.573458313941955566e-02 4.002516623586416245e-03 1.269750446081161499e-01 -2.310711592435836792e-01 -1.239264234900474548e-01 1.764986515045166016e-01
-3.775991201400756836e-01 -4.497267305850982666e-02 1.516365073621273041e-02 -1.399818658828735352e-01 1.973814666271209717e-01 -7.995548844337463379e-02 6.977886706590652466e-02 9.450785815715789795e-03 2.133240699768066406e-01 1.614452153444290161e-02 1.259797066450119019e-01 -9.749017655849456787e-02 3.566856384277343750e-01 6.017703935503959656e-02 4.618176817893981934e-02 3.648823201656341553e-01 2.935324013233184814e-01 1.424796879291534424e-01 2.162258327007293701e-01 -2.732395194470882416e-02 -5.824707821011543274e-02 -1.454828381538391113e-01 -5.157165974378585815e-02 -2.732475399971008301e-01 1.857140809297561646e-01 -2.466797083616256714e-01 -2.067819684743881226e-01 2.071237117052078247e-01 2.348448783159255981e-01 -2.804003357887268066e-01 -3.897821605205535889e-01 1.396967023611068726e-01
