2.067663669586181641e-01 3.005503714084625244e-01 8.714211732149124146e-02 9.989270567893981934e-02 -1.131862252950668335e-01 -1.017911732196807861e-01 -1.469723284244537354e-01 -2.019526809453964233e-01 -1.326180696487426758e-01 -5.436030402779579163e-02 -3.483495116233825684e-02 1.565117239952087402e-01 -1.014556586742401123e-01 1.091938018798828125e-01 2.160177975893020630e-01 -8.531101047992706299e-02 -1.494532823562622070e-01 3.242060542106628418e-03 -1.370563358068466187e-02 1.021134480834007263e-01 -1.866972818970680237e-02 1.965290158987045288e-01 1.660822182893753052e-01 -2.550451457500457764e-01 3.219588398933410645e-01 -2.746956944465637207e-01 5.743912979960441589e-02 -1.722812950611114502e-01 -1.165884286165237427e-01 1.981398016214370728e-01 3.753429651260375977e-02 1.222727745771408081e-01
-1.113032922148704529e-01 4.943925142288208008e-02 -2.352964431047439575e-01 -2.003944665193557739e-01 1.113234087824821472e-01 6.705346703529357910e-02 -3.239340186119079590e-01 1.784791797399520874e-01 -4.440857842564582825e-02 -3.055605664849281311e-02 7.030777633190155029e-03 2.750490307807922363e-01 2.499863356351852417e-01 -9.236779808998107910e-02 -3.104342818260192871e-01 -1.993289291858673096e-01 -4.573745131492614746e-01 -1.652589291334152222e-01 -2.228432893753051758e-01 3.949293494224548340e-02 -1.698008179664611816e-01 -1.227527856826782227e-03 -1.969566792249679565e-01 1.738360524177551270e-01 -2.635365352034568787e-03 3.466814756393432617e-01 -1.889654994010925293e-01 4.895162582397460938e-01 -2.587704360485076904e-01 1.495209336280822754e-01 1.718600690364837646e-01 1.973451375961303711e-01
2.047605998814105988e-02 1.941817402839660645e-01 -3.541896119713783264e-02 -7.223235815763473511e-02 2.033217102289199829e-01 1.782328486442565918e-01 9.332555532455444336e-02 -4.597303643822669983e-02 -6.128769367933273315e-02 2.540967464447021484e-01 -6.914913654327392578e-02 -2.191999927163124084e-02 -3.867547214031219482e-02 -9.640078991651535034e-03 -1.934632211923599243e-01 5.624442175030708313e-02 1.544753313064575195e-01 1.273022890090942383e-01 -6.731764227151870728e-02 -1.377909779548645020e-01 -1.958182454109191895e-01 -3.581432998180389404e-01 -1.308620125055313110e-01 -4.075719416141510010e-02 7.755612581968307495e-02 -3.972849622368812561e-02 -4.079858213663101196e-02 5.404125433415174484e-03 6.631506979465484619e-02 -2.214726358652114868e-01 1.414749026298522949e-02 -7.036421447992324829e-02
6.254371255636215210e-04 1.635506153106689453e-01 9.928680956363677979e-02 -2.970304787158966064e-01 2.712901234626770020e-01 -9.811566025018692017e-02 6.264630705118179321e-02 -1.766073107719421387e-01 -2.154111564159393311e-01 3.769843578338623047e-01 -1.714750081300735474e-01 1.726936995983123779e-01 2.307163923978805542e-01 1.283724755048751831e-01 -3.137500882148742676e-01 -7.172317802906036377e-02 2.108566761016845703e-01 6.700095534324645996e-02 9.156627953052520752e-02 -2.213812321424484253e-01 -1.755535602569580078e-02 -1.544397771358489990e-01 -4.285936802625656128e-02 -8.742201142013072968e-03 1.275027245283126831e-01 -7.471203804016113281e-02 1.756008863449096680e-01 -8.794823288917541504e-02 1.349451988935470581e-01 -1.731990128755569458e-01 1.305208355188369751e-02 1.617438197135925293e-01
1.162314862012863159e-01 4.089453816413879395e-01 6.198733299970626831e-02 -2.708458900451660156e-01 -7.604986429214477539e-02 -6.616925448179244995e-02 4.124050587415695190e-02 -2.564988732337951660e-01 -2.287788987159729004e-01 9.233595430850982666e-02 -1.534647494554519653e-01 8.028548210859298706e-02 6.137533485889434814e-02 6.005954369902610779e-02 1.123505458235740662e-01 -6.076693162322044373e-02 5.993222817778587341e-02 -1.849409937858581543e-01 -4.678878933191299438e-02 -4.695737734436988831e-03 -1.447854638099670410e-01 3.170788288116455078e-01 1.123921871185302734e-01 -2.934647798538208008e-01 2.648582458496093750e-01 -2.212124913930892944e-01 -1.253618299961090088e-01 2.109574526548385620e-02 -4.271224886178970337e-02 3.967956081032752991e-02 -2.057493850588798523e-02 2.756942808628082275e-01
-4.190163016319274902e-01 5.883525311946868896e-02 -1.462126225233078003e-01 -5.488030910491943359e-01 5.120656490325927734e-01 1.217557638883590698e-01 2.996582724153995514e-02 -7.864904403686523438e-02 -6.283728778362274170e-02 -8.714485913515090942e-02 2.155462950468063354e-01 1.100148186087608337e-01 2.015330642461776733e-01 8.804634213447570801e-03 -1.661400049924850464e-01 -5.284782871603965759e-02 1.979996562004089355e-01 1.540974080562591553e-01 1.681984961032867432e-01 2.443197220563888550e-01 -1.704404354095458984e-01 -1.905801147222518921e-01 -1.197331845760345459e-01 1.942617297172546387e-01 -1.364514827728271484e-01 3.435963392257690430e-01 -4.232383668422698975e-01 -1.559449285268783569e-01 1.217145472764968872e-02 4.207400977611541748e-02 -2.154668718576431274e-01 2.605764195322990417e-02
8.734244108200073242e-02 2.975670397281646729e-01 1.373662203550338745e-01 -8.170557022094726562e-02 3.206459283828735352e-01 -1.752588152885437012e-02 2.567721344530582428e-02 -1.795921325683593750e-01 -2.662120759487152100e-01 2.579225897789001465e-01 -3.583835065364837646e-02 1.574289500713348389e-01 1.785496622323989868e-01 1.849873512983322144e-01 -2.759541869163513184e-01 6.634285300970077515e-02 2.851819097995758057e-01 5.499437823891639709e-02 2.652738243341445923e-02 -1.359666883945465088e-01 -9.711863845586776733e-02 -1.443537920713424683e-01 -1.127294898033142090e-01 -1.450331658124923706e-01 2.535499930381774902e-01 -1.880537718534469604e-01 1.398446410894393921e-02 -3.174520134925842285e-01 1.373615860939025879e-01 -3.412572294473648071e-02 -1.392531394958496094e-02 5.390088632702827454e-02
7.054973393678665161e-02 4.075129032135009766e-01 -3.878751769661903381e-02 -4.215677678585052490e-01 -6.701372563838958740e-02 -1.304205954074859619e-01 -6.016660481691360474e-02 -3.611160814762115479e-01 -1.940243840217590332e-01 3.009214252233505249e-02 -1.731834709644317627e-01 1.440560817718505859e-01 2.209626585245132446e-01 1.035242825746536255e-01 1.161188557744026184e-01 -9.236527979373931885e-02 -8.113086223602294922e-03 -3.001246154308319092e-01 -6.592246145009994507e-02 3.019363805651664734e-02 -9.638825803995132446e-02 4.229333698749542236e-01 8.639793097972869873e-02 -3.116323947906494141e-01 3.419457077980041504e-01 -2.747038900852203369e-01 -1.106795072555541992e-01 6.242606788873672485e-02 -6.579901278018951416e-02 2.454157471656799316e-01 3.652385622262954712e-02 4.529101252555847168e-01
-5.612131953239440918e-01 3.040851652622222900e-02 -2.016323059797286987e-01 -2.853983938694000244e-01 3.054032325744628906e-01 1.042993217706680298e-01 1.671606898307800293e-01 2.264406159520149231e-02 7.395128160715103149e-02 -8.323687314987182617e-02 1.677651107311248779e-01 -1.840221434831619263e-01 1.406763941049575806e-01 1.415770873427391052e-02 2.514723502099514008e-02 4.588547348976135254e-02 2.705333828926086426e-01 2.619576156139373779e-01 1.683283597230911255e-01 1.942588537931442261e-01 -1.833865344524383545e-01 -1.820279955863952637e-01 -9.685361385345458984e-02 -8.718156814575195312e-02 -3.120025433599948883e-02 1.099134683609008789e-01 -4.518495798110961914e-01 6.816244125366210938e-02 1.426250860095024109e-02 -1.286595612764358521e-01 -2.507679462432861328e-01 6.170570105314254761e-02
6.221194565296173096e-02 5.291473120450973511e-02 1.123937815427780151e-01 4.209863841533660889e-01 -1.505272835493087769e-01 -4.352260753512382507e-02 7.330480962991714478e-03 7.501810789108276367e-02 3.488366007804870605e-01 6.575062870979309082e-04 1.916252523660659790e-01 -4.612336680293083191e-02 9.124724566936492920e-02 8.115454763174057007e-02 1.497809886932373047e-01 5.705693364143371582e-01 5.194291472434997559e-02 2.491923794150352478e-02 -3.074543364346027374e-02 -9.316398948431015015e-02 9.496130794286727905e-02 -1.828219890594482422e-01 -6.542924046516418457e-02 -3.627516329288482666e-01 4.171722531318664551e-01 -5.736765861511230469e-01 6.078618392348289490e-02 8.057136088609695435e-02 2.316925972700119019e-01 -1.317146867513656616e-01 -1.661554276943206787e-01 -4.939367249608039856e-02
2.118255198001861572e-01 1.300045251846313477e-01 1.249989420175552368e-01 4.322645068168640137e-01 -6.181162595748901367e-02 -1.524784415960311890e-02 -1.142479944974184036e-02 1.729640737175941467e-02 -1.071765571832656860e-01 7.193322479724884033e-02 3.967967629432678223e-02 -1.323357075452804565e-01 -2.661824226379394531e-01 -7.330322265625000000e-02 1.621177606284618378e-02 -6.055878475308418274e-02 -1.793757081031799316e-02 8.951064944267272949e-02 -5.571792274713516235e-02 -1.034206077456474304e-01 -8.842766284942626953e-03 -9.526480734348297119e-02 2.984987944364547729e-02 -5.391357839107513428e-02 -3.403297066688537598e-02 3.834330663084983826e-02 2.388483285903930664e-01 -1.456773430109024048e-01 7.256157696247100830e-02 -2.742317914962768555e-01 2.141498327255249023e-01 -2.048332840204238892e-01
-2.410663291811943054e-03 1.440439820289611816e-01 -2.868168950080871582e-01 -1.459981352090835571e-01 7.170803844928741455e-02 1.015126705169677734e-01 -2.846991419792175293e-01 1.436799764633178711e-01 -7.053899765014648438e-02 2.469354122877120972e-02 -5.312420427799224854e-03 2.518971562385559082e-01 1.152527183294296265e-01 -1.565847992897033691e-01 -3.063157200813293457e-01 -2.811927795410156250e-01 -4.434965252876281738e-01 -2.226662635803222656e-01 -2.758694887161254883e-01 1.546606607735157013e-02 -2.067408263683319092e-01 6.127481535077095032e-02 -8.501555025577545166e-02 6.922368705272674561e-02 2.487549558281898499e-03 3.567756116390228271e-01 -1.353309601545333862e-01 4.450736939907073975e-01 -2.674462497234344482e-01 8.630165457725524902e-02 2.613914608955383301e-01 2.014712989330291748e-01
2.020302116870880127e-01 2.726553678512573242e-01 -9.548051655292510986e-02 4.785638675093650818e-02 -7.108978927135467529e-03 2.292674481868743896e-01 7.396935671567916870e-02 -3.225758671760559082e-03 -7.045418024063110352e-04 7.387843728065490723e-02 -6.812976300716400146e-02 7.961020618677139282e-02 -2.208247929811477661e-01 -1.534163653850555420e-01 -3.180452063679695129e-02 -2.063978612422943115e-01 -2.849186211824417114e-02 -1.414568573236465454e-01 -2.216871231794357300e-01 -6.842496246099472046e-02 -1.503124833106994629e-01 2.086159735918045044e-01 2.071628421545028687e-01 -3.470060825347900391e-01 2.535073459148406982e-02 2.973450347781181335e-02 -5.318705737590789795e-02 1.657568961381912231e-01 -1.114945560693740845e-01 4.835422709584236145e-02 1.912370473146438599e-01 1.037046387791633606e-01
1.915810555219650269e-01 3.334481418132781982e-01 9.387467056512832642e-02 -1.077466905117034912e-01 -1.620493084192276001e-01 -2.210573703050613403e-01 -9.769131988286972046e-02 -3.035699129104614258e-01 -1.640947014093399048e-01 6.802195310592651367e-02 -8.911061286926269531e-02 1.135307922959327698e-01 -2.966398373246192932e-02 1.108623743057250977e-01 1.692415028810501099e-01 -6.113368645310401917e-02 -5.984603613615036011e-02 -8.971513807773590088e-02 -3.703250735998153687e-02 2.149840071797370911e-02 -3.112512826919555664e-02 2.716036140918731689e-01 2.464853674173355103e-01 -2.840905189514160156e-01 3.188335895538330078e-01 -3.236495256423950195e-01 6.435868144035339355e-02 -9.707859158515930176e-02 -7.217781245708465576e-02 1.634571552276611328e-01 6.418745219707489014e-02 3.054428398609161377e-01
-1.580088436603546143e-01 -1.505114436149597168e-01 -1.367269605398178101e-01 -4.022853821516036987e-02 9.305390715599060059e-02 1.068572252988815308e-01 -1.454547047615051270e-01 1.447225064039230347e-01 1.964845061302185059e-01 -5.112785845994949341e-02 -1.053103804588317871e-02 -6.417088210582733154e-03 2.619805335998535156e-01 -1.321635097265243530e-01 -2.116020321846008301e-01 -7.623650133609771729e-02 -1.111061498522758484e-01 8.021149784326553345e-03 -1.154493391513824463e-01 -8.208977431058883667e-02 6.951617449522018433e-02 3.712389245629310608e-02 3.352858126163482666e-03 1.532820165157318115e-01 -4.224330186843872070e-02 6.541317701339721680e-02 -1.103777885437011719e-01 3.276809453964233398e-01 -2.300467342138290405e-01 2.191449552774429321e-01 1.515256166458129883e-01 8.082094043493270874e-02
1.331860870122909546e-01 1.341324150562286377e-01 2.610318362712860107e-01 3.352443277835845947e-01 6.737368553876876831e-02 9.505806863307952881e-02 1.887630969285964966e-01 1.309620290994644165e-01 -1.353378891944885254e-01 -1.219677478075027466e-01 1.147918105125427246e-01 -3.562514111399650574e-02 -2.676113545894622803e-01 8.821646869182586670e-02 1.966048926115036011e-01 2.039465606212615967e-01 1.501510441303253174e-01 5.348662659525871277e-02 -9.208118915557861328e-02 6.853893399238586426e-02 -1.650040149688720703e-01 -2.203391119837760925e-02 -1.341795176267623901e-01 -1.035086661577224731e-01 4.753326624631881714e-02 -5.624315887689590454e-02 -2.450829558074474335e-02 -2.546140849590301514e-01 1.163144037127494812e-02 -1.499764323234558105e-01 -1.294046193361282349e-01 -2.652169466018676758e-01
3.611434251070022583e-02 4.308918416500091553e-01 2.775753661990165710e-02 -3.628450632095336914e-01 -5.524881184101104736e-02 -7.391004264354705811e-02 6.838250160217285156e-02 -2.679455280303955078e-01 -2.244973480701446533e-01 3.527810424566268921e-02 -1.907307207584381104e-01 9.675829857587814331e-02 1.205451637506484985e-01 2.839710749685764313e-02 8.695641905069351196e-02 -1.887144520878791809e-02 1.179231330752372742e-01 -2.830963432788848877e-01 -1.160095408558845520e-01 7.701470702886581421e-02 -1.372536122798919678e-01 4.213963150978088379e-01 6.374489516019821167e-02 -2.820650041103363037e-01 2.431418001651763916e-01 -2.106022387742996216e-01 -1.962269693613052368e-01 4.063009098172187805e-02 -7.762922346591949463e-02 8.217531442642211914e-02 -8.325514197349548340e-02 3.553821444511413574e-01
1.298452466726303101e-01 1.835900545120239258e-01 1.896364986896514893e-01 3.356603682041168213e-01 4.017045348882675171e-02 6.065535545349121094e-02 5.263143777847290039e-02 5.454989150166511536e-02 -9.107100218534469604e-02 -2.147883921861648560e-01 1.572438180446624756e-01 1.388694345951080322e-01 -2.010731995105743408e-01 1.712757945060729980e-01 2.999942600727081299e-01 1.237187385559082031e-01 -1.085776090621948242e-02 2.176534011960029602e-02 -4.697541147470474243e-02 2.309544235467910767e-01 -1.045134216547012329e-01 9.196077287197113037e-02 -1.206357181072235107e-01 -1.464480459690093994e-01 2.433041632175445557e-01 -1.215209662914276123e-01 -6.483680009841918945e-02 -3.332287371158599854e-01 -6.855098903179168701e-02 1.060701161623001099e-01 -1.329214274883270264e-01 -1.635482758283615112e-01
-1.332102902233600616e-02 3.086595535278320312e-01 -2.907993495464324951e-01 -3.459753990173339844e-01 4.839688539505004883e-02 4.624931514263153076e-02 -1.847334802150726318e-01 2.974569424986839294e-02 -2.064481079578399658e-01 3.568147122859954834e-02 -7.047256827354431152e-02 2.800333201885223389e-01 1.935517042875289917e-01 -9.480035305023193359e-02 -2.080041021108627319e-01 -2.502191066741943359e-01 -3.427526354789733887e-01 -3.613522648811340332e-01 -2.375551611185073853e-01 1.163095533847808838e-01 -2.284583151340484619e-01 2.117132097482681274e-01 -1.355450749397277832e-01 -8.044134825468063354e-02 9.561455994844436646e-02 2.605908811092376709e-01 -1.828351169824600220e-01 3.636680543422698975e-01 -2.439612299203872681e-01 8.282233774662017822e-02 1.615853458642959595e-01 3.553327620029449463e-01
2.999590635299682617e-01 2.147610485553741455e-01 1.521388888359069824e-01 5.044012069702148438e-01 -6.155000627040863037e-02 1.120264977216720581e-01 2.281551994383335114e-02 7.622553408145904541e-02 1.538906693458557129e-01 1.292552649974822998e-01 1.844738721847534180e-01 5.063458532094955444e-02 -8.553478866815567017e-02 6.240059435367584229e-02 4.447087645530700684e-02 4.683925211429595947e-01 2.840180322527885437e-02 2.612384036183357239e-02 -2.081486880779266357e-01 -1.464487314224243164e-01 -5.501575767993927002e-02 -2.666188478469848633e-01 -1.477722674608230591e-01 -2.726130485534667969e-01 4.025685787200927734e-01 -3.941201269626617432e-01 -4.814119637012481689e-02 -1.582668125629425049e-01 2.033115178346633911e-01 -7.579267024993896484e-02 -2.758091688156127930e-02 -2.372563034296035767e-01
9.638919681310653687e-02 1.526550948619842529e-01 -2.120725512504577637e-01 -7.568169385194778442e-02 1.800820231437683105e-03 1.119031757116317749e-01 -1.410539895296096802e-01 1.116449683904647827e-01 -4.799240827560424805e-02 1.015849560499191284e-01 -4.892802238464355469e-02 8.192097395658493042e-02 -7.437877357006072998e-03 -2.206295579671859741e-01 -2.665625512599945068e-01 -2.658146917819976807e-01 -2.617274820804595947e-01 -2.052699923515319824e-01 -2.117268890142440796e-01 -1.108795329928398132e-01 -1.524029374122619629e-01 1.010179817676544189e-01 8.401659131050109863e-02 -7.703185081481933594e-02 -5.129778385162353516e-02 2.348155975341796875e-01 -5.939345806837081909e-02 3.545375764369964600e-01 -1.588910669088363647e-01 -4.815675318241119385e-02 2.935217916965484619e-01 1.350230574607849121e-01
-1.413552910089492798e-01 1.384096741676330566e-01 -2.577946484088897705e-01 -3.745081126689910889e-01 1.788611710071563721e-01 1.315571069717407227e-01 -2.064304351806640625e-01 8.814455568790435791e-02 -1.374418288469314575e-01 -1.094812080264091492e-01 -4.239216446876525879e-03 4.080778360366821289e-01 2.610828280448913574e-01 -1.302485167980194092e-02 -1.668662875890731812e-01 -1.422667056322097778e-01 -3.443658053874969482e-01 -2.816587686538696289e-01 -2.942214012145996094e-01 1.961576491594314575e-01 -2.350660562515258789e-01 1.522956192493438721e-01 -3.062188625335693359e-01 4.667285829782485962e-02 8.987566083669662476e-02 2.960892617702484131e-01 -3.404149711132049561e-01 4.494218230247497559e-01 -3.349302411079406738e-01 2.272841334342956543e-01 -2.707446366548538208e-02 2.950503230094909668e-01
5.756065994501113892e-02 4.105946421623229980e-01 -1.927811354398727417e-01 -4.042610526084899902e-01 -3.902038186788558960e-02 -3.975677490234375000e-02 -1.128372773528099060e-01 -3.047748208045959473e-01 -2.100670039653778076e-01 4.609709978103637695e-02 -1.796957552433013916e-01 2.422617375850677490e-01 1.514219641685485840e-01 -1.400953903794288635e-02 -5.203667283058166504e-02 -2.335821688175201416e-01 -1.084341183304786682e-01 -3.700737357139587402e-01 -2.355622202157974243e-01 1.210479959845542908e-01 -1.312981843948364258e-01 4.158712923526763916e-01 4.105740413069725037e-02 -3.155561685562133789e-01 2.711369693279266357e-01 -3.442271798849105835e-02 -1.135421991348266602e-01 1.760637909173965454e-01 -1.319124251604080200e-01 2.098861634731292725e-01 1.182344853878021240e-01 5.126675367355346680e-01
7.939239591360092163e-02 3.154917955398559570e-01 -2.670338749885559082e-01 -2.814834713935852051e-01 -2.098654210567474365e-02 2.530497312545776367e-02 -1.908303201198577881e-01 4.351109266281127930e-03 -2.657164335250854492e-01 1.292972564697265625e-01 -1.440060436725616455e-01 9.727311879396438599e-02 5.131310224533081055e-02 -1.838419437408447266e-01 -2.715946435928344727e-01 -3.092597723007202148e-01 -2.793432176113128662e-01 -2.919150292873382568e-01 -2.140755653381347656e-01 -4.643464833498001099e-02 -1.720103323459625244e-01 1.587160825729370117e-01 4.986188560724258423e-02 -1.252853870391845703e-01 -4.448877647519111633e-03 1.844430118799209595e-01 -9.157545119524002075e-02 3.746998012065887451e-01 -1.513582915067672729e-01 -1.197045594453811646e-01 1.821009069681167603e-01 3.310602605342864990e-01
1.515421867370605469e-01 3.019554615020751953e-01 1.477298736572265625e-01 6.113639846444129944e-02 7.319059222936630249e-03 1.066140234470367432e-01 1.959114223718643188e-01 -2.529465034604072571e-02 -1.255040168762207031e-01 2.475167810916900635e-02 5.723565444350242615e-02 1.706021279096603394e-02 -1.309085339307785034e-01 5.734136328101158142e-02 2.274828702211380005e-01 6.768241524696350098e-02 1.362167000770568848e-01 -3.897650167346000671e-02 -1.031106412410736084e-01 1.401831209659576416e-02 -2.042372822761535645e-01 2.155450135469436646e-01 5.905331671237945557e-02 -2.510291039943695068e-01 1.932589560747146606e-01 -1.306390166282653809e-01 -1.335382610559463501e-01 -9.041284024715423584e-02 -2.899850532412528992e-02 -1.893661171197891235e-02 1.366409659385681152e-02 -2.754553407430648804e-02
2.737662941217422485e-02 1.071115657687187195e-01 -1.750206053256988525e-01 -4.107388108968734741e-02 7.713695615530014038e-02 1.901249289512634277e-01 -9.841193258762359619e-02 1.656439006328582764e-01 -5.783632397651672363e-03 -3.756405040621757507e-02 8.358448743820190430e-03 1.349201202392578125e-01 3.030429780483245850e-02 -1.502337157726287842e-01 -1.475539356470108032e-01 -1.471166908740997314e-01 -2.141331732273101807e-01 -1.777891069650650024e-01 -2.344940006732940674e-01 -3.935464471578598022e-02 -2.022497653961181641e-01 1.087577790021896362e-01 -2.942606806755065918e-02 -3.746359422802925110e-02 -3.992764651775360107e-02 2.105351388454437256e-01 -1.784454733133316040e-01 3.395273089408874512e-01 -2.254998385906219482e-01 6.479360163211822510e-02 1.710010170936584473e-01 2.608190104365348816e-02
-1.259398013353347778e-01 2.176634073257446289e-01 -1.220806837081909180e-01 1.490009725093841553e-01 9.087763726711273193e-02 2.004570066928863525e-01 8.783972263336181641e-02 1.713388785719871521e-02 1.468493938446044922e-01 7.176384329795837402e-03 1.251877248287200928e-01 -1.230906769633293152e-01 -5.357943475246429443e-02 -3.431816026568412781e-02 2.958999760448932648e-02 2.725114226341247559e-01 1.987762153148651123e-01 1.437308192253112793e-01 -6.258244812488555908e-02 2.972460538148880005e-02 -1.686926484107971191e-01 -3.448790609836578369e-01 -1.748741120100021362e-01 -1.817410290241241455e-01 2.624629139900207520e-01 -2.031909078359603882e-01 -2.574460804462432861e-01 -2.295792289078235626e-02 1.104452908039093018e-01 -6.770543754100799561e-02 -1.047790199518203735e-01 -1.218104064464569092e-01
-5.118012428283691406e-02 1.071126535534858704e-01 -1.104441434144973755e-01 -7.663398981094360352e-02 1.223195791244506836e-01 2.195800244808197021e-01 9.127721190452575684e-02 2.096810564398765564e-02 8.840761333703994751e-02 1.240933686494827271e-01 -2.088911831378936768e-03 -1.374559700489044189e-01 -1.498062610626220703e-01 -5.983958765864372253e-02 -1.293820738792419434e-01 1.116403937339782715e-02 4.749178886413574219e-02 1.962812691926956177e-01 -6.460902094841003418e-02 -1.217476204037666321e-01 -2.380445599555969238e-01 -3.067240417003631592e-01 -9.036178886890411377e-02 -4.917250573635101318e-02 4.396036639809608459e-02 1.521874368190765381e-01 -1.117107868194580078e-01 1.213303655385971069e-01 1.225895434617996216e-01 -1.406874209642410278e-01 7.429254055023193359e-02 -8.567244559526443481e-02
1.921841800212860107e-01 1.597930490970611572e-01 3.772578835487365723e-01 4.616434276103973389e-01 6.270216405391693115e-02 -1.124873906373977661e-01 -2.559374272823333740e-02 1.098533421754837036e-01 2.766469120979309082e-02 1.951100379228591919e-01 2.590245306491851807e-01 1.221844330430030823e-01 1.989802271127700806e-01 1.866419315338134766e-01 1.080978848040103912e-02 4.975393712520599365e-01 1.200870573520660400e-01 4.146910831332206726e-02 3.487849235534667969e-02 -1.818176358938217163e-01 5.364228039979934692e-02 -1.570609658956527710e-01 -1.159818172454833984e-01 -3.905147612094879150e-01 2.834513783454895020e-01 -4.927417635917663574e-01 9.830687195062637329e-03 -2.202899754047393799e-01 2.691361010074615479e-01 -2.365810722112655640e-01 -2.493050992488861084e-01 -1.217924505472183228e-01
-1.262998133897781372e-01 5.658715963363647461e-04 -1.329099237918853760e-01 -3.551584780216217041e-01 2.754792869091033936e-01 1.174611300230026245e-01 -3.147239238023757935e-02 -6.425888836383819580e-02 -5.175600200891494751e-02 1.148243248462677002e-01 9.568884968757629395e-03 4.347177594900131226e-02 3.141373395919799805e-03 -1.239108443260192871e-01 -2.202895879745483398e-01 -1.661807000637054443e-01 -1.950027793645858765e-02 1.459401547908782959e-01 6.153873354196548462e-02 7.167569361627101898e-03 -6.531929969787597656e-02 -2.031807601451873779e-01 -5.172789096832275391e-03 2.233662307262420654e-01 -1.661876142024993896e-01 3.500768840312957764e-01 -8.028957247734069824e-02 -5.853440146893262863e-03 8.833710849285125732e-02 -5.670700967311859131e-02 1.414309293031692505e-01 -1.811477914452552795e-02
1.846627295017242432e-01 1.178678944706916809e-01 2.216375768184661865e-01 1.569059640169143677e-01 -1.860920041799545288e-01 -2.244570553302764893e-01 -2.012613415718078613e-01 -8.210586011409759521e-02 -1.516172885894775391e-01 -5.312875285744667053e-02 -2.938791364431381226e-02 1.244452372193336487e-01 -2.895677834749221802e-02 7.658744603395462036e-02 2.275622934103012085e-01 -2.563958242535591125e-02 -2.807583212852478027e-01 -2.557771652936935425e-02 7.067367434501647949e-02 9.583697468042373657e-02 3.064921498298645020e-02 1.437368094921112061e-01 1.278369575738906860e-01 -9.822344034910202026e-02 2.482540458440780640e-01 -1.951440870761871338e-01 1.193993240594863892e-01 -2.187026292085647583e-01 -1.699733138084411621e-01 1.885976642370223999e-02 3.763322532176971436e-02 1.228087916970252991e-01
-1.428631842136383057e-01 -3.130040317773818970e-02 2.920162081718444824e-01 -1.047360897064208984e-01 3.600107505917549133e-02 -2.574263215065002441e-01 1.512059718370437622e-01 5.598264560103416443e-02 -1.790440976619720459e-01 9.711517393589019775e-02 -6.344681978225708008e-02 -1.637431085109710693e-01 2.729880213737487793e-01 1.549133956432342529e-01 -1.892164722084999084e-02 2.859426140785217285e-01 2.316392362117767334e-01 1.249575987458229065e-02 1.947330832481384277e-01 -5.267377197742462158e-02 5.494640022516250610e-02 -5.263361334800720215e-02 -1.703131645917892456e-01 8.431652188301086426e-02 -1.585789583623409271e-02 -1.146088913083076477e-02 3.639563545584678650e-02 -1.588869690895080566e-01 1.762922555208206177e-01 -4.852074384689331055e-01 -2.030761241912841797e-01 -2.313623577356338501e-02
-1.040009632706642151e-01 1.789515614509582520e-01 -2.617011368274688721e-01 -5.658638104796409607e-02 1.402189284563064575e-01 2.942015826702117920e-01 1.107790842652320862e-01 4.349604249000549316e-03 1.441791653633117676e-01 -1.085366383194923401e-01 1.292859315872192383e-01 -1.301029175519943237e-01 -2.595149278640747070e-01 -6.954851746559143066e-02 -3.453134745359420776e-02 9.164426475763320923e-03 6.839816272258758545e-02 1.981053501367568970e-01 -1.478537023067474365e-01 1.272318661212921143e-01 -2.675181031227111816e-01 -2.582403123378753662e-01 -1.339513808488845825e-01 2.545065060257911682e-02 9.308391064405441284e-02 2.001920044422149658e-01 -3.604463040828704834e-01 -4.747503250837326050e-02 2.960577607154846191e-03 7.798014581203460693e-02 2.378141880035400391e-02 -1.507773250341415405e-01
-5.026323199272155762e-01 -1.872049868106842041e-01 -1.056737005710601807e-01 -2.747596502304077148e-01 -6.221878528594970703e-02 -1.912682652473449707e-01 8.361964672803878784e-02 -3.822138905525207520e-02 2.938077747821807861e-01 -1.385179758071899414e-01 5.729285255074501038e-02 -2.855213284492492676e-01 3.819131255149841309e-01 -2.437401562929153442e-03 1.269730031490325928e-01 1.661748141050338745e-01 1.196133792400360107e-01 1.490191966295242310e-01 3.090757429599761963e-01 9.818576276302337646e-02 1.087092980742454529e-01 3.164809569716453552e-02 9.090954065322875977e-02 -1.389796733856201172e-01 7.670115679502487183e-02 -2.365968227386474609e-01 -6.755337864160537720e-02 3.203624486923217773e-01 5.240913107991218567e-02 -6.443010270595550537e-02 -2.378899306058883667e-01 2.607315182685852051e-01
4.391063749790191650e-02 2.517657279968261719e-01 -9.700591862201690674e-02 -8.540880680084228516e-02 1.925088763236999512e-01 2.392231225967407227e-01 8.942847698926925659e-02 -9.350419044494628906e-02 -6.358159333467483521e-02 1.995484679937362671e-01 -9.713110327720642090e-02 -2.915115281939506531e-02 -1.194469779729843140e-01 -4.006763920187950134e-02 -1.936751902103424072e-01 4.179383069276809692e-02 1.608168929815292358e-01 1.339001357555389404e-01 -1.292834281921386719e-01 -1.036104559898376465e-01 -2.484794259071350098e-01 -3.768971562385559082e-01 -1.430063694715499878e-01 -9.073367342352867126e-03 1.247197240591049194e-01 1.293490454554557800e-02 -5.884683877229690552e-02 -3.554613888263702393e-02 4.913325235247612000e-02 -1.398982405662536621e-01 6.369186937808990479e-02 -9.088703989982604980e-02
1.641981154680252075e-01 1.222763732075691223e-01 -1.266333460807800293e-01 9.911045432090759277e-02 -8.194428682327270508e-02 2.521817684173583984e-01 4.961708933115005493e-02 -2.178808301687240601e-02 1.048566475510597229e-01 1.208172738552093506e-01 -1.360430121421813965e-01 -1.104970797896385193e-01 -2.265838086605072021e-01 -2.117446511983871460e-01 -1.302845031023025513e-01 1.017264649271965027e-02 -5.469918996095657349e-02 1.315328925848007202e-01 -1.646241396665573120e-01 -1.899248808622360229e-01 -9.284201264381408691e-02 -3.175373375415802002e-01 -7.642161846160888672e-02 9.105844050645828247e-02 1.475103199481964111e-04 1.519249752163887024e-02 4.188008606433868408e-04 1.566555052995681763e-01 2.348002046346664429e-02 -1.115623861551284790e-01 1.073766648769378662e-01 -1.587738394737243652e-01
-1.202195324003696442e-02 4.701000452041625977e-02 -1.319245845079421997e-01 -2.930723428726196289e-01 1.577417105436325073e-01 1.089194118976593018e-01 3.534106910228729248e-02 -1.593410074710845947e-01 -1.298964619636535645e-01 2.756536006927490234e-01 -2.448077499866485596e-01 5.165342241525650024e-02 -2.033559978008270264e-02 -1.607509851455688477e-01 -2.955846786499023438e-01 -2.405906319618225098e-01 -4.227939248085021973e-02 1.370429992675781250e-01 -1.528301090002059937e-02 -2.059344798326492310e-01 -5.441281944513320923e-03 -2.672863304615020752e-01 -3.444570302963256836e-02 2.348065376281738281e-01 -1.178193762898445129e-01 2.022513449192047119e-01 1.234310269355773926e-01 9.704825282096862793e-02 5.636808648705482483e-02 -1.716412454843521118e-01 2.438733577728271484e-01 2.725886553525924683e-02
-2.703151702880859375e-01 -8.485163003206253052e-02 -1.748475432395935059e-01 -8.925969898700714111e-02 -1.951607912778854370e-01 -1.528402864933013916e-01 -1.247445400804281235e-02 -7.238513231277465820e-02 3.463814258575439453e-01 -1.954838931560516357e-01 4.652887582778930664e-02 -1.810133457183837891e-01 1.639898568391799927e-01 1.345323771238327026e-02 2.123983502388000488e-01 1.196023449301719666e-02 -1.107991263270378113e-01 1.153552383184432983e-01 8.621357381343841553e-02 1.617235839366912842e-01 1.355349719524383545e-01 1.501648128032684326e-01 1.584747135639190674e-01 -1.157543361186981201e-01 1.094009354710578918e-01 -2.002061456441879272e-01 -3.983822464942932129e-02 2.523963451385498047e-01 -6.444595754146575928e-02 2.105881571769714355e-01 4.949512332677841187e-02 2.533793449401855469e-01
-7.543152198195457458e-03 1.342936456203460693e-01 -1.084240674972534180e-01 -1.706125438213348389e-01 1.116922199726104736e-01 2.005896270275115967e-01 -2.180343866348266602e-02 1.465195119380950928e-01 -4.984391480684280396e-02 -7.963482290506362915e-02 -5.341444909572601318e-02 1.808815002441406250e-01 7.506771385669708252e-02 -9.761536121368408203e-02 -8.403381705284118652e-02 -5.684615299105644226e-02 -1.247430965304374695e-01 -2.143007218837738037e-01 -2.539677023887634277e-01 1.083564758300781250e-02 -2.165490388870239258e-01 1.711259186267852783e-01 -9.679937362670898438e-02 -5.744405463337898254e-02 -6.355142220854759216e-03 1.415466517210006714e-01 -2.757650315761566162e-01 3.411152362823486328e-01 -2.463542371988296509e-01 7.140179723501205444e-02 -2.736538648605346680e-03 1.022826135158538818e-01
-7.346785813570022583e-02 -4.125114530324935913e-02 4.084390774369239807e-02 -1.909645088016986847e-02 -8.398722112178802490e-02 -2.945229411125183105e-03 8.613310754299163818e-02 -2.873577177524566650e-04 1.740781962871551514e-01 1.718973666429519653e-01 -1.729918718338012695e-01 -8.450339734554290771e-02 1.571142673492431641e-01 -9.548050165176391602e-02 -6.694747507572174072e-02 1.713495105504989624e-01 -2.661889046430587769e-02 1.126575618982315063e-01 7.395014911890029907e-02 -2.196739614009857178e-01 7.377021014690399170e-03 -2.201653122901916504e-01 8.079633116722106934e-04 -4.485939443111419678e-02 8.593462407588958740e-02 -1.783964782953262329e-01 5.756901577115058899e-02 3.050571084022521973e-01 1.048430502414703369e-01 -3.388446569442749023e-01 -9.618225693702697754e-02 2.284454554319381714e-02
-4.024657607078552246e-02 -4.172268509864807129e-02 1.485051661729812622e-01 1.608431786298751831e-01 8.198188245296478271e-02 -1.109623014926910400e-01 -7.367775589227676392e-02 -7.488377392292022705e-02 -6.577385962009429932e-02 -7.865213602781295776e-02 1.067934036254882812e-01 -2.539987862110137939e-02 7.841500639915466309e-02 9.331510961055755615e-02 -2.696775272488594055e-02 2.789472937583923340e-01 2.092326581478118896e-01 2.580684050917625427e-02 5.100757628679275513e-02 1.180440858006477356e-01 7.380085438489913940e-02 -1.311566382646560669e-01 -1.845864504575729370e-01 2.086006104946136475e-01 2.273478358983993530e-01 6.374363601207733154e-02 2.122728824615478516e-01 -3.936492800712585449e-01 2.366715818643569946e-01 -2.663148939609527588e-02 5.854751169681549072e-02 -4.441766068339347839e-02
-5.829865112900733948e-03 1.851137354969978333e-02 1.372993588447570801e-01 4.615021049976348877e-01 -1.208762377500534058e-01 -1.431897282600402832e-01 -6.032919138669967651e-02 6.940932571887969971e-02 3.648771643638610840e-01 -5.977347493171691895e-02 2.333717793226242065e-01 -1.564291119575500488e-02 2.486379891633987427e-01 1.115765571594238281e-01 1.905138045549392700e-01 5.996994972229003906e-01 1.089024767279624939e-01 4.303518310189247131e-02 1.089467853307723999e-01 -4.531215876340866089e-02 2.437791526317596436e-01 -1.186403483152389526e-01 -1.800648868083953857e-02 -4.388288259506225586e-01 4.589668810367584229e-01 -7.132698297500610352e-01 9.408169984817504883e-02 1.894081011414527893e-02 3.067837953567504883e-01 -3.308861702680587769e-02 -2.675209641456604004e-01 2.077773958444595337e-02
-2.836492843925952911e-02 1.685444414615631104e-01 -1.531860530376434326e-01 -2.134795635938644409e-01 1.463225930929183960e-01 2.275804579257965088e-01 -5.054146051406860352e-02 1.071165502071380615e-01 -5.074647814035415649e-02 -6.700162589550018311e-02 1.345827057957649231e-02 2.980532348155975342e-01 1.058929711580276489e-01 -4.032201692461967468e-02 -7.070018351078033447e-02 -9.639923274517059326e-02 -1.871758103370666504e-01 -2.252789735794067383e-01 -2.261676043272018433e-01 8.730701357126235962e-02 -2.693393826484680176e-01 1.734524518251419067e-01 -1.656892597675323486e-01 -1.051632165908813477e-01 5.829583108425140381e-02 1.887571513652801514e-01 -2.603492438793182373e-01 3.393949866294860840e-01 -2.480644583702087402e-01 1.982163190841674805e-01 2.030809968709945679e-02 1.263432353734970093e-01
2.575672268867492676e-01 2.671021968126296997e-03 1.409416943788528442e-01 2.601324617862701416e-01 -2.451135367155075073e-01 -2.030006498098373413e-01 -3.622856438159942627e-01 4.674359783530235291e-02 1.189950853586196899e-02 -4.414833709597587585e-02 -5.255115032196044922e-02 9.331839531660079956e-02 -1.529667079448699951e-01 -5.670301616191864014e-03 1.772004961967468262e-01 -1.936123073101043701e-01 -5.395500063896179199e-01 -1.505759730935096741e-02 -4.101374000310897827e-02 6.784354895353317261e-02 1.695892512798309326e-01 1.176670566201210022e-02 2.083640247583389282e-01 1.031327769160270691e-01 -4.538131877779960632e-03 4.252928122878074646e-02 3.142535686492919922e-01 -1.379134692251682281e-02 -2.338966578245162964e-01 3.295639529824256897e-02 2.768864333629608154e-01 1.485569961369037628e-02
2.641006112098693848e-01 2.453693449497222900e-01 4.277440011501312256e-01 7.629926502704620361e-02 2.938323616981506348e-01 -2.421616613864898682e-01 -6.393317878246307373e-02 -1.553045809268951416e-01 -4.101862311363220215e-01 3.589833378791809082e-01 5.211301892995834351e-02 3.026590943336486816e-01 2.959547042846679688e-01 3.870752453804016113e-01 -2.962315976619720459e-01 5.783868953585624695e-02 2.247682213783264160e-01 -1.021565273404121399e-01 4.002562165260314941e-02 -2.194372713565826416e-01 7.207754999399185181e-02 1.320435851812362671e-01 -1.612992584705352783e-02 -2.896705269813537598e-01 4.150991439819335938e-01 -4.125769734382629395e-01 2.939571142196655273e-01 -5.309789776802062988e-01 1.850249320268630981e-01 5.875559523701667786e-02 7.508811354637145996e-02 1.413214653730392456e-01
-1.564686149358749390e-01 -7.546247541904449463e-02 -1.967265754938125610e-01 -7.615627348423004150e-02 1.602040976285934448e-01 1.521528959274291992e-01 -2.905441224575042725e-01 2.144783884286880493e-01 1.329322457313537598e-01 -1.342654824256896973e-01 6.045870110392570496e-02 2.298317849636077881e-01 2.479454129934310913e-01 -5.180693790316581726e-02 -1.862518489360809326e-01 -8.103437721729278564e-02 -3.558350205421447754e-01 -3.226997703313827515e-02 -1.906803995370864868e-01 3.856779634952545166e-02 -8.210724592208862305e-02 -2.321365848183631897e-02 -1.597507745027542114e-01 1.893757581710815430e-01 1.604398898780345917e-02 2.504316866397857666e-01 -1.758483797311782837e-01 4.308134317398071289e-01 -2.633290290832519531e-01 3.039630651473999023e-01 1.430619060993194580e-01 8.051052689552307129e-02
-1.274050176143646240e-01 -1.061819493770599365e-04 -2.331339269876480103e-01 -1.780554503202438354e-01 2.186796218156814575e-01 2.300184965133666992e-01 -2.823939025402069092e-01 1.894549429416656494e-01 1.326203346252441406e-03 -1.865263581275939941e-01 8.165072649717330933e-02 3.961354196071624756e-01 1.980513185262680054e-01 -2.629776671528816223e-02 -1.927154362201690674e-01 -1.489176452159881592e-01 -4.032366871833801270e-01 -1.633325517177581787e-01 -3.384557068347930908e-01 1.478492766618728638e-01 -2.196843624114990234e-01 7.396686822175979614e-03 -2.857484221458435059e-01 1.023365184664726257e-01 2.658236771821975708e-04 3.575469255447387695e-01 -3.094857037067413330e-01 5.091063380241394043e-01 -3.744126260280609131e-01 3.182951211929321289e-01 1.891126483678817749e-02 1.417065262794494629e-01
-3.415675163269042969e-01 3.283496946096420288e-02 -1.816757917404174805e-01 -3.023752272129058838e-01 2.100773304700851440e-01 1.087053120136260986e-01 1.317429244518280029e-01 -3.393816202878952026e-02 -1.628233492374420166e-02 4.772341251373291016e-02 6.337016820907592773e-04 -9.333103895187377930e-02 1.279112100601196289e-01 -1.256652325391769409e-01 -8.726398646831512451e-02 -5.264313146471977234e-02 1.582890599966049194e-01 2.082674950361251831e-01 1.444906145334243774e-01 -9.369710460305213928e-03 -2.056639790534973145e-01 -2.460947781801223755e-01 -8.985006809234619141e-02 1.035511419177055359e-01 -1.138432547450065613e-01 1.557457745075225830e-01 -3.237238824367523193e-01 1.015978008508682251e-01 5.984308943152427673e-02 -1.968901008367538452e-01 -1.610949039459228516e-01 6.696475204080343246e-03
-4.114661812782287598e-01 -1.438375115394592285e-01 3.758914768695831299e-02 -7.702363133430480957e-01 4.920145273208618164e-01 -5.644249320030212402e-01 -3.023653626441955566e-01 -4.011430740356445312e-01 -1.118318289518356323e-01 2.032056897878646851e-01 -8.521662652492523193e-02 2.859001159667968750e-01 6.481214761734008789e-01 2.023968249559402466e-01 -4.346599280834197998e-01 -2.385274171829223633e-01 1.782383024692535400e-01 7.553653419017791748e-02 3.069480061531066895e-01 1.390539258718490601e-01 2.810911536216735840e-01 6.991976499557495117e-02 2.854925766587257385e-02 3.044891357421875000e-01 3.279619216918945312e-01 2.253932058811187744e-01 3.967715799808502197e-01 -1.920678913593292236e-01 3.431244492530822754e-01 3.715124726295471191e-01 4.564663767814636230e-01 5.092074871063232422e-01
-1.605493277311325073e-01 -7.374116778373718262e-02 -1.386918276548385620e-01 4.563469812273979187e-02 -2.031550556421279907e-01 -4.075467586517333984e-05 2.817836962640285492e-02 3.248874098062515259e-03 2.932513654232025146e-01 -7.506743818521499634e-02 -4.784458130598068237e-02 -2.120374441146850586e-01 3.360576182603836060e-02 -1.219277828931808472e-01 1.071144416928291321e-01 1.628559827804565430e-01 -4.727693647146224976e-02 1.524875611066818237e-01 3.266314417123794556e-02 -2.839293144643306732e-02 3.893905878067016602e-02 -8.629815280437469482e-02 5.419021844863891602e-02 -6.835000962018966675e-02 1.353651881217956543e-01 -1.806196719408035278e-01 -3.938731551170349121e-02 2.962023317813873291e-01 6.010641530156135559e-02 -8.461059629917144775e-02 -6.629575043916702271e-02 6.857637315988540649e-02
-5.210286378860473633e-02 1.964732408523559570e-01 -2.193452864885330200e-01 -3.311690390110015869e-01 1.151493489742279053e-01 1.441133916378021240e-01 -9.995046257972717285e-02 1.120216026902198792e-02 -1.115143746137619019e-01 -8.007793128490447998e-02 -5.120171606540679932e-02 3.404868543148040771e-01 1.928839236497879028e-01 -2.501129731535911560e-02 -1.112235039472579956e-01 -1.321569979190826416e-01 -2.248118221759796143e-01 -3.131003975868225098e-01 -2.662418484687805176e-01 1.550353914499282837e-01 -2.218043208122253418e-01 2.327067106962203979e-01 -2.042376548051834106e-01 -7.380665093660354614e-02 1.121289655566215515e-01 2.140822559595108032e-01 -2.739499807357788086e-01 3.715417385101318359e-01 -2.841226458549499512e-01 1.741943657398223877e-01 -5.942221730947494507e-03 2.774356007575988770e-01
-1.641610413789749146e-01 -3.365961834788322449e-02 -7.465963065624237061e-02 1.159270554780960083e-01 -8.080370724201202393e-02 5.570600926876068115e-02 4.638888686895370483e-02 3.329712525010108948e-02 2.876664400100708008e-01 -2.944686636328697205e-02 3.541574999690055847e-02 -1.806245148181915283e-01 6.758393347263336182e-02 -7.720798254013061523e-02 8.119741082191467285e-02 2.545300126075744629e-01 5.426688864827156067e-02 1.431678533554077148e-01 2.709978818893432617e-02 -3.006907738745212555e-02 4.046055674552917480e-02 -1.489651948213577271e-01 -1.119951158761978149e-02 -1.872798800468444824e-01 1.957396864891052246e-01 -2.283950299024581909e-01 -8.077977597713470459e-02 2.272449433803558350e-01 1.211885809898376465e-01 -1.533217728137969971e-01 -1.087796092033386230e-01 1.360243093222379684e-02
-5.364269018173217773e-02 7.719999551773071289e-02 -4.949862882494926453e-02 2.938958406448364258e-01 -5.068787187337875366e-02 4.959927499294281006e-02 2.738242782652378082e-02 9.625415503978729248e-02 3.580212295055389404e-01 -5.783381313085556030e-02 1.902389377355575562e-01 -1.331241577863693237e-01 2.613261342048645020e-03 6.393563002347946167e-02 1.368135511875152588e-01 4.429337382316589355e-01 1.107717156410217285e-01 6.696642935276031494e-02 -4.205321148037910461e-02 -3.400682657957077026e-02 4.837317764759063721e-02 -2.160327136516571045e-01 -3.243984282016754150e-02 -3.437138795852661133e-01 3.756312727928161621e-01 -4.155751764774322510e-01 -2.850974909961223602e-02 8.276510983705520630e-02 2.555021941661834717e-01 -2.776222676038742065e-02 -6.519946455955505371e-02 -4.878153279423713684e-02
5.355841666460037231e-02 1.437016725540161133e-01 6.861984729766845703e-02 9.192863106727600098e-02 -1.351739019155502319e-01 -2.002522349357604980e-01 -9.026395529508590698e-02 -7.281031459569931030e-02 2.521940320730209351e-02 -2.375055849552154541e-01 7.016145437955856323e-02 1.577444076538085938e-01 7.420539855957031250e-03 1.301338523626327515e-01 3.473337292671203613e-01 3.519511967897415161e-02 -2.129790186882019043e-01 -8.597284555435180664e-02 9.033919870853424072e-02 2.993139028549194336e-01 8.430475741624832153e-02 2.612194120883941650e-01 1.082361415028572083e-01 -7.825961709022521973e-02 2.760212421417236328e-01 -2.713030576705932617e-01 3.015773370862007141e-02 -1.957957297563552856e-01 -2.386715859174728394e-01 3.418527841567993164e-01 -8.024138212203979492e-02 1.502569168806076050e-01
-1.820978373289108276e-01 5.650341510772705078e-03 2.217276394367218018e-01 -2.309342175722122192e-01 7.148657739162445068e-02 -7.146041095256805420e-02 1.992306858301162720e-01 1.797108501195907593e-01 -1.394529044628143311e-01 5.204705893993377686e-02 -9.233915805816650391e-02 -1.715830415487289429e-01 3.088607788085937500e-01 1.535125449299812317e-02 -3.787966072559356689e-02 2.156011164188385010e-01 2.255392372608184814e-01 -4.903306812047958374e-02 6.165610253810882568e-02 -1.622433364391326904e-01 -4.519405215978622437e-02 5.715017393231391907e-02 -1.692565083503723145e-01 7.421137392520904541e-02 -1.117372885346412659e-01 -7.813017070293426514e-02 -2.417287677526473999e-01 1.888708174228668213e-01 -1.258388161659240723e-02 -3.214778900146484375e-01 -1.943696141242980957e-01 3.536594286561012268e-02
2.442112192511558533e-02 2.283459901809692383e-01 1.583662629127502441e-01 -1.475826352834701538e-01 3.461709618568420410e-01 -4.820868372917175293e-02 2.442370913922786713e-02 -1.718759685754776001e-01 -2.637595534324645996e-01 3.002344369888305664e-01 -9.137347340583801270e-03 1.333147883415222168e-01 1.813182085752487183e-01 2.290548682212829590e-01 -2.642638683319091797e-01 3.939911723136901855e-02 2.903043925762176514e-01 9.046685695648193359e-02 4.972654581069946289e-02 -1.632800102233886719e-01 -9.683308005332946777e-02 -1.344197392463684082e-01 -7.110752165317535400e-02 -1.781826317310333252e-01 2.074824869632720947e-01 -1.764537096023559570e-01 6.185191497206687927e-02 -2.755334377288818359e-01 1.640563011169433594e-01 -7.113891839981079102e-02 -2.727255225181579590e-03 1.022305488586425781e-01
-1.153864488005638123e-01 -7.779704034328460693e-02 -2.509409487247467041e-01 -4.520664364099502563e-02 1.248439252376556396e-01 1.519503742456436157e-01 -2.929024696350097656e-01 1.896237283945083618e-01 1.755831837654113770e-01 -1.021059378981590271e-01 5.420033633708953857e-02 2.036642432212829590e-01 1.877857893705368042e-01 -1.150870323181152344e-01 -2.184147834777832031e-01 -1.326374858617782593e-01 -3.741343915462493896e-01 -2.640138193964958191e-02 -1.840243339538574219e-01 -1.777506060898303986e-02 -4.800098389387130737e-02 -1.307109743356704712e-02 -7.497866451740264893e-02 1.781832277774810791e-01 -8.717907592654228210e-03 2.562670111656188965e-01 -1.019849330186843872e-01 4.393388628959655762e-01 -2.655137479305267334e-01 3.025286197662353516e-01 2.273982763290405273e-01 9.077450633049011230e-02
-1.482964307069778442e-01 1.851042509078979492e-01 -2.808730900287628174e-01 -2.437213808298110962e-01 4.125782847404479980e-01 2.913689613342285156e-01 2.675257436931133270e-02 -7.905310392379760742e-02 -3.535455092787742615e-02 -9.914953261613845825e-02 1.850789934396743774e-01 -4.826460778713226318e-02 -1.659552901983261108e-01 8.984915912151336670e-04 -9.645042568445205688e-02 -4.596279188990592957e-02 2.139838933944702148e-01 1.542914360761642456e-01 -9.348267316818237305e-02 1.866628080606460571e-01 -3.030757904052734375e-01 -2.616768181324005127e-01 -1.745276153087615967e-01 7.920552790164947510e-02 3.593740984797477722e-02 2.919398248195648193e-01 -3.937570452690124512e-01 -2.524603307247161865e-01 4.108762368559837341e-02 1.941486895084381104e-01 3.284841775894165039e-02 -9.743693470954895020e-02
2.378088533878326416e-01 1.163939163088798523e-01 3.493398725986480713e-01 5.313823744654655457e-02 1.032755747437477112e-01 -7.050289958715438843e-02 3.594034165143966675e-02 -3.220735490322113037e-02 -1.879080533981323242e-01 4.026248455047607422e-01 -8.170516788959503174e-02 1.940580606460571289e-01 2.300316244363784790e-01 1.401885747909545898e-01 -2.839571535587310791e-01 8.674424886703491211e-02 7.874639332294464111e-02 1.510360836982727051e-02 2.434165775775909424e-02 -3.631439507007598877e-01 3.670209646224975586e-02 -1.255439966917037964e-01 -7.240527868270874023e-02 -1.332425624132156372e-01 1.274475604295730591e-01 -2.519169151782989502e-01 2.387993335723876953e-01 -6.727200746536254883e-02 1.458509862422943115e-01 -3.167372345924377441e-01 -8.389020711183547974e-02 6.745933555066585541e-03
-1.866481304168701172e-01 -2.864365279674530029e-02 -6.795351207256317139e-02 -7.421816140413284302e-02 4.010616242885589600e-02 4.835131764411926270e-02 -6.981188058853149414e-02 1.193682998418807983e-01 6.388185173273086548e-02 -6.991843134164810181e-02 5.776853114366531372e-02 -3.946922346949577332e-02 -8.641043305397033691e-02 -1.481093466281890869e-01 3.448524326086044312e-02 -1.155334860086441040e-01 -2.118520438671112061e-01 1.003245860338211060e-01 5.763711035251617432e-02 1.223505213856697083e-01 1.616687327623367310e-02 -3.121631406247615814e-02 8.204020559787750244e-02 1.538960039615631104e-01 -2.100744843482971191e-01 2.814728319644927979e-01 -1.242079138755798340e-01 1.182454153895378113e-01 -1.699299365282058716e-01 -4.489406198263168335e-02 6.343194097280502319e-02 -6.301857531070709229e-02
-1.667907834053039551e-01 -1.102864444255828857e-01 2.277204543352127075e-01 -6.077610328793525696e-02 1.055223569273948669e-01 -8.776881545782089233e-02 1.968567818403244019e-01 2.639355883002281189e-02 -3.579057008028030396e-02 -5.605068430304527283e-02 6.184172630310058594e-02 -1.852419376373291016e-01 1.977424770593643188e-01 1.115189641714096069e-01 2.381974644958972931e-02 3.266952037811279297e-01 3.867339789867401123e-01 7.429412007331848145e-02 7.155751436948776245e-02 -9.073426946997642517e-03 4.883533716201782227e-02 -9.856355190277099609e-02 -1.819945573806762695e-01 9.442542493343353271e-02 5.308463424444198608e-02 -1.039843112230300903e-01 -2.509167045354843140e-02 -1.329870373010635376e-01 1.451728940010070801e-01 -1.842864900827407837e-01 -1.885724216699600220e-01 -9.546648710966110229e-02
2.599605321884155273e-01 3.384716808795928955e-01 8.818875998258590698e-02 1.045945845544338226e-02 -7.687793672084808350e-02 1.877091825008392334e-02 -9.783670306205749512e-03 -1.893197000026702881e-01 -1.337198317050933838e-01 8.076962828636169434e-02 -4.660827666521072388e-02 7.899653166532516479e-02 -1.564535498619079590e-01 4.265996068716049194e-02 1.411202102899551392e-01 -1.075369417667388916e-01 -9.918101131916046143e-03 -2.758615836501121521e-02 -1.195347383618354797e-01 -6.915845721960067749e-02 -1.144533455371856689e-01 1.882559657096862793e-01 2.033503949642181396e-01 -3.361872136592864990e-01 2.228375673294067383e-01 -1.823535412549972534e-01 2.093254774808883667e-02 -7.105077058076858521e-02 -2.822525240480899811e-02 2.684108912944793701e-02 1.309069991111755371e-01 1.001599505543708801e-01
5.276232957839965820e-02 2.324287891387939453e-01 1.181595325469970703e-01 3.800009787082672119e-01 1.038340404629707336e-01 2.711702138185501099e-02 2.893923781812191010e-02 9.648801386356353760e-02 1.185212954878807068e-01 9.639459848403930664e-02 2.543063163757324219e-01 1.320922374725341797e-02 4.667715728282928467e-02 1.268314272165298462e-01 2.941376157104969025e-02 4.826448559761047363e-01 1.841083317995071411e-01 6.012617424130439758e-02 -3.310027718544006348e-02 -4.309874773025512695e-02 -4.650558531284332275e-02 -2.627035677433013916e-01 -1.750499457120895386e-01 -3.414206504821777344e-01 3.412562310695648193e-01 -4.256065189838409424e-01 -1.535373330116271973e-01 -1.702541261911392212e-01 2.249720245599746704e-01 -1.452131122350692749e-01 -1.862057298421859741e-01 -1.378079503774642944e-01
4.459097981452941895e-03 1.620511710643768311e-01 2.348242253065109253e-01 2.440794408321380615e-01 2.166698724031448364e-01 2.181321680545806885e-01 2.323476821184158325e-01 1.090638786554336548e-01 -1.572741568088531494e-02 -2.857886850833892822e-01 1.645584702491760254e-01 1.013632491230964661e-01 -1.632877588272094727e-01 1.694784462451934814e-01 2.761856019496917725e-01 2.534419596195220947e-01 2.485782206058502197e-01 5.665980651974678040e-02 -1.970097124576568604e-01 1.835504025220870972e-01 -2.158715724945068359e-01 1.822728291153907776e-02 -2.643647193908691406e-01 -1.075324714183807373e-01 2.350871562957763672e-01 -8.230832219123840332e-02 -2.709276378154754639e-01 -2.902673780918121338e-01 -6.169752031564712524e-02 1.080000028014183044e-01 -2.475105524063110352e-01 -2.579022049903869629e-01
1.827298104763031006e-01 1.624379158020019531e-01 6.324639916419982910e-02 3.293710052967071533e-01 4.319684207439422607e-02 2.097173333168029785e-01 1.378844827413558960e-01 1.338062435388565063e-01 -2.191829681396484375e-02 2.601686120033264160e-02 6.212677806615829468e-02 -9.104217588901519775e-02 -2.462273836135864258e-01 -1.152159720659255981e-01 7.374329864978790283e-02 -2.259637787938117981e-02 7.499069720506668091e-02 4.764581844210624695e-02 -1.101047620177268982e-01 -1.171007677912712097e-01 -1.274714767932891846e-01 6.199303641915321350e-02 8.055846393108367920e-02 -1.799918115139007568e-01 -3.326889127492904663e-04 7.628832012414932251e-03 2.404493466019630432e-02 -4.525844473391771317e-03 -6.192421540617942810e-03 -6.695950031280517578e-02 1.907800436019897461e-01 -1.922255307435989380e-01
1.925743371248245239e-01 1.704812049865722656e-01 -1.968743354082107544e-01 1.464104652404785156e-01 5.981256812810897827e-02 3.251878023147583008e-01 -2.677968330681324005e-02 9.358873963356018066e-02 1.350714564323425293e-01 9.069174528121948242e-03 5.360297486186027527e-02 1.849928200244903564e-01 -2.154520153999328613e-01 -1.656823456287384033e-01 -5.655544251203536987e-02 -2.403168678283691406e-01 -1.968494057655334473e-01 -1.176804453134536743e-01 -2.766693234443664551e-01 -7.281353324651718140e-02 -2.113418281078338623e-01 1.492225974798202515e-01 1.557455956935882568e-01 -2.527957558631896973e-01 3.667282313108444214e-02 1.888279616832733154e-01 -4.277507215738296509e-02 2.262369990348815918e-01 -2.103721350431442261e-01 1.933283507823944092e-01 3.256637752056121826e-01 -2.536573633551597595e-02
1.317707300186157227e-01 1.973792612552642822e-01 2.384707033634185791e-01 -5.875428207218647003e-03 -1.832317560911178589e-01 -2.586157619953155518e-01 -1.499922126531600952e-01 -1.537237763404846191e-01 -2.319965660572052002e-01 2.252081781625747681e-02 -9.810966253280639648e-02 4.719588905572891235e-02 4.798430204391479492e-02 1.041877344250679016e-01 1.830979883670806885e-01 1.613249257206916809e-02 -1.293464004993438721e-01 -5.675685778260231018e-02 1.901925504207611084e-01 5.642741918563842773e-02 5.374759435653686523e-03 1.515620350837707520e-01 1.323973238468170166e-01 -1.241047605872154236e-01 2.584976553916931152e-01 -2.682566344738006592e-01 4.389629885554313660e-02 -1.808277964591979980e-01 -1.457744985818862915e-01 -3.064067661762237549e-02 -6.693257391452789307e-02 2.005578875541687012e-01
1.506729423999786377e-02 -1.125946268439292908e-02 1.221910864114761353e-01 4.909584298729896545e-02 -6.252202391624450684e-02 -6.690760701894760132e-02 -2.388866245746612549e-01 1.731995344161987305e-01 -8.969964087009429932e-02 -5.254009738564491272e-02 -1.661887019872665405e-02 1.224186494946479797e-01 -7.846554368734359741e-02 -1.402995884418487549e-01 -3.520172461867332458e-02 -1.546627134084701538e-01 -3.916495144367218018e-01 2.350866422057151794e-02 1.145467460155487061e-01 1.294230669736862183e-01 1.075418367981910706e-01 -7.851831614971160889e-02 4.551032930612564087e-02 3.373716771602630615e-01 -2.831165492534637451e-01 3.039420843124389648e-01 4.106324166059494019e-03 4.923415184020996094e-02 -2.464662790298461914e-01 -1.781616061925888062e-01 4.568366706371307373e-02 -1.058791056275367737e-01
7.488829642534255981e-02 8.720769733190536499e-02 8.520990610122680664e-02 8.605059981346130371e-02 3.019966930150985718e-02 1.350354701280593872e-01 1.088445112109184265e-01 1.144426465034484863e-01 -4.194313287734985352e-02 8.368705213069915771e-02 2.422260865569114685e-02 -1.290291994810104370e-01 -1.316962391138076782e-02 -1.142336875200271606e-01 -5.597565323114395142e-03 -1.571476832032203674e-02 1.067737489938735962e-01 1.605229452252388000e-02 -5.433068796992301941e-02 -2.054344862699508667e-01 -1.216890364885330200e-01 9.274047613143920898e-02 1.416346058249473572e-02 -7.967163622379302979e-02 -1.560868695378303528e-03 2.536430954933166504e-02 -1.163009703159332275e-01 1.497642844915390015e-01 -2.678159810602664948e-02 -1.607877463102340698e-01 1.188594400882720947e-01 -6.475304067134857178e-02
-1.568100452423095703e-01 -8.079975098371505737e-02 -1.332163363695144653e-01 -5.118027329444885254e-02 1.910012960433959961e-01 2.210223972797393799e-01 -2.025149017572402954e-01 2.441441267728805542e-01 1.724199354648590088e-01 -1.598726212978363037e-01 7.843199372291564941e-02 1.820993721485137939e-01 2.241919487714767456e-01 -5.990318581461906433e-02 -1.484779119491577148e-01 -5.711226537823677063e-02 -2.476058900356292725e-01 1.833774149417877197e-04 -1.783700585365295410e-01 2.930973470211029053e-02 -8.476447314023971558e-02 -1.860352233052253723e-02 -1.300239413976669312e-01 1.404232978820800781e-01 -1.784639433026313782e-03 1.825128048658370972e-01 -2.199102193117141724e-01 3.866216838359832764e-01 -2.642336487770080566e-01 3.239892423152923584e-01 1.066289246082305908e-01 4.636301659047603607e-03
2.825713157653808594e-02 7.476408779621124268e-02 1.123807430267333984e-01 1.675797551870346069e-01 1.852446421980857849e-02 5.771070718765258789e-04 -1.599323600530624390e-01 1.500349193811416626e-01 -8.436953276395797729e-02 -1.437606811523437500e-01 1.413613855838775635e-01 2.252706885337829590e-01 -1.315031349658966064e-01 -1.019970327615737915e-02 6.994418799877166748e-02 -1.069673523306846619e-02 -2.705706954002380371e-01 5.790304392576217651e-03 3.289265930652618408e-02 2.595092356204986572e-01 9.204223752021789551e-03 -5.077570676803588867e-03 -4.831700772047042847e-02 2.314945161342620850e-01 -1.058724597096443176e-01 2.763693034648895264e-01 -9.904794394969940186e-02 -2.165140360593795776e-01 -2.088764309883117676e-01 -1.146068423986434937e-02 7.814411073923110962e-03 -1.604319214820861816e-01
-4.621366262435913086e-01 -6.103627011179924011e-02 -5.066211149096488953e-02 -2.341052740812301636e-01 -2.523921430110931396e-02 -1.252591013908386230e-01 8.423597365617752075e-02 7.204414904117584229e-02 1.180373355746269226e-01 -2.279174029827117920e-01 1.383101642131805420e-01 -3.916398063302040100e-02 2.463924139738082886e-01 2.460345998406410217e-02 2.143780440092086792e-01 6.065636500716209412e-02 -1.088392734527587891e-02 3.362792357802391052e-02 3.210772573947906494e-01 2.833099067211151123e-01 7.974096387624740601e-02 1.584603637456893921e-01 5.537873506546020508e-02 9.406984597444534302e-02 -4.785777628421783447e-02 2.620095759630203247e-02 -2.465101927518844604e-01 1.903164982795715332e-01 -2.439254373311996460e-01 2.169618755578994751e-02 -2.307455390691757202e-01 1.971144229173660278e-01
-1.811462640762329102e-01 -5.971208214759826660e-02 -1.938021183013916016e-01 -9.179708361625671387e-02 1.136646270751953125e-01 1.985413730144500732e-01 1.015530973672866821e-01 5.310895666480064392e-02 2.067128717899322510e-01 -7.302197068929672241e-02 1.154950410127639771e-01 -1.887643635272979736e-01 -9.967503696680068970e-02 -2.712913230061531067e-02 3.326620906591415405e-02 5.485499277710914612e-02 1.714623719453811646e-02 2.051913589239120483e-01 -5.963116139173507690e-02 1.626969501376152039e-02 -1.398473083972930908e-01 -1.583021581172943115e-01 -1.623504608869552612e-02 -4.805332422256469727e-02 1.746599376201629639e-02 1.547138541936874390e-01 -2.111904174089431763e-01 1.243522167205810547e-01 7.430887222290039062e-02 -3.691216558218002319e-02 6.550693511962890625e-02 -7.327304780483245850e-02
6.546446681022644043e-02 2.807559072971343994e-01 -3.744134679436683655e-02 -1.174827516078948975e-01 7.741533219814300537e-03 1.420177072286605835e-01 1.091870889067649841e-01 6.263868510723114014e-02 -1.485766321420669556e-01 4.339203238487243652e-03 -1.338216513395309448e-01 4.319461435079574585e-02 -3.564544394612312317e-02 -1.149333864450454712e-01 -1.473476365208625793e-02 -5.249511078000068665e-02 2.614092454314231873e-02 -2.237701416015625000e-01 -1.773981750011444092e-01 -1.738678477704524994e-02 -1.776746213436126709e-01 2.708684802055358887e-01 4.393042996525764465e-02 -1.938197910785675049e-01 1.638758182525634766e-02 -1.897849142551422119e-03 -1.817914694547653198e-01 1.942738145589828491e-01 -1.545712500810623169e-01 -6.547398865222930908e-02 -4.380784928798675537e-03 1.206909716129302979e-01
1.347383260726928711e-01 2.911561727523803711e-01 -7.620581984519958496e-02 -1.307615339756011963e-01 -5.914828181266784668e-02 4.399120807647705078e-02 2.207915671169757843e-02 1.202981546521186829e-02 -2.193264365196228027e-01 1.304311603307723999e-01 -1.448552757501602173e-01 -3.007858991622924805e-02 -4.820081591606140137e-02 -1.653863638639450073e-01 -1.193287596106529236e-01 -1.805227100849151611e-01 -5.064129084348678589e-02 -2.257984280586242676e-01 -1.396157145500183105e-01 -1.184830144047737122e-01 -1.787229925394058228e-01 1.725948750972747803e-01 1.362275779247283936e-01 -1.924198567867279053e-01 -4.947178810834884644e-02 1.860157027840614319e-02 -1.052178889513015747e-01 2.212550789117813110e-01 -9.158529341220855713e-02 -1.554641276597976685e-01 1.237882524728775024e-01 1.465697735548019409e-01
-3.086821734905242920e-01 2.712440863251686096e-02 -3.100763633847236633e-02 -4.583044946193695068e-01 -1.080879867076873779e-01 -4.410854876041412354e-01 -8.104065433144569397e-03 -1.623188406229019165e-01 1.451306641101837158e-01 -2.189970016479492188e-01 9.158912301063537598e-02 5.879416316747665405e-02 5.242491960525512695e-01 2.134728580713272095e-01 1.744373589754104614e-01 9.296675026416778564e-02 2.255019173026084900e-02 -1.724845916032791138e-01 4.623281955718994141e-01 3.984088003635406494e-01 2.214998602867126465e-01 3.910021185874938965e-01 2.048658877611160278e-01 -1.022150516510009766e-01 2.706766724586486816e-01 -2.215057313442230225e-01 2.018982172012329102e-02 1.452682167291641235e-01 -2.325739115476608276e-01 3.229734301567077637e-01 -1.531163901090621948e-01 6.017616987228393555e-01
1.400888059288263321e-02 9.910524636507034302e-02 -1.976980417966842651e-01 5.639992281794548035e-02 -7.616519927978515625e-03 2.668319344520568848e-01 5.002222955226898193e-02 1.586344465613365173e-02 1.115364357829093933e-01 1.294076442718505859e-02 1.982649415731430054e-02 -1.998244225978851318e-01 -2.551089525222778320e-01 -1.414785832166671753e-01 -4.838529229164123535e-02 -8.888561278581619263e-03 4.141151905059814453e-03 1.820283234119415283e-01 -1.158462166786193848e-01 -6.144496798515319824e-02 -1.460526883602142334e-01 -2.726653516292572021e-01 -4.486030340194702148e-02 -1.576028764247894287e-02 4.060129821300506592e-02 1.160211116075515747e-01 -1.031281352043151855e-01 1.057694181799888611e-01 7.211655378341674805e-02 -6.571722030639648438e-02 9.958183765411376953e-02 -1.195096075534820557e-01
-2.560942173004150391e-01 1.120794042944908142e-01 -1.094887703657150269e-01 -5.357704162597656250e-01 3.723263144493103027e-01 3.354315459728240967e-02 1.000590100884437561e-01 -2.130406498908996582e-01 -1.731733381748199463e-01 2.512139081954956055e-01 -1.498402655124664307e-01 3.834759443998336792e-02 1.913805156946182251e-01 -8.731540292501449585e-03 -2.730029225349426270e-01 -1.491493880748748779e-01 2.451624274253845215e-01 1.899108737707138062e-01 1.097728163003921509e-01 -1.020378619432449341e-01 -1.264635622501373291e-01 -2.817218601703643799e-01 -6.635509431362152100e-02 8.779343962669372559e-02 -5.082384496927261353e-02 1.247205883264541626e-01 -5.408430099487304688e-02 -1.151841878890991211e-02 1.072964668273925781e-01 -1.555228680372238159e-01 3.304409235715866089e-02 1.631740778684616089e-01
7.430002093315124512e-02 4.563689529895782471e-01 -1.535253822803497314e-01 -4.452328383922576904e-01 -7.005916535854339600e-02 -1.442727148532867432e-01 -1.447982788085937500e-01 -3.698604702949523926e-01 -2.308296859264373779e-01 1.066831499338150024e-01 -2.415558099746704102e-01 1.730065643787384033e-01 2.116485983133316040e-01 2.380588278174400330e-02 -2.909768745303153992e-02 -2.372182011604309082e-01 -9.145223349332809448e-02 -3.399413228034973145e-01 -1.559911966323852539e-01 5.785355716943740845e-02 -8.707212656736373901e-02 3.879821002483367920e-01 9.572172164916992188e-02 -3.080697953701019287e-01 2.906016409397125244e-01 -1.331216394901275635e-01 -6.754741072654724121e-02 1.605427265167236328e-01 -7.556825876235961914e-02 2.149179130792617798e-01 1.392195820808410645e-01 5.554233193397521973e-01
-3.088603727519512177e-02 -1.160048916935920715e-01 3.266502171754837036e-03 2.302181273698806763e-01 -2.527321875095367432e-02 1.318903267383575439e-02 3.313731402158737183e-02 4.397946223616600037e-02 1.220663562417030334e-01 7.914482057094573975e-02 1.194980740547180176e-01 -2.247071564197540283e-01 -9.535990655422210693e-03 -9.927171468734741211e-02 -9.114240109920501709e-02 -6.691362708806991577e-03 1.592482924461364746e-01 1.029169708490371704e-01 4.193428158760070801e-02 -1.953050345182418823e-01 1.187504902482032776e-01 -3.349810093641281128e-02 5.876777693629264832e-02 4.408431053161621094e-02 1.328142732381820679e-02 -7.825512439012527466e-04 2.152309715747833252e-01 -3.011355735361576080e-02 1.331381946802139282e-01 -7.941755652427673340e-02 2.970849275588989258e-01 -8.576340973377227783e-02
9.517657011747360229e-02 3.707733452320098877e-01 -2.533595263957977295e-01 -3.256383538246154785e-01 -1.975095272064208984e-02 3.922693431377410889e-03 -2.027450054883956909e-01 -8.991842716932296753e-02 -2.748869359493255615e-01 1.177473068237304688e-01 -1.532594859600067139e-01 1.767963171005249023e-01 1.080172508955001831e-01 -1.559758186340332031e-01 -2.461345791816711426e-01 -3.292019367218017578e-01 -2.812116444110870361e-01 -3.536455631256103516e-01 -2.499901950359344482e-01 4.161648452281951904e-02 -1.742702275514602661e-01 2.182456701993942261e-01 3.222855553030967712e-02 -1.898340284824371338e-01 9.155318886041641235e-02 1.784492582082748413e-01 -1.063120067119598389e-01 3.262386023998260498e-01 -1.599167436361312866e-01 2.522334456443786621e-03 2.133755385875701904e-01 4.226587712764739990e-01
-6.565450131893157959e-02 2.621532380580902100e-01 2.793241441249847412e-01 1.084221340715885162e-02 -3.273060917854309082e-02 -1.171786785125732422e-01 1.160315573215484619e-01 6.339696049690246582e-02 -2.049596309661865234e-01 -6.706826388835906982e-02 -3.246857225894927979e-02 6.291540712118148804e-02 6.243027746677398682e-02 1.352867186069488525e-01 2.488474994897842407e-01 2.096712142229080200e-01 6.366346776485443115e-02 -7.477870583534240723e-02 1.397407203912734985e-01 1.866956353187561035e-01 -8.235514163970947266e-02 1.836749166250228882e-01 -1.248789131641387939e-01 -1.789138466119766235e-02 1.832770258188247681e-01 -1.974140405654907227e-01 -2.291136533021926880e-01 -2.269373387098312378e-01 -1.418200135231018066e-01 -1.273110955953598022e-01 -3.346036374568939209e-01 4.816973954439163208e-02
1.723508983850479126e-01 2.512818276882171631e-01 1.537041217088699341e-01 2.149564921855926514e-01 3.408424183726310730e-02 1.133092492818832397e-01 8.965932577848434448e-02 3.866514191031455994e-02 -2.321294248104095459e-01 7.658869028091430664e-02 3.828104585409164429e-02 -4.630536213517189026e-02 -1.809453368186950684e-01 1.610029116272926331e-02 1.451642066240310669e-01 1.211558282375335693e-02 3.661706671118736267e-02 4.109870269894599915e-02 -5.865814164280891418e-02 -6.969325989484786987e-02 -1.908534169197082520e-01 9.123568236827850342e-02 -1.979000866413116455e-03 -1.911503970623016357e-01 1.041885316371917725e-01 -5.144210159778594971e-02 -3.221704065799713135e-02 -1.295002400875091553e-01 1.705826818943023682e-02 -1.554727405309677124e-01 4.727181047201156616e-02 -1.348871141672134399e-01
-1.546591520309448242e-01 1.723719537258148193e-01 1.537328958511352539e-02 2.075892314314842224e-02 1.756714880466461182e-01 7.339324057102203369e-02 9.239968657493591309e-02 -2.160295844078063965e-04 3.474480658769607544e-02 1.277453303337097168e-01 5.611189454793930054e-02 -3.737508505582809448e-02 1.451209783554077148e-01 1.192420721054077148e-03 -6.401968747377395630e-02 2.854239940643310547e-01 2.484507858753204346e-01 1.431611776351928711e-01 6.275273859500885010e-02 -4.976621270179748535e-02 -1.838045120239257812e-01 -3.143902719020843506e-01 -1.532139182090759277e-01 -1.397439539432525635e-01 1.790616214275360107e-01 -1.794795989990234375e-01 -2.208472043275833130e-01 1.940308604389429092e-03 1.459750980138778687e-01 -2.773801684379577637e-01 -2.054504752159118652e-01 -3.217790275812149048e-02
-2.768607437610626221e-01 6.182780116796493530e-02 -2.351203188300132751e-02 6.060947105288505554e-02 1.344613432884216309e-01 1.411800831556320190e-02 1.112019419670104980e-01 5.794699862599372864e-02 2.549735307693481445e-01 -6.717823445796966553e-03 1.835340261459350586e-01 -1.253768354654312134e-01 1.543183773756027222e-01 8.941338956356048584e-02 8.173038065433502197e-02 4.232863783836364746e-01 2.290407717227935791e-01 1.259847134351730347e-01 9.299750626087188721e-02 2.891367301344871521e-02 -6.137038394808769226e-02 -2.326233386993408203e-01 -9.690853953361511230e-02 -3.284964859485626221e-01 2.954823672771453857e-01 -3.187572658061981201e-01 -1.997438967227935791e-01 7.833059132099151611e-02 1.992649883031845093e-01 -1.651896983385086060e-01 -2.527287006378173828e-01 1.953298598527908325e-02
5.444277450442314148e-02 8.410187065601348877e-02 3.085027337074279785e-01 7.933992147445678711e-02 -2.458278834819793701e-02 -1.327653080224990845e-01 1.379223018884658813e-01 8.908750116825103760e-02 -2.788668572902679443e-01 3.001491725444793701e-02 1.433275267481803894e-02 -1.827823221683502197e-01 3.051803261041641235e-02 7.379957288503646851e-02 8.091945201158523560e-02 2.637149095535278320e-01 2.310899198055267334e-01 1.508558169007301331e-02 8.321702480316162109e-02 -7.350899279117584229e-03 -6.381999701261520386e-02 -3.705444931983947754e-02 -1.518494188785552979e-01 4.920554906129837036e-02 -2.766178734600543976e-02 -4.164440929889678955e-02 -3.009065985679626465e-02 -1.617821156978607178e-01 5.049910768866539001e-02 -4.666740894317626953e-01 -1.954658478498458862e-01 -1.193668693304061890e-01
-2.705828547477722168e-01 -6.885085254907608032e-03 -7.313233613967895508e-02 -4.015809893608093262e-01 4.019588828086853027e-01 -1.037203520536422729e-02 -1.174220964312553406e-01 -6.251269578933715820e-02 -6.864082813262939453e-02 -8.014738559722900391e-02 1.806930303573608398e-01 2.172411084175109863e-01 1.975229233503341675e-01 -1.317330077290534973e-02 -1.540591269731521606e-01 -3.565007075667381287e-02 7.133401185274124146e-02 5.885513499379158020e-02 2.056669294834136963e-01 2.932055592536926270e-01 1.110087335109710693e-02 -9.745323657989501953e-02 -8.331464231014251709e-02 3.595919013023376465e-01 -1.373853534460067749e-01 3.695245683193206787e-01 -2.568283677101135254e-01 -2.345803827047348022e-01 -4.056888818740844727e-02 3.303590044379234314e-02 -1.283542513847351074e-01 4.878187924623489380e-02
4.169281944632530212e-02 3.670161664485931396e-01 2.023876607418060303e-01 -1.192616969347000122e-01 4.723072052001953125e-04 1.895817369222640991e-02 1.983630806207656860e-01 -2.893646247684955597e-02 -2.146670818328857422e-01 6.180584430694580078e-03 -3.772657364606857300e-02 -1.949734985828399658e-03 2.401824295520782471e-02 1.040817126631736755e-01 2.801864147186279297e-01 1.631193161010742188e-01 1.582406163215637207e-01 -1.045900136232376099e-01 9.913019835948944092e-03 5.593350529670715332e-02 -1.702650487422943115e-01 2.957768142223358154e-01 1.909453421831130981e-02 -1.709639430046081543e-01 2.162384241819381714e-01 -2.600751519203186035e-01 -2.394993156194686890e-01 -1.006123945116996765e-01 -9.295644611120223999e-02 -3.241632133722305298e-02 -1.904405355453491211e-01 7.499627023935317993e-02
-1.891278773546218872e-01 -1.724890768527984619e-01 5.234060809016227722e-02 -6.643837690353393555e-02 1.636383831501007080e-01 1.647619009017944336e-01 -1.553163211792707443e-02 1.727674603462219238e-01 1.747993528842926025e-01 -1.283836662769317627e-01 2.174574509263038635e-02 7.628582417964935303e-03 2.899714708328247070e-01 -4.025153815746307373e-03 -5.713284015655517578e-02 1.112714633345603943e-01 1.147695332765579224e-01 8.758719265460968018e-02 -3.309538960456848145e-02 -6.443431973457336426e-02 1.599413156509399414e-02 -4.080347716808319092e-03 -1.061981469392776489e-01 1.508777141571044922e-01 2.894082106649875641e-02 -4.092834144830703735e-02 -2.026271671056747437e-01 1.873021125793457031e-01 -1.527931392192840576e-01 2.576506137847900391e-01 -2.545339055359363556e-02 -6.225581280887126923e-03
-1.407678723335266113e-01 3.906848281621932983e-02 -3.937472105026245117e-01 -1.670190393924713135e-01 1.931317448616027832e-01 1.188789010047912598e-01 -4.581348299980163574e-01 1.708459407091140747e-01 3.409406542778015137e-02 -1.208970248699188232e-01 9.048073738813400269e-02 3.682002127170562744e-01 2.552403807640075684e-01 -1.133401542901992798e-01 -3.240636885166168213e-01 -2.876141667366027832e-01 -6.348543167114257812e-01 -1.204126328229904175e-01 -2.547495961189270020e-01 1.169897243380546570e-01 -1.584935784339904785e-01 -4.087673127651214600e-02 -2.261650413274765015e-01 2.152367830276489258e-01 2.201254665851593018e-02 4.647623896598815918e-01 -1.719604432582855225e-01 5.513300895690917969e-01 -3.649913966655731201e-01 2.806606888771057129e-01 2.376353442668914795e-01 1.970686912536621094e-01
1.159706898033618927e-02 9.669476002454757690e-02 2.012749314308166504e-01 9.599493443965911865e-02 5.265929549932479858e-02 9.312853217124938965e-02 2.285963743925094604e-01 1.327483206987380981e-01 -7.820656895637512207e-02 2.873612195253372192e-02 3.444557264447212219e-02 -1.587954610586166382e-01 -6.726682186126708984e-03 -1.002029329538345337e-02 5.767858773469924927e-02 1.271952688694000244e-01 2.204303741455078125e-01 2.054765075445175171e-02 -1.083744317293167114e-02 -1.269734054803848267e-01 -1.294079869985580444e-01 2.471993491053581238e-02 -8.534440398216247559e-02 -5.296096578240394592e-02 2.840504050254821777e-03 -4.605962336063385010e-02 -1.452841162681579590e-01 -1.931242831051349640e-02 2.106864750385284424e-02 -2.428098767995834351e-01 -3.171680122613906860e-02 -1.477260589599609375e-01
-1.924914419651031494e-01 -2.138757407665252686e-01 -1.104657948017120361e-01 -3.996663168072700500e-02 1.072819828987121582e-01 6.785506010055541992e-02 -2.044355124235153198e-01 1.469922512769699097e-01 2.705387175083160400e-01 -1.121007055044174194e-01 5.322128906846046448e-02 8.675977587699890137e-03 3.244031071662902832e-01 -7.503783702850341797e-02 -1.667406708002090454e-01 -1.211790367960929871e-02 -8.084509521722793579e-02 8.788815140724182129e-02 -8.408352732658386230e-04 -7.998601347208023071e-02 1.052662208676338196e-01 -5.004142224788665771e-02 -6.632708013057708740e-03 2.337910234928131104e-01 7.488368079066276550e-03 4.879413917660713196e-02 -6.588231772184371948e-02 2.670115530490875244e-01 -1.356129199266433716e-01 3.705974221229553223e-01 1.973287463188171387e-01 1.377660408616065979e-02
-3.450392931699752808e-02 7.760339975357055664e-02 1.644895076751708984e-01 1.474970281124114990e-01 9.742046147584915161e-02 -2.328822761774063110e-02 -1.581982225179672241e-01 2.347935363650321960e-02 -2.333680987358093262e-01 -1.766401678323745728e-01 1.245374232530593872e-01 1.835750341415405273e-01 4.865135252475738525e-02 6.573956459760665894e-02 4.979332536458969116e-02 1.444724798202514648e-01 -1.358315348625183105e-03 9.974669665098190308e-03 9.319804608821868896e-02 2.902960181236267090e-01 -1.172621920704841614e-02 -1.106436401605606079e-01 -2.166624516248703003e-01 2.789912819862365723e-01 3.689793869853019714e-03 2.047726809978485107e-01 -1.055176109075546265e-01 -3.997468650341033936e-01 -1.341188549995422363e-01 -7.112571597099304199e-02 -1.414695084095001221e-01 -1.131195127964019775e-01
-1.613263934850692749e-01 -1.597802937030792236e-01 2.969841957092285156e-01 -2.667357623577117920e-01 9.106416255235671997e-02 -3.320271372795104980e-01 -2.069239318370819092e-01 1.628385931253433228e-01 -1.932695508003234863e-01 2.635353207588195801e-01 -1.175513565540313721e-01 1.310099661350250244e-01 3.387392759323120117e-01 -5.610071495175361633e-02 -1.396507024765014648e-01 -1.424001157283782959e-01 -2.622603476047515869e-01 2.991139516234397888e-02 3.458823561668395996e-01 -3.498955816030502319e-02 1.131621673703193665e-01 -1.470489650964736938e-01 -1.258002221584320068e-02 3.416673541069030762e-01 -3.457657992839813232e-01 3.632814586162567139e-01 1.246775239706039429e-01 1.341869980096817017e-01 -1.233085840940475464e-01 -5.367905497550964355e-01 5.242036283016204834e-02 1.813598871231079102e-01
1.575942039489746094e-01 1.585892140865325928e-01 2.866109907627105713e-01 1.562882810831069946e-01 -1.261537969112396240e-01 -1.272111833095550537e-01 -5.005689710378646851e-02 3.555136546492576599e-02 -2.731812596321105957e-01 1.108446121215820312e-01 -5.608795583248138428e-02 -2.881572768092155457e-02 -9.730916470289230347e-02 4.064157977700233459e-02 1.045394465327262878e-01 2.633035555481910706e-02 -5.903784185647964478e-02 1.008599251508712769e-02 8.354826271533966064e-02 -4.346863925457000732e-02 -6.639399379491806030e-02 -2.274917066097259521e-02 -9.701073169708251953e-03 -1.030555218458175659e-01 3.205320611596107483e-02 -8.624707162380218506e-02 5.727791413664817810e-02 -1.890336722135543823e-01 -1.686435937881469727e-02 -3.907409310340881348e-01 -4.381618648767471313e-02 -4.152589663863182068e-02
-1.639024168252944946e-01 1.645056158304214478e-02 -2.293564751744270325e-02 -1.604040265083312988e-01 -2.577874660491943359e-01 -3.875215053558349609e-01 -1.650132536888122559e-01 -1.395334452390670776e-01 1.541960537433624268e-01 -2.118829488754272461e-01 4.018507897853851318e-03 -7.948063313961029053e-03 2.230090051889419556e-01 4.021563380956649780e-02 2.138722538948059082e-01 -4.111697152256965637e-02 -2.061865925788879395e-01 -6.767775863409042358e-02 2.632555663585662842e-01 2.845929563045501709e-01 2.414917647838592529e-01 3.189801275730133057e-01 2.607668936252593994e-01 -6.992990151047706604e-03 1.207059174776077271e-01 -2.419005632400512695e-01 7.563556730747222900e-02 1.149352118372917175e-01 -3.170366585254669189e-01 2.806001901626586914e-01 1.488182693719863892e-02 4.359295070171356201e-01
3.565608710050582886e-02 2.640748322010040283e-01 1.862383037805557251e-01 -8.291086554527282715e-02 3.220219016075134277e-01 -5.327903479337692261e-02 3.575998544692993164e-02 -1.258538961410522461e-01 -2.473367750644683838e-01 2.841951251029968262e-01 1.191828399896621704e-02 1.698307693004608154e-01 2.325500398874282837e-01 2.002338767051696777e-01 -2.519386112689971924e-01 1.093320176005363464e-01 2.886682152748107910e-01 6.642736494541168213e-02 6.980603933334350586e-02 -1.753572076559066772e-01 -9.157831966876983643e-02 -1.558810770511627197e-01 -9.111206233501434326e-02 -1.781097054481506348e-01 1.838552653789520264e-01 -2.283816039562225342e-01 9.174060076475143433e-03 -2.533795535564422607e-01 1.594564616680145264e-01 -1.509779840707778931e-01 -1.312845945358276367e-01 5.374350026249885559e-02
-2.100213170051574707e-01 1.080707535147666931e-01 -2.028201073408126831e-01 -4.604979455471038818e-01 3.463634252548217773e-01 1.180681586265563965e-01 6.342855840921401978e-02 -1.813479661941528320e-01 -1.648300290107727051e-01 1.383194476366043091e-01 -9.288881719112396240e-02 1.976031064987182617e-02 7.363416254520416260e-02 -8.583050966262817383e-02 -2.370581477880477905e-01 -1.578416377305984497e-01 1.722326874732971191e-01 1.587931364774703979e-01 6.724987179040908813e-02 -3.811190277338027954e-02 -1.390348970890045166e-01 -2.790189981460571289e-01 -9.698210656642913818e-02 1.778611838817596436e-01 -8.809464424848556519e-02 2.157251834869384766e-01 -1.285274177789688110e-01 -7.088244706392288208e-02 1.072784066200256348e-01 -4.984952509403228760e-02 7.177142053842544556e-02 6.039015948772430420e-02
-5.374846979975700378e-03 7.096937298774719238e-02 1.940179765224456787e-01 1.100729256868362427e-01 1.358118653297424316e-01 2.183741331100463867e-01 2.100117057561874390e-01 1.942179501056671143e-01 3.029427677392959595e-02 -1.112372800707817078e-01 7.475080341100692749e-02 -2.699130401015281677e-02 -3.855664655566215515e-02 4.705040156841278076e-02 1.605920195579528809e-01 1.825415790081024170e-01 2.104968130588531494e-01 2.198436111211776733e-02 -1.173776462674140930e-01 -8.931515365839004517e-02 -2.162772119045257568e-01 6.444245576858520508e-02 -1.273625642061233521e-01 -6.255193054676055908e-02 4.763083159923553467e-02 -7.713870704174041748e-02 -2.621682584285736084e-01 7.977755367755889893e-02 -7.738294452428817749e-02 3.531575575470924377e-02 -8.919721841812133789e-02 -1.900106966495513916e-01
3.203076496720314026e-02 1.377522349357604980e-01 2.041563019156455994e-02 2.448207139968872070e-02 1.201369613409042358e-01 3.223502039909362793e-01 1.526761800050735474e-01 2.082099169492721558e-01 5.645566433668136597e-02 -5.324300378561019897e-02 3.738231956958770752e-03 1.170819327235221863e-01 -9.172160178422927856e-02 -9.027937054634094238e-02 6.230801343917846680e-02 -8.365251123905181885e-04 2.468859404325485229e-02 -9.724588692188262939e-02 -1.709153652191162109e-01 -7.650938630104064941e-02 -2.271977663040161133e-01 1.802094280719757080e-01 -1.013582199811935425e-02 -1.960423886775970459e-01 -6.847159937024116516e-03 1.382120698690414429e-02 -2.352558821439743042e-01 2.031520009040832520e-01 -1.702388972043991089e-01 1.043559163808822632e-01 -4.207048565149307251e-03 -6.803181767463684082e-02
