-1.306241154670715332e-01 -2.485802210867404938e-02 -1.485618352890014648e-01 -2.186541557312011719e-01 -1.651829034090042114e-01 -2.522885203361511230e-01 -8.262105286121368408e-02 -1.662506163120269775e-01 2.386601865291595459e-01 -3.159002065658569336e-01 1.831620335578918457e-01 4.866663366556167603e-02 3.055279254913330078e-01 2.851680517196655273e-01 3.020383417606353760e-01 3.186947107315063477e-02 -8.947817236185073853e-02 -1.899528056383132935e-01 1.841802597045898438e-01 3.925770819187164307e-01 2.017210125923156738e-01 4.779843389987945557e-01 2.032714486122131348e-01 -1.318673193454742432e-01 3.123643100261688232e-01 -3.694294393062591553e-01 1.035252809524536133e-01 7.611257582902908325e-02 -2.773932516574859619e-01 5.348859429359436035e-01 -5.792655050754547119e-02 5.164707303047180176e-01
-3.677035868167877197e-01 3.302097916603088379e-01 1.178861558437347412e-01 -3.402794599533081055e-01 3.617040440440177917e-02 -1.269977986812591553e-01 2.883057892322540283e-01 -2.469401620328426361e-02 -2.669635415077209473e-02 -1.976748108863830566e-01 -8.879597485065460205e-02 1.855430305004119873e-01 3.261806368827819824e-01 2.606206834316253662e-01 3.060208559036254883e-01 2.989805340766906738e-01 2.301309108734130859e-01 -1.748012602329254150e-01 2.029337286949157715e-01 3.820189833641052246e-01 -8.043431490659713745e-02 4.926446974277496338e-01 -1.752033978700637817e-01 -5.330707877874374390e-02 3.088081181049346924e-01 -3.658595085144042969e-01 -4.083455204963684082e-01 -1.081186085939407349e-01 -1.319523602724075317e-01 1.864953339099884033e-01 -4.832262396812438965e-01 3.601738214492797852e-01
1.548538804054260254e-01 -1.565566062927246094e-01 -1.454203948378562927e-02 1.083392202854156494e-01 -3.104010224342346191e-01 -1.896662712097167969e-01 -3.191699087619781494e-01 4.794885590672492981e-02 5.929755419492721558e-02 -7.617423683404922485e-02 -5.775631964206695557e-02 -3.331946209073066711e-02 -1.700471341609954834e-01 -1.089802533388137817e-01 1.077944263815879822e-01 -2.593989968299865723e-01 -5.096528530120849609e-01 1.314356550574302673e-02 -1.143788248300552368e-01 5.303800851106643677e-02 1.623917520046234131e-01 -1.352233812212944031e-02 2.449968308210372925e-01 2.423617541790008545e-01 -2.051600366830825806e-01 1.121298670768737793e-01 2.562196254730224609e-01 2.545568645000457764e-01 -3.076265454292297363e-01 4.022121056914329529e-02 2.559844553470611572e-01 1.025364473462104797e-01
2.665100693702697754e-01 9.865779429674148560e-02 1.491780430078506470e-01 1.612187772989273071e-01 5.136629566550254822e-02 1.059957444667816162e-01 3.164898604154586792e-02 -6.542142480611801147e-03 -9.412290155887603760e-02 2.949484586715698242e-01 -1.076232641935348511e-02 7.675910741090774536e-02 -3.079790621995925903e-02 6.562078744173049927e-02 -1.709332764148712158e-01 1.101526468992233276e-01 6.142544373869895935e-02 1.377227157354354858e-02 -1.104081422090530396e-01 -2.652614116668701172e-01 -4.108307510614395142e-02 -2.152733057737350464e-01 -8.475810289382934570e-02 -9.027069061994552612e-02 1.364738643169403076e-01 -1.544436812400817871e-01 1.189522892236709595e-01 -6.473113596439361572e-02 1.774466931819915771e-01 -2.106630653142929077e-01 -2.619181014597415924e-02 -9.794159978628158569e-02
-1.186579652130603790e-02 -1.616735160350799561e-01 -6.828324496746063232e-02 -1.657364517450332642e-02 -3.349477052688598633e-01 -3.849181830883026123e-01 -2.973070144653320312e-01 -2.553896605968475342e-01 4.254190623760223389e-01 -2.641686797142028809e-01 5.443479120731353760e-02 -2.252377271652221680e-01 3.080948591232299805e-01 1.303853541612625122e-01 2.484466284513473511e-01 1.559802293777465820e-01 -1.794414520263671875e-01 2.096623554825782776e-02 2.908931672573089600e-02 -2.109935507178306580e-03 3.317430019378662109e-01 7.603788375854492188e-02 3.287081122398376465e-01 -3.440199196338653564e-01 3.758735358715057373e-01 -7.140642404556274414e-01 4.899217784404754639e-01 2.241017818450927734e-01 1.086371243000030518e-01 5.192577838897705078e-01 2.394097447395324707e-01 3.269519507884979248e-01
1.452932208776473999e-01 2.179239392280578613e-01 2.384098172187805176e-01 1.643774211406707764e-01 2.084455937147140503e-01 1.402051746845245361e-02 5.525911599397659302e-02 4.691049456596374512e-03 -1.375805735588073730e-01 2.594193816184997559e-01 1.203475818037986755e-01 1.500070095062255859e-01 1.772680431604385376e-01 1.563757061958312988e-01 -1.181122511625289917e-01 2.751681506633758545e-01 2.344981729984283447e-01 3.767754882574081421e-03 -4.351191222667694092e-02 -1.913824379444122314e-01 -1.169969588518142700e-01 -2.239499241113662720e-01 -1.824184656143188477e-01 -2.403935790061950684e-01 2.149881571531295776e-01 -3.054500818252563477e-01 -6.999818980693817139e-02 -1.983623057603836060e-01 1.623705625534057617e-01 -2.643978595733642578e-01 -2.069512903690338135e-01 -7.564561814069747925e-02
-5.145147442817687988e-02 -1.389067173004150391e-01 1.361227780580520630e-02 6.572677195072174072e-02 6.911622732877731323e-02 1.684828400611877441e-01 2.584800310432910919e-02 1.800921857357025146e-01 2.173278033733367920e-01 -6.420949101448059082e-02 4.066525027155876160e-02 -3.568081185221672058e-02 1.108975559473037720e-01 -9.491503238677978516e-02 -7.484349608421325684e-02 3.781166672706604004e-02 7.220988720655441284e-02 9.203812479972839355e-02 -3.415931016206741333e-02 -1.315065622329711914e-01 -1.733302697539329529e-02 3.756545484066009521e-04 2.877550199627876282e-02 9.616152942180633545e-02 -3.970332443714141846e-02 -2.636866085231304169e-02 -9.829907119274139404e-02 2.189998477697372437e-01 -1.095503419637680054e-01 1.819639503955841064e-01 1.342957615852355957e-01 -6.484872102737426758e-02
2.768901288509368896e-01 1.970021426677703857e-01 1.133385300636291504e-01 -8.269110321998596191e-02 -2.783343791961669922e-01 -3.954777419567108154e-01 -4.544234871864318848e-01 -3.783848285675048828e-01 -2.960804998874664307e-01 1.269424259662628174e-01 -1.879270374774932861e-01 3.006225079298019409e-02 9.058809280395507812e-02 4.488546028733253479e-02 6.041073799133300781e-02 -2.318308651447296143e-01 -2.613629102706909180e-01 -5.322642996907234192e-02 9.336329996585845947e-02 -7.405231893062591553e-02 3.649509698152542114e-02 1.418731957674026489e-01 2.856189310550689697e-01 -1.823838651180267334e-01 2.326896041631698608e-01 -3.334928452968597412e-01 2.864307463169097900e-01 -1.987032406032085419e-02 -1.320365518331527710e-01 7.759014517068862915e-02 1.454272121191024780e-01 3.983583152294158936e-01
7.617487013339996338e-02 4.054169654846191406e-01 -3.060521557927131653e-02 -3.437293171882629395e-01 -5.058095604181289673e-02 -5.575994029641151428e-02 -2.364723756909370422e-02 -3.258629441261291504e-01 -1.132417693734169006e-01 -3.247198089957237244e-02 -9.418879449367523193e-02 1.958387494087219238e-01 1.221686303615570068e-01 1.415834873914718628e-01 1.749112606048583984e-01 -3.861488029360771179e-02 3.852858394384384155e-02 -2.306631356477737427e-01 -1.164861619472503662e-01 8.701030910015106201e-02 -1.255911290645599365e-01 4.941155016422271729e-01 7.832387834787368774e-02 -3.141207098960876465e-01 3.667345345020294189e-01 -3.393432796001434326e-01 -1.389524340629577637e-01 -5.695768166333436966e-03 -7.954041659832000732e-02 3.464536070823669434e-01 -4.600529745221138000e-02 3.833676278591156006e-01
6.070082634687423706e-02 2.937237918376922607e-01 4.617378115653991699e-03 -3.118399083614349365e-01 -1.401880085468292236e-01 -2.084964066743850708e-01 -1.634066700935363770e-01 -3.982315659523010254e-01 -2.009634301066398621e-02 -3.678025305271148682e-02 -3.884498029947280884e-02 1.920582950115203857e-01 1.294139474630355835e-01 2.032987624406814575e-01 2.058869898319244385e-01 -5.748611316084861755e-02 -6.789381057024002075e-02 -1.860054582357406616e-01 5.361933261156082153e-02 7.182896137237548828e-02 3.147481381893157959e-02 4.330318868160247803e-01 2.488381564617156982e-01 -3.534090220928192139e-01 3.664910495281219482e-01 -4.334472119808197021e-01 8.171811699867248535e-02 -1.522987615317106247e-03 -7.837681472301483154e-02 4.833050966262817383e-01 6.477537751197814941e-02 4.562354087829589844e-01
2.249742597341537476e-01 -1.749427318572998047e-01 3.309118747711181641e-01 4.285553395748138428e-01 -1.779091209173202515e-01 -1.818112432956695557e-01 -1.276153773069381714e-01 6.835460662841796875e-02 2.641485035419464111e-01 1.284675598144531250e-01 1.185533702373504639e-01 1.395552605390548706e-02 2.445175796747207642e-01 9.936118125915527344e-02 1.244464889168739319e-01 4.387437999248504639e-01 -1.088120862841606140e-01 2.460536733269691467e-02 1.479806005954742432e-02 -2.952411174774169922e-01 2.324277162551879883e-01 -1.229326426982879639e-01 4.768590629100799561e-02 -3.661363422870635986e-01 3.153605461120605469e-01 -6.223607063293457031e-01 3.319168984889984131e-01 1.094094961881637573e-01 2.783739566802978516e-01 -1.997506767511367798e-01 -1.650349944829940796e-01 -1.909746229648590088e-02
2.050288766622543335e-01 -1.663753949105739594e-02 3.305576741695404053e-02 1.298518627882003784e-01 -1.538812965154647827e-01 8.387933671474456787e-02 2.863968722522258759e-02 -2.441287040710449219e-03 2.123392820358276367e-01 2.119389027357101440e-01 -1.352823078632354736e-01 -5.744073539972305298e-02 -2.908102050423622131e-02 -8.855988085269927979e-02 -4.106930643320083618e-02 1.696934103965759277e-01 -1.094197854399681091e-01 2.341972663998603821e-02 -1.634410619735717773e-01 -2.857853770256042480e-01 -5.176407843828201294e-02 -2.624746561050415039e-01 -1.534668356180191040e-02 -4.949973523616790771e-02 1.921386718750000000e-01 -1.932111978530883789e-01 2.043467015027999878e-01 2.421999275684356689e-01 1.358538419008255005e-01 -2.208502739667892456e-01 2.136333286762237549e-02 -1.799198240041732788e-02
2.605216503143310547e-01 -2.993327938020229340e-02 4.822766482830047607e-01 5.583377480506896973e-01 -4.499393701553344727e-02 -1.660769879817962646e-01 -8.763829618692398071e-02 1.279445290565490723e-01 1.820590496063232422e-01 1.293864548206329346e-01 3.829106688499450684e-01 1.130096241831779480e-01 2.695434689521789551e-01 2.871601879596710205e-01 8.321535587310791016e-02 6.655401587486267090e-01 8.858738839626312256e-02 -4.093847051262855530e-02 3.418496996164321899e-02 -2.595196068286895752e-01 1.897898614406585693e-01 -9.524855017662048340e-02 -9.328407049179077148e-02 -5.319007039070129395e-01 3.808468878269195557e-01 -7.013144493103027344e-01 1.536098718643188477e-01 -1.174523457884788513e-01 3.833743035793304443e-01 -2.076310366392135620e-01 -2.962140440940856934e-01 -9.017233550548553467e-02
1.664535254240036011e-01 3.382325172424316406e-01 -1.495125144720077515e-01 -1.024791002273559570e-01 -2.168461680412292480e-02 1.199983656406402588e-01 -1.544766593724489212e-02 2.443402633070945740e-02 -1.415217518806457520e-01 1.161487549543380737e-01 -8.152647316455841064e-02 7.444318383932113647e-02 -1.011727750301361084e-01 -1.347563862800598145e-01 -1.139859259128570557e-01 -2.376537024974822998e-01 -1.545825004577636719e-01 -2.231808602809906006e-01 -1.863106638193130493e-01 -7.602602988481521606e-02 -2.348436117172241211e-01 1.872644573450088501e-01 1.164213716983795166e-01 -2.227268218994140625e-01 5.095168948173522949e-02 5.782837048172950745e-02 -7.824632525444030762e-02 2.265866547822952271e-01 -1.289503127336502075e-01 -6.015151739120483398e-03 2.088741064071655273e-01 1.393547505140304565e-01
4.565798342227935791e-01 9.954638034105300903e-02 3.891433179378509521e-01 3.760217726230621338e-01 -6.491392850875854492e-04 4.623679816722869873e-02 -2.996779605746269226e-02 3.940897807478904724e-02 -1.351690143346786499e-01 3.216989040374755859e-01 3.901822492480278015e-02 1.935949921607971191e-01 8.530843257904052734e-02 1.345843225717544556e-01 -1.458413749933242798e-01 2.001783102750778198e-01 2.115406468510627747e-02 -8.861865103244781494e-02 -1.559973359107971191e-01 -3.886231780052185059e-01 3.686608374118804932e-02 -1.507148146629333496e-01 -8.561216294765472412e-02 -1.863704323768615723e-01 2.082598954439163208e-01 -3.250047862529754639e-01 2.708659172058105469e-01 -1.432041525840759277e-01 1.841021627187728882e-01 -2.137572020292282104e-01 -5.064839869737625122e-02 -1.386010944843292236e-01
-8.619552850723266602e-02 -2.324052751064300537e-01 -1.119624674320220947e-01 -1.174723356962203979e-01 -2.467652708292007446e-01 -2.923280000686645508e-01 -1.541177928447723389e-01 -2.220987975597381592e-01 4.307418167591094971e-01 -2.162431776523590088e-01 7.073138654232025146e-02 -2.715943157672882080e-01 1.942905336618423462e-01 1.533301621675491333e-01 2.762811183929443359e-01 5.247557908296585083e-02 -2.192611396312713623e-01 3.514276817440986633e-02 3.020164370536804199e-02 -3.988625109195709229e-02 2.021175026893615723e-01 1.238195747137069702e-01 3.123539984226226807e-01 -3.564806878566741943e-01 2.817542254924774170e-01 -5.140060186386108398e-01 3.719264268875122070e-01 2.390791624784469604e-01 3.789376839995384216e-02 4.311670064926147461e-01 2.131025195121765137e-01 2.997161149978637695e-01
-1.139011755585670471e-01 -1.671364717185497284e-02 7.547113299369812012e-02 -3.366652131080627441e-02 3.927733376622200012e-02 7.358340919017791748e-02 4.030362516641616821e-02 1.949927061796188354e-01 1.049295067787170410e-02 7.849697768688201904e-02 -1.454228162765502930e-02 4.520627856254577637e-02 1.579616665840148926e-01 -8.436892926692962646e-02 -1.157866269350051880e-01 -6.441666185855865479e-02 -1.371349394321441650e-02 -5.243727192282676697e-02 -4.009333252906799316e-02 -9.139517694711685181e-02 -1.254264712333679199e-01 6.455086171627044678e-02 -1.190847009420394897e-01 -2.744412422180175781e-02 -8.654382079839706421e-02 7.273207604885101318e-02 -1.491463333368301392e-01 2.424961626529693604e-01 -1.022176742553710938e-01 -9.228222072124481201e-02 2.882097661495208740e-02 5.953858420252799988e-02
4.604420959949493408e-01 1.797598898410797119e-01 2.690509259700775146e-01 4.342638254165649414e-01 1.045594587922096252e-01 1.614555716514587402e-01 -1.626151613891124725e-02 4.451833292841911316e-02 -4.195633530616760254e-02 2.631359696388244629e-01 1.082427501678466797e-01 1.126510426402091980e-01 -9.860730916261672974e-02 9.988282620906829834e-02 -1.127368435263633728e-01 2.381000071763992310e-01 -5.801565945148468018e-03 -4.384148865938186646e-02 -2.960177958011627197e-01 -3.674701452255249023e-01 -4.202232882380485535e-02 -2.250999063253402710e-01 -1.580727845430374146e-01 -2.387208342552185059e-01 2.202877402305603027e-01 -2.921063601970672607e-01 1.044410169124603271e-01 -1.898962110280990601e-01 1.925350427627563477e-01 -8.335147798061370850e-02 4.706870019435882568e-02 -2.623001635074615479e-01
2.219942212104797363e-02 2.491602674126625061e-02 -1.331890225410461426e-01 -2.846336662769317627e-01 -2.022462934255599976e-01 -3.961541056632995605e-01 -2.491318583488464355e-01 -3.110112249851226807e-01 1.210106536746025085e-01 -1.780927181243896484e-01 7.219493389129638672e-03 6.862693279981613159e-02 3.109413385391235352e-01 1.912626177072525024e-01 2.344816774129867554e-01 -8.582358062267303467e-02 -2.091884613037109375e-01 -1.711601465940475464e-01 1.086982339620590210e-01 2.049262225627899170e-01 2.297927141189575195e-01 4.111251831054687500e-01 2.993183135986328125e-01 -1.713653206825256348e-01 3.149880766868591309e-01 -4.727273285388946533e-01 2.618343830108642578e-01 1.288352012634277344e-01 -2.143848091363906860e-01 5.520579814910888672e-01 1.601584553718566895e-01 6.038165092468261719e-01
5.054960250854492188e-01 -1.009672507643699646e-01 1.585439294576644897e-01 3.905334770679473877e-01 -2.746770381927490234e-01 1.318178772926330566e-01 -1.008943840861320496e-01 5.288213118910789490e-02 2.009603679180145264e-01 1.614432185888290405e-01 -2.009830176830291748e-01 -7.562960684299468994e-02 -2.187035828828811646e-01 -1.271334141492843628e-01 1.134944893419742584e-02 6.967201083898544312e-02 -3.488540053367614746e-01 3.674324974417686462e-02 -3.510053455829620361e-01 -4.770349562168121338e-01 6.644537299871444702e-02 -3.738017976284027100e-01 1.223507970571517944e-01 -9.419548511505126953e-02 1.707649230957031250e-01 -2.604333162307739258e-01 4.492909908294677734e-01 2.434348762035369873e-01 1.482720077037811279e-01 -1.065203398466110229e-01 2.459070086479187012e-01 -1.721122115850448608e-01
2.154433131217956543e-01 3.047558069229125977e-01 -3.913870826363563538e-02 -1.279703080654144287e-01 -1.055081933736801147e-01 -5.680517852306365967e-02 -1.616204380989074707e-01 -2.016194909811019897e-01 -2.622012197971343994e-01 2.185817807912826538e-01 -1.831191778182983398e-01 3.196969628334045410e-03 -6.463326513767242432e-03 -8.626511693000793457e-02 -3.799391537904739380e-02 -2.808902561664581299e-01 -1.515367925167083740e-01 -1.779406815767288208e-01 -1.353267878293991089e-01 -1.538842022418975830e-01 -1.450659632682800293e-01 2.165945917367935181e-01 1.530311107635498047e-01 -3.187318742275238037e-01 1.321970075368881226e-01 -1.181036531925201416e-01 6.521522998809814453e-02 1.574184298515319824e-01 -7.873913645744323730e-02 -5.490319430828094482e-02 1.886922866106033325e-01 3.056727945804595947e-01
1.029225662350654602e-01 -7.514555007219314575e-02 -2.619410678744316101e-02 -6.058104708790779114e-02 4.779408872127532959e-02 3.366133570671081543e-02 -2.618982493877410889e-01 4.453262314200401306e-02 -7.026182115077972412e-02 4.576046764850616455e-02 2.086333930492401123e-02 1.368641257286071777e-01 -1.248548179864883423e-01 -1.860588788986206055e-01 -1.980612725019454956e-01 -2.810980081558227539e-01 -2.788803577423095703e-01 9.620192646980285645e-02 -4.943976551294326782e-02 1.196856200695037842e-01 7.586617022752761841e-02 -9.719651937484741211e-02 8.518734574317932129e-02 4.093917906284332275e-01 -2.277413159608840942e-01 4.399546086788177490e-01 6.223022565245628357e-02 3.445902094244956970e-02 -1.716274470090866089e-01 -6.150697171688079834e-02 1.960029751062393188e-01 -3.558089025318622589e-03
1.230793148279190063e-01 1.443481445312500000e-01 1.213648617267608643e-01 7.388603687286376953e-02 -1.532886326313018799e-01 -2.225442677736282349e-01 -1.539025753736495972e-01 -1.722531318664550781e-01 -6.408254057168960571e-02 -1.317920088768005371e-01 1.265848428010940552e-02 1.307039558887481689e-01 5.260959267616271973e-03 1.770983487367630005e-01 2.718786597251892090e-01 4.934691637754440308e-02 -1.249941959977149963e-01 -5.223581567406654358e-02 7.715493440628051758e-02 1.898930817842483521e-01 2.326811105012893677e-02 3.006589114665985107e-01 1.142787635326385498e-01 -8.201154321432113647e-02 2.627971470355987549e-01 -3.612841367721557617e-01 6.911998987197875977e-02 -1.682677567005157471e-01 -1.585251241922378540e-01 2.630898952484130859e-01 -8.778709173202514648e-02 2.593176066875457764e-01
1.536021977663040161e-01 3.616038262844085693e-01 -2.701524496078491211e-01 -2.072385251522064209e-01 -2.125945687294006348e-02 9.857699275016784668e-02 -1.792663335800170898e-01 -5.079564079642295837e-02 -1.375457048416137695e-01 1.267624348402023315e-01 -6.930817663669586182e-02 2.228350341320037842e-01 -3.408728167414665222e-02 -1.601276695728302002e-01 -1.848524063825607300e-01 -3.422211110591888428e-01 -3.098035156726837158e-01 -2.954605817794799805e-01 -2.486561089754104614e-01 -1.769718714058399200e-02 -2.451148033142089844e-01 1.928040236234664917e-01 1.143862977623939514e-01 -2.416455745697021484e-01 4.307097196578979492e-02 1.862208694219589233e-01 -6.346998363733291626e-02 2.963037490844726562e-01 -1.429965645074844360e-01 1.327342391014099121e-01 2.847154736518859863e-01 3.074097633361816406e-01
-6.506239995360374451e-03 5.425164103507995605e-02 1.444691419601440430e-01 2.578381001949310303e-01 -1.107997447252273560e-02 -2.431342005729675293e-02 4.193273186683654785e-02 3.628734871745109558e-02 1.432451009750366211e-01 1.049369275569915771e-01 9.342531114816665649e-02 -2.949595823884010315e-02 1.709778457880020142e-01 1.281346753239631653e-02 5.104498937726020813e-03 3.914024829864501953e-01 1.013817489147186279e-01 1.038508415222167969e-01 6.394381821155548096e-02 -1.603206694126129150e-01 4.656656086444854736e-02 -2.086104899644851685e-01 -1.099235415458679199e-01 -2.213683128356933594e-01 2.207712531089782715e-01 -4.183065295219421387e-01 -5.006152763962745667e-02 7.858256250619888306e-02 1.876094788312911987e-01 -2.731746435165405273e-01 -2.482247054576873779e-01 -9.432919323444366455e-02
1.372388564050197601e-02 -1.644981205463409424e-01 -1.628420948982238770e-01 7.712523639202117920e-02 -1.944267004728317261e-01 -1.854592561721801758e-02 -1.569613367319107056e-01 -8.333690464496612549e-03 3.077926337718963623e-01 -1.321854740381240845e-01 3.954000398516654968e-02 -2.052971124649047852e-01 -1.698621064424514771e-01 -4.972008243203163147e-02 1.960153132677078247e-01 -1.344280689954757690e-01 -2.608520388603210449e-01 1.535054296255111694e-01 -1.204824075102806091e-01 1.473290566354990005e-02 1.329784989356994629e-01 1.067752242088317871e-01 2.524627745151519775e-01 -1.117292568087577820e-01 -6.227775663137435913e-02 -6.821674108505249023e-02 1.691995412111282349e-01 2.795742452144622803e-01 -4.841707646846771240e-02 1.938113868236541748e-01 2.625948488712310791e-01 5.668963491916656494e-02
1.781693398952484131e-01 -1.547552347183227539e-01 -1.529260724782943726e-01 1.221725493669509888e-01 -4.134461879730224609e-01 -2.155330181121826172e-01 -2.865593433380126953e-01 -2.241812497377395630e-01 3.544723689556121826e-01 -2.931974530220031738e-01 -3.010340780019760132e-02 -1.355966925621032715e-01 -1.402924060821533203e-01 6.979179382324218750e-02 3.061790764331817627e-01 -1.168082654476165771e-01 -4.101876914501190186e-01 4.358853027224540710e-02 -1.679727733135223389e-01 4.024776071310043335e-02 2.333094775676727295e-01 1.673764735460281372e-01 3.491095304489135742e-01 -1.350828558206558228e-01 1.725597679615020752e-01 -3.506918251514434814e-01 3.960969448089599609e-01 1.831385940313339233e-01 -1.099392771720886230e-01 5.396556258201599121e-01 3.394332230091094971e-01 2.314690202474594116e-01
2.991810142993927002e-01 4.276820272207260132e-02 4.453194439411163330e-01 5.227190852165222168e-01 1.853607967495918274e-02 -1.010079085826873779e-01 -3.735320270061492920e-02 1.243960261344909668e-01 9.097678214311599731e-02 1.845579892396926880e-01 3.750942349433898926e-01 1.307512223720550537e-01 2.037880569696426392e-01 2.811909914016723633e-01 4.528253525495529175e-02 5.617708563804626465e-01 1.196678429841995239e-01 -5.169316381216049194e-02 -4.519505798816680908e-02 -2.504868805408477783e-01 7.585076242685317993e-02 -1.342526227235794067e-01 -1.264958381652832031e-01 -4.779264628887176514e-01 3.706792593002319336e-01 -5.731492042541503906e-01 1.061467528343200684e-01 -1.948213726282119751e-01 3.408782780170440674e-01 -2.028234750032424927e-01 -2.344822585582733154e-01 -1.281641423702239990e-01
3.701583147048950195e-01 -6.003197282552719116e-03 3.498716950416564941e-01 6.771047711372375488e-01 -1.686330288648605347e-01 -6.363131105899810791e-02 -8.479896187782287598e-02 1.290332525968551636e-01 2.389540374279022217e-01 1.211986690759658813e-01 2.963979840278625488e-01 6.028179079294204712e-02 7.558222115039825439e-02 1.576005220413208008e-01 1.488315612077713013e-01 5.623826384544372559e-01 -7.105060666799545288e-02 -5.368370562791824341e-02 -1.108187437057495117e-01 -2.455556392669677734e-01 1.980431675910949707e-01 -1.193699985742568970e-01 -6.123626232147216797e-02 -4.688623249530792236e-01 3.907218575477600098e-01 -6.666212677955627441e-01 2.153374552726745605e-01 -9.233676642179489136e-02 3.249225914478302002e-01 -9.664948284626007080e-02 -1.367216408252716064e-01 -1.592488735914230347e-01
1.056616455316543579e-01 5.289059132337570190e-03 -2.214873582124710083e-01 1.659247577190399170e-01 -9.832660853862762451e-02 -7.128499448299407959e-03 -1.688344776630401611e-01 7.406961917877197266e-02 1.306987702846527100e-01 2.265733331441879272e-01 3.435766324400901794e-02 -1.069585010409355164e-01 -4.079605266451835632e-02 -2.628354430198669434e-01 -2.711762785911560059e-01 -2.910165488719940186e-01 -2.422376275062561035e-01 3.707817569375038147e-02 -3.142344951629638672e-02 -2.394977211952209473e-01 1.923288404941558838e-02 3.302262350916862488e-02 2.606192827224731445e-01 1.545099169015884399e-02 -5.870345979928970337e-02 1.522539258003234863e-01 2.333013415336608887e-01 2.489556074142456055e-01 -8.416149765253067017e-03 -4.341170936822891235e-02 5.874058008193969727e-01 7.856617867946624756e-02
4.642144739627838135e-01 1.074198409914970398e-01 5.020853877067565918e-01 4.641879498958587646e-01 1.135727018117904663e-02 -3.818026557564735413e-02 -3.004432842135429382e-02 7.242529094219207764e-02 -1.704024374485015869e-01 2.993909120559692383e-01 1.840579509735107422e-01 1.909291446208953857e-01 1.744803637266159058e-01 2.404822856187820435e-01 -9.606860578060150146e-02 3.124233782291412354e-01 5.665589123964309692e-02 -8.229423314332962036e-02 -1.053427010774612427e-01 -3.959245383739471436e-01 7.303910702466964722e-02 -8.803188055753707886e-02 -1.005646586418151855e-01 -3.137852549552917480e-01 2.375385612249374390e-01 -4.718320369720458984e-01 2.275688648223876953e-01 -2.478240430355072021e-01 2.296909838914871216e-01 -2.390999048948287964e-01 -1.487810909748077393e-01 -1.327350139617919922e-01
2.118892818689346313e-01 1.809101402759552002e-01 1.275319457054138184e-01 2.096819877624511719e-01 -7.133653759956359863e-02 -8.994201570749282837e-02 -1.752227842807769775e-01 -8.079928904771804810e-02 -6.067886948585510254e-02 -6.850966066122055054e-02 3.696642816066741943e-02 1.624751687049865723e-01 -8.715038746595382690e-02 1.962175518274307251e-01 2.370779663324356079e-01 -2.447238937020301819e-02 -2.063006162643432617e-01 -3.236926347017288208e-02 9.298622608184814453e-04 1.295841783285140991e-01 -9.213322401046752930e-02 2.175745517015457153e-01 3.281544521450996399e-02 -2.108264267444610596e-01 2.633921504020690918e-01 -2.457447946071624756e-01 1.703875809907913208e-01 -1.912610083818435669e-01 -1.331268250942230225e-01 1.753841340541839600e-01 1.985584944486618042e-02 8.636208623647689819e-02
7.169911265373229980e-02 -2.059068381786346436e-01 1.006288230419158936e-01 2.322236895561218262e-01 -2.861725687980651855e-01 -1.643671393394470215e-01 -1.508181095123291016e-01 -6.269118189811706543e-02 2.968242764472961426e-01 -5.850046873092651367e-04 -6.015683710575103760e-02 -1.718346476554870605e-01 2.140017896890640259e-01 -1.711833849549293518e-02 1.355274170637130737e-01 2.728092968463897705e-01 -1.270180940628051758e-01 8.479514718055725098e-02 1.856455206871032715e-02 -2.160360068082809448e-01 1.821599304676055908e-01 -1.546734273433685303e-01 1.324127018451690674e-01 -1.937404572963714600e-01 3.000403344631195068e-01 -5.790937542915344238e-01 3.998187780380249023e-01 2.792690098285675049e-01 1.539684981107711792e-01 -1.107209026813507080e-01 -8.557359874248504639e-02 1.153712868690490723e-01
-2.207738459110260010e-01 6.277355551719665527e-02 1.588091552257537842e-01 -3.753237724304199219e-01 1.234010681509971619e-01 -8.188571780920028687e-02 1.158104687929153442e-01 1.928214281797409058e-01 -2.067553997039794922e-01 -4.306741058826446533e-03 -1.751905381679534912e-01 3.710468858480453491e-02 4.429106712341308594e-01 -3.721352294087409973e-02 -1.200654059648513794e-01 8.189347386360168457e-02 6.087407469749450684e-02 -1.646160930395126343e-01 -3.252533823251724243e-02 6.777290254831314087e-04 -1.470344811677932739e-01 1.297612190246582031e-01 -2.755487561225891113e-01 1.008020788431167603e-01 -8.264865726232528687e-02 -1.563513092696666718e-02 -4.116270244121551514e-01 2.939143776893615723e-01 -1.746252030134201050e-01 -1.966369599103927612e-01 -2.322514355182647705e-01 1.500111669301986694e-01
-5.512055754661560059e-02 -1.531168073415756226e-01 -1.025474071502685547e-01 -7.781923748552799225e-03 -1.228096932172775269e-01 3.355714678764343262e-02 -5.719237029552459717e-02 2.578504011034965515e-02 1.862259507179260254e-01 1.175759732723236084e-02 -9.282164275646209717e-02 -2.290560901165008545e-01 -1.183341294527053833e-01 -1.725261807441711426e-01 6.520526856184005737e-02 -1.205130517482757568e-01 -2.447641193866729736e-01 1.406784355640411377e-01 -1.197843253612518311e-01 -1.416278332471847534e-01 3.572016954421997070e-03 -1.209269016981124878e-01 1.706309616565704346e-01 4.729025810956954956e-02 -1.208263561129570007e-01 6.004197522997856140e-03 8.729451894760131836e-02 3.183698952198028564e-01 -9.500327706336975098e-02 -9.457574784755706787e-02 1.201038658618927002e-01 6.091855466365814209e-03
1.787879616022109985e-01 3.509654700756072998e-01 -2.415667325258255005e-01 -2.213582098484039307e-01 -2.435443550348281860e-02 6.254374980926513672e-02 -1.959097683429718018e-01 -4.529074579477310181e-02 -2.195183634757995605e-01 1.526386141777038574e-01 -8.876223862171173096e-02 1.335926055908203125e-01 -8.915022015571594238e-03 -1.402172893285751343e-01 -2.217263728380203247e-01 -3.519049882888793945e-01 -3.424053192138671875e-01 -2.898214161396026611e-01 -2.171097099781036377e-01 -5.969633162021636963e-02 -2.489530444145202637e-01 1.547613590955734253e-01 1.075705140829086304e-01 -1.989538669586181641e-01 5.419016629457473755e-02 1.511439830064773560e-01 -3.479235619306564331e-02 3.135872483253479004e-01 -1.404880434274673462e-01 3.321393951773643494e-02 2.931043207645416260e-01 2.864001691341400146e-01
1.519008725881576538e-01 2.211952507495880127e-01 2.499659210443496704e-01 -2.413672953844070435e-02 -1.706790924072265625e-01 -2.765335142612457275e-01 -1.445469856262207031e-01 -7.473132759332656860e-02 -2.923913896083831787e-01 1.659387499094009399e-01 -9.597073495388031006e-02 -5.114122480154037476e-02 7.990498840808868408e-02 1.213823258876800537e-01 1.077352091670036316e-01 -1.716456934809684753e-02 -1.176875904202461243e-01 -7.287895679473876953e-02 1.055866181850433350e-01 -2.372332103550434113e-02 -9.070383012294769287e-02 1.748540550470352173e-01 4.054127633571624756e-02 -8.255887031555175781e-02 1.921486407518386841e-01 -2.566183209419250488e-01 8.415964245796203613e-02 -4.147278890013694763e-02 -1.388447582721710205e-01 -1.713904142379760742e-01 -3.735306486487388611e-02 2.535030841827392578e-01
2.793493866920471191e-01 1.200944259762763977e-01 5.535601824522018433e-02 1.317154467105865479e-01 -2.098536342382431030e-01 -2.995762825012207031e-01 -3.569266498088836670e-01 -2.583883404731750488e-01 -4.771605134010314941e-03 -2.183596789836883545e-02 -4.474663734436035156e-02 8.548399060964584351e-02 -6.782175600528717041e-02 1.178056746721267700e-01 2.200700938701629639e-01 -1.871814727783203125e-01 -3.825197219848632812e-01 -5.746933072805404663e-02 -2.366176992654800415e-02 2.972897142171859741e-03 8.235102146863937378e-02 2.318384796380996704e-01 2.968044579029083252e-01 -2.599579691886901855e-01 3.101995289325714111e-01 -3.555850684642791748e-01 3.788898289203643799e-01 -1.003578752279281616e-01 -1.725958734750747681e-01 3.171467781066894531e-01 2.668718695640563965e-01 2.565747499465942383e-01
-3.247626125812530518e-01 -1.919024586677551270e-01 -7.191328704357147217e-02 -3.442613482475280762e-01 -1.455929726362228394e-01 -4.272520244121551514e-01 -1.142686232924461365e-01 -2.693691849708557129e-01 2.751484811305999756e-01 -2.419167459011077881e-01 5.544747412204742432e-02 -2.339171469211578369e-01 5.637671351432800293e-01 1.004566922783851624e-01 1.869360059499740601e-01 1.311921030282974243e-01 2.971089258790016174e-02 5.494521930813789368e-02 3.368675708770751953e-01 7.853518426418304443e-02 2.121682465076446533e-01 1.654009670019149780e-01 2.810855507850646973e-01 -2.092443108558654785e-01 2.445385456085205078e-01 -4.499455690383911133e-01 1.834333389997482300e-01 2.532782554626464844e-01 4.700190201401710510e-02 2.244976907968521118e-01 -1.181947737932205200e-01 5.034480690956115723e-01
-3.263821303844451904e-01 -6.391331553459167480e-02 7.913414388895034790e-03 -3.485161662101745605e-01 2.436077445745468140e-01 -8.776038140058517456e-02 -4.175215959548950195e-02 9.268920123577117920e-02 -1.802651584148406982e-02 -1.165951341390609741e-01 1.727202534675598145e-01 1.659089028835296631e-01 2.385009974241256714e-01 -6.052213534712791443e-02 -1.729707047343254089e-02 -2.859790250658988953e-02 -3.849141299724578857e-03 7.709725201129913330e-02 2.076278924942016602e-01 2.564468681812286377e-01 -4.514580965042114258e-02 3.458206728100776672e-02 -3.188381344079971313e-02 2.659943997859954834e-01 -2.794119715690612793e-01 3.748705387115478516e-01 -3.678384423255920410e-01 -1.805569231510162354e-02 -1.542323976755142212e-01 -1.749495416879653931e-01 -2.863481044769287109e-01 1.114901080727577209e-01
1.177073866128921509e-01 4.918814450502395630e-02 -4.587819054722785950e-02 3.950720429420471191e-01 -1.344307363033294678e-01 9.394776821136474609e-02 -1.112278085201978683e-02 2.578568086028099060e-02 4.120428562164306641e-01 -6.899093091487884521e-02 1.599245667457580566e-01 -7.334449887275695801e-02 -5.808500573039054871e-02 3.610737621784210205e-02 1.628565937280654907e-01 4.805036783218383789e-01 1.301772892475128174e-02 1.057296991348266602e-02 -2.172891795635223389e-01 -7.570907473564147949e-02 7.175248116254806519e-02 -2.060854434967041016e-01 -7.501514256000518799e-02 -3.247685432434082031e-01 4.049544036388397217e-01 -4.554523229598999023e-01 2.145859226584434509e-02 7.772614061832427979e-02 2.189990133047103882e-01 7.351562380790710449e-04 -5.923832207918167114e-02 -1.112004965543746948e-01
1.970444023609161377e-01 -1.334801614284515381e-01 -7.901445031166076660e-02 2.094989567995071411e-01 -2.861176133155822754e-01 -9.331309795379638672e-02 -2.500695884227752686e-01 1.163356006145477295e-03 3.320550918579101562e-01 -2.464145570993423462e-01 8.663929253816604614e-02 -5.975335836410522461e-03 -2.456267625093460083e-01 1.051567941904067993e-01 2.653028666973114014e-01 -1.474696099758148193e-01 -4.931038022041320801e-01 -3.533814102411270142e-03 -2.169958055019378662e-01 9.180697798728942871e-02 1.542138159275054932e-01 2.292896360158920288e-01 2.634683847427368164e-01 -2.681573480367660522e-02 3.075113706290721893e-02 -9.798803925514221191e-02 3.404267728328704834e-01 1.391257345676422119e-01 -1.843226402997970581e-01 3.875747323036193848e-01 3.825608193874359131e-01 1.001866161823272705e-01
6.314618140459060669e-02 1.735152900218963623e-01 -2.175236493349075317e-02 -3.285028934478759766e-01 -2.018768340349197388e-01 -3.615520298480987549e-01 -2.860428392887115479e-01 -4.051248431205749512e-01 -6.848197430372238159e-02 -2.344743162393569946e-02 -6.568330526351928711e-02 1.244373843073844910e-01 2.598202824592590332e-01 1.978785395622253418e-01 1.242087408900260925e-01 -1.279128789901733398e-01 -1.951881945133209229e-01 -2.401060014963150024e-01 1.078998893499374390e-01 9.342511743307113647e-02 1.060746237635612488e-01 3.604964315891265869e-01 2.871170639991760254e-01 -3.091559112071990967e-01 3.514445424079895020e-01 -4.383738636970520020e-01 2.373216450214385986e-01 6.923245638608932495e-02 -2.045073509216308594e-01 4.072628617286682129e-01 1.679594963788986206e-01 5.851755738258361816e-01
-6.518181413412094116e-02 -5.971409380435943604e-02 1.454446613788604736e-01 7.123607397079467773e-02 7.620023936033248901e-02 3.506851196289062500e-02 1.764523833990097046e-01 8.619433641433715820e-02 1.468955725431442261e-02 -2.403622120618820190e-02 1.080065220594406128e-01 -1.518535166978836060e-01 6.879661977291107178e-02 6.107002496719360352e-03 -1.645540073513984680e-02 1.331794559955596924e-01 2.521956264972686768e-01 9.325844049453735352e-02 5.001460015773773193e-02 -8.993702381849288940e-02 -5.633188411593437195e-02 -5.984437093138694763e-02 -1.332359611988067627e-01 4.882445931434631348e-02 2.836166881024837494e-02 -4.119110107421875000e-02 -4.362359270453453064e-02 -2.929687313735485077e-02 7.446357607841491699e-02 -1.571424603462219238e-01 1.243150979280471802e-02 -1.245633810758590698e-01
-6.814790889620780945e-03 1.546248495578765869e-01 -2.824425399303436279e-01 -2.658391594886779785e-01 1.183355972170829773e-02 4.697051644325256348e-02 -2.453222572803497314e-01 1.495957970619201660e-01 -1.584578752517700195e-01 6.419578194618225098e-02 -6.765489280223846436e-02 1.540411710739135742e-01 1.415610313415527344e-01 -1.935676485300064087e-01 -2.994699180126190186e-01 -2.562726438045501709e-01 -3.610146045684814453e-01 -2.531922161579132080e-01 -1.910724341869354248e-01 -4.386434704065322876e-02 -1.895148754119873047e-01 7.547646760940551758e-02 -1.039838045835494995e-01 8.817023783922195435e-02 -2.982504479587078094e-02 3.054943084716796875e-01 -1.386915147304534912e-01 4.646562039852142334e-01 -1.905538588762283325e-01 -9.606921672821044922e-02 1.863642334938049316e-01 2.487068474292755127e-01
1.706669181585311890e-01 2.848709523677825928e-01 -3.031835556030273438e-01 -4.424129426479339600e-02 -3.084056824445724487e-02 4.309061169624328613e-02 -2.517112493515014648e-01 5.246863886713981628e-02 -1.141459494829177856e-01 1.679166704416275024e-01 -3.850353509187698364e-02 1.111410185694694519e-01 -9.177669137716293335e-02 -2.316238731145858765e-01 -2.745818793773651123e-01 -3.796539902687072754e-01 -4.212542176246643066e-01 -2.099024504423141479e-01 -2.320657074451446533e-01 -1.124732866883277893e-01 -2.161192297935485840e-01 6.520590186119079590e-02 1.463623344898223877e-01 -6.648793816566467285e-02 -2.111947722733020782e-02 2.508591413497924805e-01 4.063193872570991516e-02 3.498346209526062012e-01 -1.176719665527343750e-01 2.311207354068756104e-02 4.610754251480102539e-01 1.927809864282608032e-01
2.917475104331970215e-01 -1.422687433660030365e-02 4.752017259597778320e-01 6.424283981323242188e-01 -1.131605356931686401e-01 -1.989954710006713867e-01 -1.145723089575767517e-01 1.395411640405654907e-01 2.105448246002197266e-01 1.059599816799163818e-01 3.184328079223632812e-01 1.476076245307922363e-01 2.747125625610351562e-01 2.227949351072311401e-01 1.440763175487518311e-01 6.455338597297668457e-01 -2.818375825881958008e-03 -5.568312853574752808e-02 1.827357709407806396e-02 -2.496719062328338623e-01 2.237673997879028320e-01 -7.829394191503524780e-02 -5.924166738986968994e-02 -5.147504806518554688e-01 4.476679265499114990e-01 -7.502531409263610840e-01 2.016573250293731689e-01 -1.363939642906188965e-01 3.417934179306030273e-01 -1.609581559896469116e-01 -2.812046706676483154e-01 -8.422172069549560547e-02
1.578694432973861694e-01 3.367762565612792969e-01 -4.732855781912803650e-02 -3.097641468048095703e-01 -1.259412020444869995e-01 -1.771147847175598145e-01 -2.155663967132568359e-01 -3.964112699031829834e-01 -1.874434947967529297e-01 1.134788393974304199e-01 -1.537463068962097168e-01 1.485687792301177979e-01 1.338374465703964233e-01 5.270462855696678162e-02 6.381947547197341919e-02 -2.215335369110107422e-01 -1.324413120746612549e-01 -2.176628857851028442e-01 -9.560659527778625488e-02 -4.399257898330688477e-02 -7.561370730400085449e-02 3.755396902561187744e-01 1.721677482128143311e-01 -3.277443051338195801e-01 3.226135969161987305e-01 -2.856793105602264404e-01 4.268455132842063904e-02 9.036028385162353516e-02 -1.046816408634185791e-01 2.758646607398986816e-01 1.904280185699462891e-01 4.553415477275848389e-01
7.651013135910034180e-02 -3.558438271284103394e-02 -2.334418520331382751e-02 -9.741838276386260986e-02 5.198207497596740723e-02 1.484404504299163818e-01 5.345074087381362915e-02 -6.584599614143371582e-02 2.413380891084671021e-02 2.589509487152099609e-01 -1.158926934003829956e-01 -5.484047532081604004e-02 -8.544319123029708862e-02 -1.076799184083938599e-01 -1.969639211893081665e-01 -3.742259368300437927e-02 -2.930954843759536743e-02 1.411231011152267456e-01 -9.465965628623962402e-02 -2.628321945667266846e-01 -1.284805983304977417e-01 -3.075451552867889404e-01 -5.587458610534667969e-02 1.013078317046165466e-01 -6.308172643184661865e-02 7.673196494579315186e-02 8.334188163280487061e-02 2.286182492971420288e-01 9.354893863201141357e-02 -3.009197711944580078e-01 5.349503457546234131e-02 -3.952792659401893616e-02
-2.299415916204452515e-01 1.748929023742675781e-01 3.795431256294250488e-01 -6.609193980693817139e-02 6.156829372048377991e-02 -1.495433300733566284e-01 2.456415295600891113e-01 1.736673861742019653e-01 -2.465601861476898193e-01 -1.877754181623458862e-02 -4.050792008638381958e-02 -9.612701833248138428e-03 1.622116714715957642e-01 1.832837760448455811e-01 1.387654989957809448e-01 2.558876872062683105e-01 1.946821212768554688e-01 6.594404578208923340e-03 1.171755790710449219e-01 7.586469501256942749e-02 -1.990339457988739014e-01 8.023904263973236084e-02 -2.552331686019897461e-01 7.782112807035446167e-02 8.067853748798370361e-02 -1.536029577255249023e-01 -3.340812027454376221e-01 -1.079118251800537109e-01 -1.117571443319320679e-01 -2.903033494949340820e-01 -3.622756004333496094e-01 1.167263090610504150e-02
3.350175917148590088e-01 1.107897683978080750e-01 4.356166720390319824e-01 4.036544263362884521e-01 4.860943555831909180e-02 -8.719111233949661255e-02 -5.595739930868148804e-03 7.277832925319671631e-02 -7.577735930681228638e-02 2.457885295152664185e-01 2.091387212276458740e-01 1.651701629161834717e-01 2.161067575216293335e-01 2.394358962774276733e-01 -6.120914220809936523e-02 3.972534239292144775e-01 1.152318492531776428e-01 -7.707128673791885376e-02 -4.730560630559921265e-02 -3.187779784202575684e-01 6.724040955305099487e-02 -1.226711273193359375e-01 -1.070049852132797241e-01 -3.352143168449401855e-01 2.774887084960937500e-01 -4.853819906711578369e-01 1.325695216655731201e-01 -2.020451575517654419e-01 2.468113154172897339e-01 -2.485219389200210571e-01 -2.323700189590454102e-01 -9.946632385253906250e-02
2.670702338218688965e-01 5.390567332506179810e-02 9.917163848876953125e-02 -2.579798735678195953e-02 -3.220006823539733887e-01 -5.093842148780822754e-01 -5.096670985221862793e-01 -3.307938575744628906e-01 -1.081915348768234253e-01 1.178099066019058228e-01 -1.996237337589263916e-01 -4.978583008050918579e-02 9.688130021095275879e-02 7.043969631195068359e-02 8.212944865226745605e-02 -3.026622533798217773e-01 -4.724600911140441895e-01 -1.487063169479370117e-01 2.003067731857299805e-02 -1.484115421772003174e-01 2.034747600555419922e-01 9.687994420528411865e-02 4.363614320755004883e-01 -2.331568300724029541e-01 1.825698763132095337e-01 -4.085101485252380371e-01 5.478434562683105469e-01 1.387483924627304077e-01 -1.785204559564590454e-01 2.568070292472839355e-01 3.860379457473754883e-01 4.681218862533569336e-01
9.622582793235778809e-02 2.504856884479522705e-01 6.634023785591125488e-02 1.405774205923080444e-01 -6.917628645896911621e-02 -9.353880584239959717e-02 -5.506970733404159546e-02 -9.822919964790344238e-02 -2.062539756298065186e-02 -2.238926738500595093e-01 -8.084513247013092041e-03 1.931515932083129883e-01 -4.524293914437294006e-02 1.797586232423782349e-01 2.960638105869293213e-01 6.353825330734252930e-02 -8.045034855604171753e-02 -4.736066237092018127e-02 5.191255360841751099e-03 2.885011732578277588e-01 4.661664366722106934e-03 3.123510181903839111e-01 2.919115126132965088e-03 -1.105555221438407898e-01 3.370485603809356689e-01 -3.066031038761138916e-01 -4.562667384743690491e-02 -2.550501227378845215e-01 -1.508285552263259888e-01 2.879768610000610352e-01 -1.526077389717102051e-01 1.696567386388778687e-01
7.527407258749008179e-02 2.429735660552978516e-01 -4.876505210995674133e-02 -5.474776774644851685e-02 2.460634410381317139e-01 2.208922207355499268e-01 7.788565754890441895e-02 -9.387878328561782837e-02 -8.346194028854370117e-02 1.643122583627700806e-01 -3.486037999391555786e-02 5.937620997428894043e-03 -7.482832670211791992e-02 -8.948989212512969971e-03 -2.044309973716735840e-01 7.661263644695281982e-02 1.775362491607666016e-01 1.146842837333679199e-01 -1.406712830066680908e-01 -1.045932322740554810e-01 -2.209797799587249756e-01 -3.182248771190643311e-01 -1.440913975238800049e-01 -7.047587633132934570e-02 1.029804050922393799e-01 -3.832853585481643677e-02 -1.413209438323974609e-01 -1.049632653594017029e-01 6.157843396067619324e-02 -1.251055598258972168e-01 1.451320946216583252e-03 -1.114849001169204712e-01
1.343719512224197388e-01 3.605995476245880127e-01 -2.275999039411544800e-01 -3.128305971622467041e-01 -3.472029417753219604e-02 3.947651386260986328e-02 -1.618171036243438721e-01 -1.091940253973007202e-01 -2.329981327056884766e-01 1.202638596296310425e-01 -1.147242933511734009e-01 1.812236011028289795e-01 4.328197985887527466e-02 -1.092445552349090576e-01 -1.687405705451965332e-01 -2.788023352622985840e-01 -2.542314529418945312e-01 -3.189358115196228027e-01 -1.994813978672027588e-01 -3.253223001956939697e-02 -2.411849200725555420e-01 2.024169713258743286e-01 6.050159782171249390e-02 -1.954330801963806152e-01 8.655832707881927490e-02 1.212642639875411987e-01 -9.459295868873596191e-02 2.936178147792816162e-01 -1.256602108478546143e-01 6.253878027200698853e-02 2.017503678798675537e-01 3.449263274669647217e-01
6.318479031324386597e-02 3.998782932758331299e-01 -2.908931672573089600e-01 -3.694217503070831299e-01 -3.717787563800811768e-03 1.851062476634979248e-02 -2.619023621082305908e-01 -9.192227572202682495e-02 -2.702172100543975830e-01 1.191545277833938599e-01 -1.332433521747589111e-01 2.210562527179718018e-01 1.468643099069595337e-01 -1.192029267549514771e-01 -2.298266738653182983e-01 -3.525846004486083984e-01 -3.674384653568267822e-01 -3.604181408882141113e-01 -1.957357823848724365e-01 4.284159839153289795e-02 -2.320575416088104248e-01 1.981719285249710083e-01 -2.842972427606582642e-02 -1.686964333057403564e-01 1.152343451976776123e-01 1.868965327739715576e-01 -8.893183618783950806e-02 3.536736965179443359e-01 -1.693691611289978027e-01 7.365352660417556763e-02 2.436861991882324219e-01 4.300596117973327637e-01
-1.313107311725616455e-01 2.307557165622711182e-01 -3.672035634517669678e-01 -3.757751882076263428e-01 1.101317405700683594e-01 6.360363960266113281e-02 -3.591800630092620850e-01 1.069727987051010132e-01 -2.038639783859252930e-01 -1.154131442308425903e-02 1.186557114124298096e-02 4.035420715808868408e-01 2.908534407615661621e-01 -9.895303845405578613e-02 -3.079069256782531738e-01 -2.979533076286315918e-01 -5.035000443458557129e-01 -3.168579936027526855e-01 -2.615196704864501953e-01 1.723755151033401489e-01 -2.627511918544769287e-01 1.178780198097229004e-01 -2.900015711784362793e-01 1.050783023238182068e-01 7.030854374170303345e-02 3.869456946849822998e-01 -2.700888812541961670e-01 4.745195209980010986e-01 -3.006055355072021484e-01 1.614142060279846191e-01 1.286958903074264526e-01 3.717682063579559326e-01
2.276647239923477173e-01 1.100062504410743713e-01 2.266316264867782593e-01 1.378485709428787231e-01 1.382439434528350830e-01 5.862967669963836670e-02 1.032932475209236145e-02 -3.656233847141265869e-02 -1.525345146656036377e-01 2.888337969779968262e-01 1.067276298999786377e-02 1.312799453735351562e-01 1.032666265964508057e-01 1.113632023334503174e-01 -1.509875506162643433e-01 1.279129087924957275e-01 1.430233418941497803e-01 1.355439424514770508e-03 -1.070502102375030518e-01 -2.821356952190399170e-01 -7.109989970922470093e-02 -1.700333952903747559e-01 -8.726190030574798584e-02 -1.762444376945495605e-01 2.038123607635498047e-01 -2.400254905223846436e-01 1.609370857477188110e-01 -1.238774061203002930e-01 1.579243391752243042e-01 -2.240973263978958130e-01 -5.209943652153015137e-02 -7.285760343074798584e-02
-3.564627170562744141e-01 -1.190294101834297180e-01 -1.962796971201896667e-02 -5.626288652420043945e-01 3.546420931816101074e-01 -6.957186013460159302e-02 1.212211698293685913e-01 -9.097589552402496338e-02 -1.046836078166961670e-01 2.927635908126831055e-01 -9.907905757427215576e-02 2.170047163963317871e-02 3.777085542678833008e-01 -2.168411388993263245e-02 -2.287510335445404053e-01 -1.024944037199020386e-01 1.952568590641021729e-01 1.441533565521240234e-01 1.877152770757675171e-01 -1.580002605915069580e-01 -1.452263295650482178e-01 -2.119903713464736938e-01 -5.002957582473754883e-02 4.497110098600387573e-02 -1.521617770195007324e-01 1.160657405853271484e-01 -5.103557556867599487e-02 2.179273515939712524e-01 1.310701370239257812e-01 -3.995773196220397949e-01 -2.130385637283325195e-01 1.993217319250106812e-01
1.729570031166076660e-01 2.652421295642852783e-01 2.219616323709487915e-01 1.178657263517379761e-01 -6.436683237552642822e-02 -4.390694200992584229e-02 8.782570064067840576e-02 4.716681316494941711e-02 -2.952233552932739258e-01 1.471731364727020264e-01 -9.965124726295471191e-02 -1.567894518375396729e-01 -1.558121740818023682e-01 -3.803195431828498840e-02 1.011044457554817200e-01 5.384461581707000732e-02 1.153362169861793518e-01 -7.431514561176300049e-03 -1.202515140175819397e-02 -1.078565642237663269e-01 -1.301560997962951660e-01 8.055862784385681152e-02 7.409246265888214111e-02 -1.474840641021728516e-01 -3.896287828683853149e-02 -1.373250931501388550e-01 1.361236348748207092e-02 -6.261853873729705811e-02 -1.692822203040122986e-03 -3.303518891334533691e-01 -8.323621004819869995e-02 -3.896383568644523621e-02
-4.054827690124511719e-01 2.906434237957000732e-01 1.486846953630447388e-01 -3.648234903812408447e-01 8.216674625873565674e-02 -1.218979358673095703e-01 3.408992886543273926e-01 7.013116031885147095e-03 -3.674965351819992065e-02 -1.533069312572479248e-01 -8.561728894710540771e-02 1.545665860176086426e-01 3.426542878150939941e-01 3.022415339946746826e-01 2.731583714485168457e-01 3.113901019096374512e-01 2.531601190567016602e-01 -2.069055736064910889e-01 1.721555739641189575e-01 3.429119288921356201e-01 -1.146623343229293823e-01 4.890935719013214111e-01 -1.914835423231124878e-01 -7.213631272315979004e-02 3.115141689777374268e-01 -3.664319217205047607e-01 -4.206881821155548096e-01 -4.986444115638732910e-02 -1.255548894405364990e-01 1.523691415786743164e-01 -4.380714297294616699e-01 3.725942075252532959e-01
2.049444019794464111e-01 3.131441175937652588e-01 1.510511711239814758e-02 -6.084613502025604248e-02 -9.561495482921600342e-02 3.408490866422653198e-02 -1.636992394924163818e-02 -1.427258253097534180e-01 -1.989353746175765991e-01 1.539887189865112305e-01 -1.431937515735626221e-01 3.116267919540405273e-02 -1.232174187898635864e-01 -8.515052497386932373e-02 -2.417554706335067749e-02 -1.708572059869766235e-01 -8.016332983970642090e-03 -1.806140393018722534e-01 -1.280107647180557251e-01 -1.243818327784538269e-01 -1.714489161968231201e-01 1.971397250890731812e-01 1.974813491106033325e-01 -3.000703752040863037e-01 3.561941161751747131e-02 -1.043084859848022461e-01 7.202539592981338501e-03 8.761338889598846436e-02 -8.650991320610046387e-02 -6.379288434982299805e-02 1.243301481008529663e-01 1.761742383241653442e-01
8.057177066802978516e-03 3.177430480718612671e-02 -2.358334213495254517e-01 3.278299421072006226e-02 2.246067672967910767e-02 9.299859404563903809e-02 -1.572664678096771240e-01 1.843717098236083984e-01 1.061126366257667542e-01 6.173603236675262451e-02 3.346216306090354919e-02 2.865206450223922729e-02 5.500212311744689941e-02 -2.197816818952560425e-01 -2.654599249362945557e-01 -2.353118658065795898e-01 -2.629971504211425781e-01 -2.416698075830936432e-02 -1.400367021560668945e-01 -1.052826941013336182e-01 -6.164688616991043091e-02 4.938565567135810852e-02 7.859016209840774536e-02 8.043355494737625122e-02 -3.792321681976318359e-02 1.719644516706466675e-01 -1.257014460861682892e-02 3.428936302661895752e-01 -1.437920331954956055e-01 6.791038811206817627e-02 3.995018303394317627e-01 7.776845991611480713e-02
-9.243150800466537476e-02 -4.436889663338661194e-02 -4.861277714371681213e-02 4.234419018030166626e-02 -6.247937679290771484e-02 -1.601837575435638428e-03 -1.836957484483718872e-01 8.757771551609039307e-02 2.173311263322830200e-02 -8.834781497716903687e-02 1.137769520282745361e-01 3.824834525585174561e-02 -1.124165356159210205e-01 -2.380108982324600220e-01 1.948732696473598480e-02 -1.703690290451049805e-01 -2.050987482070922852e-01 1.831818372011184692e-01 -1.964102499186992645e-02 2.194964289665222168e-01 2.025478333234786987e-02 5.067693069577217102e-02 8.262736350297927856e-02 3.601019084453582764e-01 -3.245824277400970459e-01 2.747734189033508301e-01 -1.371008455753326416e-01 5.979633331298828125e-02 -2.558930218219757080e-01 -6.691530346870422363e-02 -2.448407374322414398e-02 3.712531924247741699e-02
-1.486202925443649292e-01 4.555778950452804565e-02 7.180382311344146729e-02 -1.859189569950103760e-01 1.804797053337097168e-01 1.876611411571502686e-01 1.007969602942466736e-01 1.989229172468185425e-01 -2.821795269846916199e-02 -1.037348881363868713e-01 -3.549597412347793579e-02 2.175559103488922119e-01 2.126066833734512329e-01 -1.000313460826873779e-02 -9.654514491558074951e-03 4.846787452697753906e-02 2.527619525790214539e-02 -1.308755725622177124e-01 -8.826664090156555176e-02 5.196285247802734375e-02 -2.488218545913696289e-01 1.218637824058532715e-01 -2.247399240732192993e-01 -8.371712639927864075e-03 -1.515071652829647064e-02 5.751324072480201721e-02 -4.035791754722595215e-01 2.543998956680297852e-01 -2.306180000305175781e-01 1.023623943328857422e-01 -1.456630825996398926e-01 3.323065117001533508e-02
1.729556545615196228e-02 -5.608497187495231628e-03 1.305295974016189575e-01 -1.548778116703033447e-01 -3.183954358100891113e-01 -5.426032543182373047e-01 -3.698020577430725098e-01 -2.472043782472610474e-01 -9.975823760032653809e-02 -1.122782677412033081e-01 -1.592170745134353638e-01 3.238841891288757324e-03 3.340058326721191406e-01 1.831222139298915863e-02 1.593042910099029541e-01 -6.192561611533164978e-02 -2.068297564983367920e-01 -1.063834875822067261e-01 3.056593835353851318e-01 1.902519613504409790e-01 2.397997975349426270e-01 2.535221874713897705e-01 2.566108703613281250e-01 3.483935445547103882e-02 1.450520306825637817e-01 -3.255068361759185791e-01 1.849165707826614380e-01 2.619030699133872986e-02 -3.001248538494110107e-01 1.046648770570755005e-01 -1.621231436729431152e-02 5.575888156890869141e-01
4.024231061339378357e-02 2.665424346923828125e-01 -2.853027284145355225e-01 -2.065480947494506836e-01 8.458792418241500854e-02 1.472426056861877441e-01 -2.178481966257095337e-01 7.597152888774871826e-02 -1.226827800273895264e-01 8.444555103778839111e-03 3.524383157491683960e-02 3.178721070289611816e-01 9.668318927288055420e-02 -9.601134061813354492e-02 -1.863258779048919678e-01 -2.600288689136505127e-01 -3.883664011955261230e-01 -2.774658203125000000e-01 -2.887621521949768066e-01 9.593276679515838623e-02 -2.984237670898437500e-01 1.505275368690490723e-01 -8.945505321025848389e-02 -7.004424929618835449e-02 6.685646623373031616e-02 2.927496433258056641e-01 -1.708389520645141602e-01 3.655170798301696777e-01 -2.572798430919647217e-01 1.959549039602279663e-01 2.174470424652099609e-01 2.324586659669876099e-01
2.719855904579162598e-01 1.612711846828460693e-01 1.372198611497879028e-01 3.116607367992401123e-01 5.192390829324722290e-02 1.240394264459609985e-01 2.426897920668125153e-02 3.808156028389930725e-02 2.699525654315948486e-02 1.982320100069046021e-01 1.107003465294837952e-01 4.723674803972244263e-02 -4.680841043591499329e-02 7.194652408361434937e-02 -5.162279307842254639e-02 2.943997383117675781e-01 8.700382709503173828e-02 1.807082444429397583e-03 -1.853348463773727417e-01 -2.203671485185623169e-01 -7.244481146335601807e-02 -2.664946317672729492e-01 -1.502596139907836914e-01 -2.012270987033843994e-01 2.624857127666473389e-01 -2.842132151126861572e-01 3.297835588455200195e-03 -1.078616976737976074e-01 1.957466602325439453e-01 -1.458120942115783691e-01 -7.235526293516159058e-02 -1.768117249011993408e-01
1.180255040526390076e-01 3.166145831346511841e-02 -9.321221709251403809e-02 1.586825251579284668e-01 5.452467873692512512e-02 2.510492503643035889e-01 6.573601812124252319e-02 1.304416730999946594e-02 2.160038053989410400e-01 3.141315281391143799e-02 9.002128988504409790e-02 -1.218869611620903015e-01 -2.131266444921493530e-01 -5.957389250397682190e-02 -1.918222755193710327e-02 1.661397665739059448e-01 2.465337514877319336e-02 1.230764687061309814e-01 -2.237704247236251831e-01 -1.669749915599822998e-01 -1.112612783908843994e-01 -2.862653732299804688e-01 -8.537359535694122314e-02 -1.084101572632789612e-01 1.431481540203094482e-01 -6.611587107181549072e-02 -4.754949361085891724e-02 6.818294525146484375e-02 1.450566202402114868e-01 -9.542854130268096924e-02 3.952150046825408936e-02 -2.089920490980148315e-01
4.406286478042602539e-01 2.187329530715942383e-01 1.266151368618011475e-01 1.455201506614685059e-01 -2.780230641365051270e-01 -3.721641302108764648e-01 -4.559440612792968750e-01 -3.169942796230316162e-01 -1.847712695598602295e-01 2.032980173826217651e-01 -1.498500704765319824e-01 3.953259438276290894e-02 -1.094122081995010376e-01 -2.817317843437194824e-03 1.033852621912956238e-01 -3.666437864303588867e-01 -4.321053624153137207e-01 -2.307187020778656006e-02 -4.473050311207771301e-02 -1.538975983858108521e-01 8.291167765855789185e-02 1.051500812172889709e-02 4.500904679298400879e-01 -2.521547973155975342e-01 2.419411689043045044e-01 -2.591010332107543945e-01 4.251537919044494629e-01 -1.140667498111724854e-01 -6.203247979283332825e-02 1.571489870548248291e-01 4.099853932857513428e-01 2.784205675125122070e-01
-2.613920159637928009e-02 9.036077558994293213e-02 -3.665221929550170898e-01 -3.304830193519592285e-02 1.054313033819198608e-01 1.313936114311218262e-01 -3.642989099025726318e-01 1.586320698261260986e-01 6.565523892641067505e-02 2.490083873271942139e-02 6.988401710987091064e-02 2.674174606800079346e-01 1.067269891500473022e-01 -1.879433840513229370e-01 -3.199815154075622559e-01 -3.381585180759429932e-01 -5.490028262138366699e-01 -1.223466843366622925e-01 -2.162248343229293823e-01 1.288971118628978729e-02 -1.662321686744689941e-01 1.656467840075492859e-02 -2.948673814535140991e-02 9.551817178726196289e-02 -8.980510756373405457e-03 4.105303883552551270e-01 -4.335262626409530640e-02 4.237124025821685791e-01 -2.564583718776702881e-01 1.905078887939453125e-01 4.241090416908264160e-01 1.525003910064697266e-01
-4.265535622835159302e-02 3.564099073410034180e-01 -9.523139894008636475e-02 -3.923051059246063232e-01 3.362892568111419678e-02 2.787491679191589355e-02 3.088828362524509430e-02 -1.098149865865707397e-01 -2.312177717685699463e-01 3.311388194561004639e-03 -1.900246739387512207e-01 1.416904330253601074e-01 1.696511507034301758e-01 -7.726058363914489746e-03 2.651505172252655029e-03 -5.445801839232444763e-02 4.608586430549621582e-03 -3.338939547538757324e-01 -1.451091617345809937e-01 9.991294890642166138e-02 -1.712930798530578613e-01 3.647783100605010986e-01 -9.353281557559967041e-02 -1.639215052127838135e-01 1.599973589181900024e-01 -7.478047162294387817e-02 -2.349272966384887695e-01 2.425023615360260010e-01 -1.422750353813171387e-01 6.611374020576477051e-02 -1.165916845202445984e-01 3.881310522556304932e-01
-1.394229829311370850e-01 2.001686394214630127e-01 -3.593185544013977051e-01 -3.451683819293975830e-01 1.264343708753585815e-01 6.195878982543945312e-02 -3.811819553375244141e-01 1.273800730705261230e-01 -1.741721034049987793e-01 -4.573427885770797729e-02 3.780655190348625183e-02 4.195739924907684326e-01 3.104083538055419922e-01 -1.009083539247512817e-01 -3.203988075256347656e-01 -2.895556092262268066e-01 -5.299265980720520020e-01 -2.823461294174194336e-01 -2.652066946029663086e-01 1.820702999830245972e-01 -2.670743167400360107e-01 8.714327216148376465e-02 -3.069118261337280273e-01 1.547521948814392090e-01 5.989982187747955322e-02 4.338639378547668457e-01 -2.775620818138122559e-01 4.786182641983032227e-01 -3.122931122779846191e-01 1.893778741359710693e-01 1.536278426647186279e-01 3.241915702819824219e-01
-1.213657036423683167e-01 1.244710758328437805e-01 -3.301161825656890869e-01 -2.659545242786407471e-01 1.793769747018814087e-01 1.226479411125183105e-01 -3.969126641750335693e-01 1.750534474849700928e-01 -1.195621266961097717e-01 -9.408739954233169556e-02 6.940728425979614258e-02 4.169734120368957520e-01 2.710040211677551270e-01 -8.290007710456848145e-02 -2.938766479492187500e-01 -2.468482255935668945e-01 -5.577417016029357910e-01 -1.964951008558273315e-01 -2.658172845840454102e-01 1.518582403659820557e-01 -2.562088668346405029e-01 2.012197300791740417e-02 -3.033434748649597168e-01 1.911382377147674561e-01 4.400373622775077820e-02 4.353319108486175537e-01 -2.446700185537338257e-01 5.331054925918579102e-01 -3.179686665534973145e-01 2.271704375743865967e-01 1.484282761812210083e-01 2.362055182456970215e-01
-2.759634144604206085e-02 3.101241588592529297e-01 -3.368911147117614746e-01 -3.891781866550445557e-01 7.541570812463760376e-02 8.742207288742065430e-02 -2.237059772014617920e-01 -1.579346135258674622e-02 -1.264599859714508057e-01 -1.207841187715530396e-02 -3.205259889364242554e-02 4.035135805606842041e-01 1.867003589868545532e-01 -5.467903986573219299e-02 -1.772349923849105835e-01 -2.627910971641540527e-01 -3.540939390659332275e-01 -3.566004335880279541e-01 -2.745524346828460693e-01 1.813218593597412109e-01 -2.610955536365509033e-01 2.563193142414093018e-01 -1.800972968339920044e-01 -9.728583693504333496e-02 1.206145212054252625e-01 2.513758838176727295e-01 -2.040031552314758301e-01 3.787808418273925781e-01 -2.482128590345382690e-01 2.829812169075012207e-01 1.325619816780090332e-01 3.945958316326141357e-01
-1.825287938117980957e-01 -3.634132444858551025e-04 2.990625500679016113e-01 -1.054123640060424805e-01 2.490444183349609375e-01 -3.405379503965377808e-02 2.058149576187133789e-01 1.305022239685058594e-01 -5.911938101053237915e-02 -2.079667001962661743e-01 1.244266033172607422e-01 1.067603453993797302e-01 1.297158598899841309e-01 2.194513231515884399e-01 1.227712705731391907e-01 3.734708428382873535e-01 3.496263623237609863e-01 1.305105909705162048e-02 8.025455474853515625e-02 2.598512768745422363e-01 -1.770321577787399292e-01 -8.002685010433197021e-02 -2.694796323776245117e-01 6.331360340118408203e-02 1.439292430877685547e-01 -7.043321430683135986e-02 -2.336965054273605347e-01 -3.210917115211486816e-01 -3.803503513336181641e-02 -4.686751216650009155e-02 -4.033770561218261719e-01 -9.864621609449386597e-02
-1.788792163133621216e-01 7.588306814432144165e-02 3.575883209705352783e-01 -1.396131515502929688e-01 -2.964450418949127197e-02 -2.540381848812103271e-01 1.674209237098693848e-01 1.494671106338500977e-01 -2.334931492805480957e-01 -5.083831027150154114e-02 -5.061697959899902344e-02 8.936674147844314575e-02 2.155716568231582642e-01 1.720216572284698486e-01 2.064139246940612793e-01 3.964553475379943848e-01 1.479141265153884888e-01 -1.889371275901794434e-01 2.974032461643218994e-01 1.762275546789169312e-01 -1.748725771903991699e-01 5.509121343493461609e-02 -2.783418893814086914e-01 1.480097770690917969e-01 -4.109347239136695862e-03 -6.250376254320144653e-02 -2.059377580881118774e-01 -2.514438331127166748e-01 -1.596127748489379883e-01 -4.039279818534851074e-01 -5.137819051742553711e-01 3.511833399534225464e-02
-5.851707458496093750e-01 -2.889943122863769531e-02 1.394459456205368042e-01 -5.044914484024047852e-01 3.608332276344299316e-01 -1.559658497571945190e-01 1.147683709859848022e-01 4.835504665970802307e-02 -9.747327119112014771e-02 -1.146868839859962463e-01 1.825328171253204346e-01 1.939406692981719971e-01 3.903029561042785645e-01 1.326194107532501221e-01 -7.687831670045852661e-02 1.180336102843284607e-01 2.377819120883941650e-01 2.169570326805114746e-02 3.475463986396789551e-01 3.536508083343505859e-01 -4.096644371747970581e-02 -3.089814446866512299e-02 -1.905565708875656128e-01 2.711890041828155518e-01 -2.027252614498138428e-01 2.329095304012298584e-01 -4.649477005004882812e-01 -1.403284668922424316e-01 -2.148240059614181519e-01 -2.736204266548156738e-01 -4.977635443210601807e-01 1.596376150846481323e-01
-1.116096749901771545e-01 3.255033493041992188e-02 -2.423891276121139526e-01 -2.161056548357009888e-01 9.602434933185577393e-02 8.323435485363006592e-02 -2.791847586631774902e-01 1.957465708255767822e-01 -3.752116486430168152e-02 -5.283087119460105896e-02 -5.049496889114379883e-03 2.174101769924163818e-01 2.372976988554000854e-01 -1.212546825408935547e-01 -2.890729606151580811e-01 -1.848345547914505005e-01 -3.923020958900451660e-01 -1.628868877887725830e-01 -2.333371043205261230e-01 2.481078170239925385e-02 -1.433568149805068970e-01 2.263003215193748474e-02 -1.987023800611495972e-01 1.646637022495269775e-01 -3.141516447067260742e-02 3.187730014324188232e-01 -2.181617468595504761e-01 5.074721574783325195e-01 -2.648532986640930176e-01 6.642798334360122681e-02 1.250451356172561646e-01 1.974978297948837280e-01
3.993749916553497314e-01 2.914425730705261230e-01 1.609731093049049377e-02 1.058584451675415039e-01 -1.737496405839920044e-01 -1.215463876724243164e-01 -2.319334745407104492e-01 -2.849991321563720703e-01 -1.355860382318496704e-01 2.368697375059127808e-01 -4.386057704687118530e-02 5.670981854200363159e-02 -2.037361264228820801e-01 -1.519513502717018127e-02 5.893405526876449585e-02 -3.400298953056335449e-01 -2.863188683986663818e-01 -7.281243801116943359e-02 -1.125365942716598511e-01 -1.874114722013473511e-01 -1.355985403060913086e-01 1.237380057573318481e-01 3.847742676734924316e-01 -3.787001073360443115e-01 1.951805949211120605e-01 -2.140882164239883423e-01 2.867866456508636475e-01 -3.313353657722473145e-02 -6.476977467536926270e-02 1.532626152038574219e-01 3.973022699356079102e-01 1.727710366249084473e-01
9.294722974300384521e-02 -6.346762180328369141e-02 -5.936254933476448059e-02 -9.427000582218170166e-02 4.940927028656005859e-03 1.022273004055023193e-01 -6.981553137302398682e-02 -5.638126283884048462e-02 -6.796234846115112305e-02 2.839920520782470703e-01 -2.638279199600219727e-01 -2.274126932024955750e-02 -1.224042773246765137e-01 -2.256680876016616821e-01 -2.134007513523101807e-01 -2.643182277679443359e-01 -2.243362665176391602e-01 1.434445232152938843e-01 -3.350947424769401550e-02 -2.819071710109710693e-01 8.184880018234252930e-03 -3.006432354450225830e-01 9.251456707715988159e-03 2.486475706100463867e-01 -1.635016947984695435e-01 1.709676682949066162e-01 2.682360112667083740e-01 2.548134922981262207e-01 2.562179416418075562e-02 -2.488969117403030396e-01 2.654990255832672119e-01 1.527738384902477264e-02
1.215392630547285080e-02 1.278833299875259399e-02 1.858830153942108154e-01 1.181846261024475098e-01 1.369500532746315002e-02 -2.336887419223785400e-01 -3.594008386135101318e-01 3.619480505585670471e-02 -1.880418658256530762e-01 1.410193592309951782e-01 -6.527103483676910400e-02 2.019150257110595703e-01 8.899761736392974854e-02 -8.279678225517272949e-02 -1.174322962760925293e-01 -5.854374542832374573e-02 -2.351310253143310547e-01 1.927243918180465698e-02 1.599717140197753906e-01 1.501501500606536865e-01 1.516717076301574707e-01 -6.822057068347930908e-02 -7.687260210514068604e-02 3.608492016792297363e-01 1.285031065344810486e-02 2.920805811882019043e-01 2.666111588478088379e-01 -2.493989467620849609e-01 3.369583562016487122e-02 -1.509628444910049438e-01 1.439284831285476685e-01 9.662443399429321289e-02
-4.227388203144073486e-01 -2.679231017827987671e-02 1.904083043336868286e-01 -4.360179007053375244e-01 3.147074580192565918e-01 -1.925109922885894775e-01 1.522319018840789795e-02 6.979605555534362793e-02 -1.490318179130554199e-01 -1.100532859563827515e-01 1.256798207759857178e-01 2.646520435810089111e-01 4.336075782775878906e-01 1.931497454643249512e-01 -2.851204946637153625e-02 2.484308183193206787e-01 2.291058301925659180e-01 -2.214455232024192810e-02 3.730487525463104248e-01 3.440906405448913574e-01 -1.450818404555320740e-02 -4.584529250860214233e-02 -3.385758996009826660e-01 3.014634549617767334e-01 -1.209471896290779114e-01 2.059134393930435181e-01 -3.504983484745025635e-01 -3.154568374156951904e-01 -4.142450913786888123e-02 -2.085479646921157837e-01 -4.874676764011383057e-01 1.829451024532318115e-01
2.207364886999130249e-01 -1.499811410903930664e-01 2.399290800094604492e-01 -7.043236494064331055e-02 -3.393467068672180176e-01 -5.321555137634277344e-01 -4.739792346954345703e-01 -1.240134686231613159e-01 -8.304004371166229248e-02 8.727556467056274414e-02 -1.545717865228652954e-01 -4.894877225160598755e-02 2.962792515754699707e-01 4.415565356612205505e-02 1.161127611994743347e-01 -2.008112370967864990e-01 -4.459769129753112793e-01 -1.212828755378723145e-01 1.779316961765289307e-01 -5.587634444236755371e-02 2.263812124729156494e-01 6.673961877822875977e-02 3.539277315139770508e-01 3.184245899319648743e-02 3.231031820178031921e-02 -1.726576834917068481e-01 4.472463726997375488e-01 2.317803353071212769e-01 -2.973601520061492920e-01 -2.151694148778915405e-02 2.426916360855102539e-01 4.427431821823120117e-01
-5.596870556473731995e-03 -2.782452665269374847e-02 1.575942933559417725e-01 1.683444380760192871e-01 -1.407928764820098877e-02 -1.372001767158508301e-01 -3.595907241106033325e-02 4.626342281699180603e-02 -1.117632836103439331e-01 3.579653054475784302e-02 2.943269908428192139e-02 -1.383092850446701050e-01 3.803748637437820435e-02 -3.556673601269721985e-02 -8.101142197847366333e-02 1.682942807674407959e-01 1.535277366638183594e-01 6.270273029804229736e-02 5.138081312179565430e-02 7.593385875225067139e-02 4.354879260063171387e-02 -9.510979056358337402e-02 -1.153319180011749268e-01 2.286059856414794922e-01 8.726393431425094604e-02 -2.631730772554874420e-02 2.557651102542877197e-01 -1.960192620754241943e-01 6.563320755958557129e-02 -2.254586070775985718e-01 6.641715764999389648e-02 9.887568652629852295e-03
5.650010704994201660e-02 2.134689986705780029e-01 2.267253696918487549e-01 4.503207281231880188e-02 -1.139716655015945435e-01 -1.444608271121978760e-01 -5.071355402469635010e-02 1.555278897285461426e-03 -2.805114984512329102e-01 -2.370642870664596558e-02 -1.893117725849151611e-01 -5.404461547732353210e-02 9.172056615352630615e-02 2.937120012938976288e-02 1.489352285861968994e-01 7.005468010902404785e-02 -1.891475915908813477e-02 -3.836574032902717590e-02 9.686192870140075684e-02 1.333310455083847046e-01 2.819865942001342773e-03 2.536117434501647949e-01 2.861857414245605469e-03 -5.689835548400878906e-02 1.500705331563949585e-01 -2.904241681098937988e-01 -9.986135363578796387e-02 -6.991486996412277222e-02 -2.269791364669799805e-01 -1.765975505113601685e-01 -2.121734768152236938e-01 1.799794882535934448e-01
3.557199612259864807e-03 5.168194323778152466e-02 7.610087096691131592e-02 3.594476729631423950e-02 8.439175784587860107e-03 7.621009647846221924e-02 1.110574677586555481e-01 1.850142627954483032e-01 -4.007691517472267151e-02 5.650612711906433105e-02 -5.457621812820434570e-02 -1.567349731922149658e-01 2.703754603862762451e-02 -1.506256610155105591e-01 -6.466604769229888916e-02 -1.025238260626792908e-02 9.522884339094161987e-02 -3.946992754936218262e-02 -8.396973460912704468e-02 -1.772178560495376587e-01 -1.340199559926986694e-01 9.245362877845764160e-02 -3.354720771312713623e-02 1.304506510496139526e-02 -5.833215266466140747e-02 -3.765667602419853210e-02 -1.105013340711593628e-01 2.025962769985198975e-01 -1.372781097888946533e-01 -2.120571285486221313e-01 4.608733952045440674e-02 -7.362590171396732330e-03
1.006506830453872681e-01 -7.383723556995391846e-02 -2.543068677186965942e-02 -2.687120139598846436e-01 -2.765654325485229492e-01 -4.638973772525787354e-01 -3.591331243515014648e-01 -3.410071134567260742e-01 3.269772231578826904e-02 -8.834530413150787354e-02 -3.831990063190460205e-02 3.591383248567581177e-02 2.869877815246582031e-01 1.645258069038391113e-01 1.541656702756881714e-01 -1.365260928869247437e-01 -2.898953855037689209e-01 -1.924624145030975342e-01 1.422223150730133057e-01 5.247788131237030029e-02 2.078817188739776611e-01 3.190964162349700928e-01 3.371275663375854492e-01 -1.811665296554565430e-01 2.571777403354644775e-01 -4.661130011081695557e-01 3.809031844139099121e-01 1.562293618917465210e-01 -2.324892133474349976e-01 3.960143327713012695e-01 2.622868716716766357e-01 5.754804611206054688e-01
-2.561357915401458740e-01 1.420443505048751831e-02 1.823529154062271118e-01 -3.831934183835983276e-02 3.146345168352127075e-02 -1.815965622663497925e-01 -5.011375248432159424e-02 1.634730398654937744e-01 -6.711961328983306885e-02 -2.197096198797225952e-01 1.847971379756927490e-01 1.851571500301361084e-01 2.293767482042312622e-01 2.111394405364990234e-01 1.779871582984924316e-01 1.880153417587280273e-01 -6.270343810319900513e-02 -1.316229701042175293e-01 2.624732553958892822e-01 4.277998805046081543e-01 2.016457915306091309e-02 2.017586082220077515e-01 -1.096466332674026489e-01 1.936969161033630371e-01 5.426163226366043091e-02 5.714666470885276794e-02 -2.740712463855743408e-01 -9.776011109352111816e-02 -3.771527111530303955e-01 -4.213432967662811279e-02 -2.749924063682556152e-01 1.973590701818466187e-01
1.847320497035980225e-01 2.449508309364318848e-01 -3.810774534940719604e-03 1.924443989992141724e-03 -1.415030658245086670e-01 -5.906189233064651489e-02 -5.606313794851303101e-02 4.535238817334175110e-02 -2.271225154399871826e-01 2.460681945085525513e-01 -1.955798864364624023e-01 -1.180972829461097717e-01 -9.344531595706939697e-02 -1.984980106353759766e-01 -1.869419068098068237e-01 -2.571635544300079346e-01 -1.400576531887054443e-01 -1.669798344373703003e-01 -3.381995484232902527e-02 -2.319898009300231934e-01 -1.512580513954162598e-01 5.170489475131034851e-02 2.009945660829544067e-01 -1.269339919090270996e-01 -1.065195426344871521e-01 9.450610727071762085e-03 7.206481695175170898e-02 1.961265355348587036e-01 -6.360752880573272705e-02 -3.008563518524169922e-01 2.638318240642547607e-01 1.429326385259628296e-01
-6.870483607053756714e-02 6.715624779462814331e-02 5.083393678069114685e-02 3.108254820108413696e-02 2.091903984546661377e-02 -1.165928691625595093e-02 2.482409216463565826e-02 1.669668778777122498e-02 3.840240836143493652e-02 -3.766831159591674805e-01 2.193439155817031860e-01 2.979635000228881836e-01 3.651648014783859253e-02 3.515943884849548340e-01 3.269516229629516602e-01 1.707774996757507324e-01 -5.318490415811538696e-02 -1.205852776765823364e-01 1.049929857254028320e-01 4.829152524471282959e-01 -6.534732133150100708e-02 3.589473664760589600e-01 -1.191430091857910156e-01 -8.106379210948944092e-02 3.273435831069946289e-01 -1.523073762655258179e-01 -1.378465145826339722e-01 -2.676132023334503174e-01 -1.895613372325897217e-01 2.924886643886566162e-01 -2.994922399520874023e-01 1.533489823341369629e-01
5.062280967831611633e-02 -1.563870906829833984e-01 -1.882131397724151611e-01 1.098981648683547974e-01 -2.234172374010086060e-01 1.204714775085449219e-01 -7.360521703958511353e-02 -4.029134660959243774e-02 3.298201560974121094e-01 -1.656073927879333496e-01 5.362153053283691406e-03 -2.337727248668670654e-01 -2.046883106231689453e-01 -1.304049789905548096e-01 1.448139250278472900e-01 -4.322215542197227478e-02 -2.412649691104888916e-01 1.880200207233428955e-01 -1.925332993268966675e-01 -4.107277095317840576e-02 7.266239076852798462e-02 -2.046979218721389771e-02 1.639617383480072021e-01 -5.031445622444152832e-02 -2.361681498587131500e-02 -1.035489886999130249e-01 1.217559874057769775e-01 2.825021743774414062e-01 -9.262073785066604614e-03 1.001604571938514709e-01 1.242773234844207764e-01 -3.234102576971054077e-02
-2.217870503664016724e-01 -3.258170783519744873e-01 1.195809841156005859e-01 -3.597835302352905273e-01 -1.028118580579757690e-01 -3.258390426635742188e-01 -1.118464097380638123e-01 -6.205843389034271240e-02 4.070392996072769165e-02 2.381715923547744751e-01 -2.720595300197601318e-01 -1.283376961946487427e-01 3.889245390892028809e-01 -9.567683935165405273e-02 -2.649015933275222778e-02 -1.465721875429153442e-01 -2.345466613769531250e-01 1.080790609121322632e-01 2.150830924510955811e-01 -2.774450778961181641e-01 6.736614555120468140e-02 -1.252117156982421875e-01 1.994409710168838501e-01 4.689380526542663574e-02 -1.340754777193069458e-01 -9.717191755771636963e-02 2.487916648387908936e-01 5.186485648155212402e-01 3.141417354345321655e-02 -3.539237380027770996e-01 -2.987127751111984253e-02 2.964061796665191650e-01
1.062052920460700989e-01 7.714912295341491699e-02 4.116216599941253662e-01 1.876657754182815552e-01 -1.272502094507217407e-01 -2.176514863967895508e-01 -1.406734883785247803e-01 1.232084184885025024e-01 -3.275689184665679932e-01 1.718385070562362671e-01 -8.881531655788421631e-02 3.566614538431167603e-02 -2.811852470040321350e-02 9.130106866359710693e-02 5.873819440603256226e-02 7.725477218627929688e-02 -1.781844496726989746e-01 -5.174898356199264526e-02 1.208309382200241089e-01 -4.361884295940399170e-02 -1.345214694738388062e-01 -2.224872633814811707e-02 -9.894873201847076416e-02 8.377763628959655762e-02 -2.191251702606678009e-02 1.620704680681228638e-02 1.717692911624908447e-01 -1.666230708360671997e-01 -6.485197693109512329e-02 -5.282692313194274902e-01 -1.181190982460975647e-01 1.710928976535797119e-03
3.428485095500946045e-01 1.170109435915946960e-01 2.789113521575927734e-01 1.576087474822998047e-01 9.107175469398498535e-02 2.443492412567138672e-03 -8.633729070425033569e-03 -8.204548060894012451e-02 -2.405852675437927246e-01 3.544301986694335938e-01 9.824417531490325928e-03 2.080095708370208740e-01 1.524326503276824951e-01 1.756433844566345215e-01 -2.239781767129898071e-01 9.738803654909133911e-02 1.247406825423240662e-01 -1.990169286727905273e-03 -5.840327590703964233e-02 -2.704243361949920654e-01 7.118061929941177368e-02 -4.627772048115730286e-02 -7.256390154361724854e-02 -1.108200997114181519e-01 2.472136318683624268e-01 -2.807823121547698975e-01 2.235416769981384277e-01 -2.446815371513366699e-01 1.959581971168518066e-01 -1.282110810279846191e-01 1.862149685621261597e-03 -5.172611214220523834e-03
3.002950549125671387e-01 4.086295515298843384e-02 3.244705498218536377e-02 1.056261360645294189e-01 -2.510732412338256836e-01 -2.747400701045989990e-01 -3.483326435089111328e-01 -2.520865201950073242e-01 6.222222000360488892e-02 -1.204065829515457153e-01 2.784878015518188477e-04 8.664787560701370239e-02 -2.558573335409164429e-02 1.355335116386413574e-01 2.516762614250183105e-01 -1.702532619237899780e-01 -3.733458220958709717e-01 -5.705783516168594360e-02 -4.080803692340850830e-02 7.471329718828201294e-02 1.246297881007194519e-01 2.316297441720962524e-01 3.015946745872497559e-01 -1.606129705905914307e-01 2.925133109092712402e-01 -3.480639755725860596e-01 3.750618100166320801e-01 -5.842687562108039856e-02 -1.918188184499740601e-01 3.836748600006103516e-01 2.690306603908538818e-01 2.727950215339660645e-01
4.660277441143989563e-02 2.081921100616455078e-01 1.262715458869934082e-01 -6.370679475367069244e-03 6.120555847883224487e-02 1.654312759637832642e-01 2.032369673252105713e-01 1.533789187669754028e-01 -1.180394887924194336e-01 1.888180524110794067e-02 -7.550770044326782227e-02 -5.023261159658432007e-02 -5.123678594827651978e-02 -1.917197182774543762e-02 1.094537749886512756e-01 7.777190208435058594e-02 1.584180593490600586e-01 -6.433326005935668945e-02 -7.896278798580169678e-02 -5.998834222555160522e-02 -1.994216740131378174e-01 2.036022990942001343e-01 -5.596131086349487305e-02 -1.666996777057647705e-01 1.879710890352725983e-02 -1.302639096975326538e-01 -1.945773363113403320e-01 1.227026954293251038e-01 -9.987695515155792236e-02 -1.683162450790405273e-01 -1.189260035753250122e-01 4.306860733777284622e-03
-1.753535717725753784e-01 -1.511407047510147095e-01 2.817028760910034180e-01 -2.832294702529907227e-01 -1.102054417133331299e-01 -4.737929403781890869e-01 -2.209737896919250488e-01 7.372814416885375977e-02 -1.410792469978332520e-01 1.122814863920211792e-01 -1.661480069160461426e-01 3.968176245689392090e-02 4.839371442794799805e-01 -7.492138445377349854e-02 5.503016710281372070e-02 -9.241290390491485596e-04 -1.342772841453552246e-01 -4.717572405934333801e-02 4.345351755619049072e-01 4.425016790628433228e-02 1.488940417766571045e-01 7.047212123870849609e-02 7.620634883642196655e-02 2.681026458740234375e-01 -2.707662880420684814e-01 1.011658012866973877e-01 1.503986865282058716e-02 1.773727983236312866e-01 -2.563186585903167725e-01 -4.833406805992126465e-01 -2.243515253067016602e-01 3.794314563274383545e-01
-2.587474696338176727e-02 3.711751997470855713e-01 -3.531106412410736084e-01 -4.389930963516235352e-01 1.612924039363861084e-02 -1.465899497270584106e-02 -2.945415973663330078e-01 3.128688409924507141e-02 -3.463921248912811279e-01 1.192965060472488403e-01 -1.181979328393936157e-01 2.194221615791320801e-01 2.292066663503646851e-01 -1.626065969467163086e-01 -3.078008592128753662e-01 -3.332045674324035645e-01 -4.075559973716735840e-01 -3.657776117324829102e-01 -2.197138965129852295e-01 8.487178385257720947e-02 -2.353403270244598389e-01 1.809618324041366577e-01 -1.362014412879943848e-01 7.647518068552017212e-03 7.364625483751296997e-02 2.782450020313262939e-01 -1.793672144412994385e-01 4.449485242366790771e-01 -1.881318241357803345e-01 -4.273878782987594604e-02 1.708572804927825928e-01 4.719650447368621826e-01
2.557573914527893066e-01 1.458916068077087402e-02 3.372832536697387695e-01 4.412110447883605957e-01 -4.441507160663604736e-02 -1.361052095890045166e-01 -6.260878592729568481e-02 8.995720744132995605e-02 1.165814772248268127e-01 1.786306947469711304e-01 1.549999415874481201e-01 8.552689105272293091e-02 1.915243119001388550e-01 1.408023685216903687e-01 2.103172801434993744e-02 4.346921443939208984e-01 -2.516672015190124512e-03 -6.441522389650344849e-03 -6.992544978857040405e-03 -2.891070544719696045e-01 1.214866563677787781e-01 -1.462447494268417358e-01 -2.779231220483779907e-02 -3.638966083526611328e-01 2.772994935512542725e-01 -5.150893926620483398e-01 1.652034670114517212e-01 -3.353851288557052612e-02 2.626277506351470947e-01 -2.515532374382019043e-01 -2.174714654684066772e-01 -8.818548172712326050e-02
