-3.825690150260925293e-01 3.275919556617736816e-01 4.696905910968780518e-01 8.028743416070938110e-02 3.437469005584716797e-01 -2.867279052734375000e-01 -9.201024472713470459e-02 -2.425431460142135620e-01 -1.347253024578094482e-01 3.196475207805633545e-01 -1.684026122093200684e-01 1.341546177864074707e-01 -2.010498791933059692e-01 2.270308136940002441e-01 -2.086120098829269409e-01 1.927929818630218506e-01 -2.671994864940643311e-01 1.347382962703704834e-01 -2.440084517002105713e-01 1.109620854258537292e-01 -1.477813422679901123e-01 -2.568040490150451660e-01 3.836895823478698730e-01 -9.848876297473907471e-02 2.752092778682708740e-01 9.975358843803405762e-02 3.967832326889038086e-01 7.885192334651947021e-02 4.957738146185874939e-02 9.145332127809524536e-02 -1.178221404552459717e-02 -3.171476125717163086e-01
-1.039972007274627686e-01 2.712438702583312988e-01 -7.856424152851104736e-02 -1.061742678284645081e-01 1.901658475399017334e-01 1.309780776500701904e-01 -9.346007369458675385e-03 -5.545582622289657593e-02 -1.770043373107910156e-01 2.546865642070770264e-01 -3.072490096092224121e-01 -2.961555123329162598e-01 4.104450345039367676e-02 -1.439677774906158447e-01 -2.339368164539337158e-01 -1.915812492370605469e-02 -1.559981107711791992e-01 -7.796614617109298706e-02 -1.207090765237808228e-01 -3.463357388973236084e-01 -6.299571990966796875e-01 1.462049335241317749e-01 7.215808331966400146e-02 -1.670076549053192139e-01 1.209128797054290771e-01 1.899866946041584015e-02 3.514916300773620605e-01 3.223340511322021484e-01 3.936108648777008057e-01 1.555441915988922119e-01 4.706126451492309570e-01 2.071142196655273438e-02
2.054513990879058838e-01 -1.112474277615547180e-01 4.169971868395805359e-02 3.114580512046813965e-01 -2.501726746559143066e-01 -1.023234575986862183e-01 1.189040243625640869e-01 -2.089880593121051788e-02 2.635953575372695923e-02 3.132948279380798340e-02 -7.357413321733474731e-02 4.062176495790481567e-02 1.061300933361053467e-01 -4.411057382822036743e-02 1.571976989507675171e-01 1.310266256332397461e-01 1.684583723545074463e-02 -3.019270002841949463e-01 -4.038839936256408691e-01 1.234207209199666977e-02 -2.308996170759201050e-01 4.172796905040740967e-01 2.208274900913238525e-01 -2.482046186923980713e-01 2.715776860713958740e-01 1.684551835060119629e-01 3.278957009315490723e-01 -1.198160871863365173e-01 -1.845260411500930786e-01 -1.337868571281433105e-01 4.879698753356933594e-01 2.736128270626068115e-01
4.352621734142303467e-02 -2.611222863197326660e-01 -2.696120738983154297e-02 7.818286865949630737e-02 6.128439307212829590e-02 3.994077444076538086e-03 -2.159251458942890167e-02 -2.192409783601760864e-01 -2.647064030170440674e-01 6.285270303487777710e-02 1.151505708694458008e-01 8.139162510633468628e-02 1.454998999834060669e-01 -4.471179097890853882e-02 1.155634373426437378e-01 -3.686035871505737305e-01 3.757283985614776611e-01 -1.078117452561855316e-02 -3.101623952388763428e-01 1.267984509468078613e-01 -7.809776812791824341e-02 2.830655574798583984e-01 2.776131629943847656e-01 -2.065089046955108643e-01 3.519169688224792480e-01 1.792371571063995361e-01 1.267035305500030518e-01 -1.990513950586318970e-01 1.899673044681549072e-02 3.120400607585906982e-01 4.716223105788230896e-02 2.609844505786895752e-01
1.898848712444305420e-01 2.628211081027984619e-01 2.511984705924987793e-01 -1.419769600033760071e-03 -1.555986702442169189e-02 1.795395463705062866e-02 -4.039691090583801270e-01 -4.116710424423217773e-01 -2.274387478828430176e-01 2.447367608547210693e-01 -3.284436464309692383e-02 2.015414535999298096e-01 2.564850449562072754e-01 -3.177120536565780640e-02 -1.331919282674789429e-01 -2.587122023105621338e-01 -2.521489858627319336e-01 1.860144883394241333e-01 -2.117124199867248535e-01 6.562129408121109009e-02 -1.270300745964050293e-01 6.556750833988189697e-02 3.859449326992034912e-01 -2.546386420726776123e-02 -5.865516886115074158e-02 3.759021162986755371e-01 5.241814255714416504e-01 3.155688941478729248e-01 1.445638686418533325e-01 8.279652148485183716e-02 6.785985827445983887e-02 7.525077462196350098e-02
-9.238393604755401611e-02 -2.452219724655151367e-01 -2.830214798450469971e-01 -1.020297221839427948e-02 -5.288096070289611816e-01 -2.095555067062377930e-01 -2.648183703422546387e-01 -1.003652215003967285e-01 -7.637075334787368774e-02 -1.039223223924636841e-01 -3.809138834476470947e-01 6.606010347604751587e-02 -1.055834442377090454e-01 -4.156864881515502930e-01 3.563745319843292236e-02 3.271510004997253418e-01 -5.369391292333602905e-02 -1.351300328969955444e-01 1.731165647506713867e-01 -2.699625492095947266e-01 1.129350662231445312e-01 5.897800922393798828e-01 4.939712584018707275e-01 2.835937142372131348e-01 2.309211939573287964e-01 -3.842670097947120667e-02 -8.923541754484176636e-03 -1.781585067510604858e-01 1.038307398557662964e-01 1.404590904712677002e-01 1.344275474548339844e-01 1.979540437459945679e-01
6.578701734542846680e-02 -3.759990930557250977e-01 3.209108114242553711e-02 2.446780353784561157e-02 -2.786716073751449585e-02 1.529441773891448975e-02 1.058282107114791870e-01 -1.315617263317108154e-01 -3.424112498760223389e-01 2.910863459110260010e-01 -9.806511551141738892e-02 -1.688114553689956665e-01 -3.541687130928039551e-02 -5.319308489561080933e-02 -8.758773654699325562e-02 1.569012403488159180e-01 2.017286717891693115e-01 6.014968827366828918e-02 -2.137176096439361572e-01 -2.297677099704742432e-01 -1.207802146673202515e-01 5.239917039871215820e-01 4.025959372520446777e-01 -1.399074047803878784e-01 3.544285893440246582e-01 -6.558647006750106812e-02 -1.316690891981124878e-01 -2.740739583969116211e-01 1.428130418062210083e-01 1.347288042306900024e-01 2.781426310539245605e-01 8.828576654195785522e-02
-1.995530426502227783e-01 1.942245662212371826e-01 6.679460406303405762e-03 3.304157406091690063e-02 -8.029375970363616943e-02 4.284620881080627441e-01 2.388450503349304199e-01 3.402479887008666992e-01 6.129904985427856445e-01 1.113906726241111755e-01 -2.002384364604949951e-01 7.369432598352432251e-02 -1.348699331283569336e-01 -1.885489225387573242e-01 2.865858674049377441e-01 2.887893021106719971e-01 2.223776280879974365e-02 -2.410951554775238037e-01 7.411879301071166992e-02 -4.659363627433776855e-02 -3.555915951728820801e-01 1.691336482763290405e-01 -1.378189623355865479e-01 -6.794323325157165527e-01 6.007766723632812500e-01 -4.575285911560058594e-01 4.259712100028991699e-01 1.554166823625564575e-01 -1.001275777816772461e-01 -3.041192144155502319e-02 1.939973682165145874e-01 -1.923196762800216675e-01
-2.477346211671829224e-01 1.138464137911796570e-01 -1.116710081696510315e-01 -9.532189369201660156e-02 -1.848588734865188599e-01 2.963919937610626221e-02 -1.399709433317184448e-01 1.622042059898376465e-01 -1.075262352824211121e-01 1.281621754169464111e-01 -1.423797905445098877e-01 -3.168005645275115967e-01 3.268443793058395386e-02 -1.268623769283294678e-02 1.850982308387756348e-01 -1.449849307537078857e-01 4.369501173496246338e-01 5.858771875500679016e-02 2.387298345565795898e-01 5.379977822303771973e-02 1.137827336788177490e-01 -1.693810820579528809e-01 1.688368320465087891e-01 1.880311220884323120e-02 -9.174294769763946533e-02 -1.903894841670989990e-01 1.863687187433242798e-01 2.651541829109191895e-01 -1.423231959342956543e-01 3.074395060539245605e-01 5.476959049701690674e-03 1.542780548334121704e-01
1.806180924177169800e-03 1.142661049962043762e-01 1.129998937249183655e-01 -5.573563650250434875e-02 -3.610266000032424927e-02 8.947104215621948242e-02 -7.602891325950622559e-02 -1.866963356733322144e-01 -2.243750989437103271e-01 -8.436366915702819824e-03 1.000351682305335999e-01 -9.588354080915451050e-02 1.892230659723281860e-01 3.758425265550613403e-02 2.811619341373443604e-01 -2.680321633815765381e-01 3.684761524200439453e-01 3.379248455166816711e-02 -1.958199739456176758e-01 1.254511997103691101e-02 -6.343603879213333130e-02 2.310676574707031250e-01 3.013885319232940674e-01 2.991300076246261597e-02 1.002286523580551147e-01 -4.233514145016670227e-02 2.081023007631301880e-01 1.033476218581199646e-01 -5.613127350807189941e-02 4.354369044303894043e-01 -9.570552408695220947e-02 2.199753671884536743e-01
7.841006666421890259e-02 1.190230175852775574e-01 1.278958469629287720e-01 -2.039532512426376343e-01 2.868185043334960938e-01 -4.214362800121307373e-01 -1.175426840782165527e-01 -4.335721209645271301e-02 -9.331107139587402344e-03 -3.562442958354949951e-03 4.437622427940368652e-02 3.445810973644256592e-01 7.005609571933746338e-02 -7.470912486314773560e-02 -1.922718137502670288e-01 4.202072918415069580e-01 2.343497872352600098e-01 1.735505759716033936e-01 1.418057978153228760e-01 1.999914087355136871e-02 2.504351437091827393e-01 2.662473022937774658e-01 3.646155893802642822e-01 4.102741777896881104e-01 3.571787849068641663e-02 -1.129889488220214844e-01 -4.132162332534790039e-01 -2.448678761720657349e-01 4.852505400776863098e-02 3.039531037211418152e-02 -3.435069918632507324e-01 4.049725830554962158e-02
8.766401559114456177e-02 2.912131696939468384e-02 -5.856920480728149414e-01 -2.236357182264328003e-01 9.268533438444137573e-02 -5.576163902878761292e-02 1.247766464948654175e-01 -2.664384543895721436e-01 -2.043038606643676758e-01 -1.004429906606674194e-02 3.365896344184875488e-01 -3.795038759708404541e-01 9.121865034103393555e-03 2.146467566490173340e-03 -1.687965393066406250e-01 -2.618007063865661621e-01 -1.591645181179046631e-02 3.488034307956695557e-01 -2.303754687309265137e-01 -2.911181747913360596e-01 -3.786232769489288330e-01 1.553032547235488892e-01 -6.101100146770477295e-02 -9.705066680908203125e-02 2.569364383816719055e-03 -2.562471628189086914e-01 -2.364633381366729736e-01 7.277704775333404541e-02 -1.209018193185329437e-02 -1.142866611480712891e-01 6.493790447711944580e-02 -3.178675174713134766e-01
-1.935798972845077515e-01 7.231792807579040527e-01 4.001664221286773682e-01 1.754359900951385498e-02 1.737812906503677368e-01 -1.748340427875518799e-01 2.226158678531646729e-01 2.188104838132858276e-01 5.015782266855239868e-02 1.204592511057853699e-01 -2.101945281028747559e-01 1.847531795501708984e-01 -4.254689812660217285e-01 -1.601085662841796875e-01 -5.090945363044738770e-01 5.562368631362915039e-01 -5.072721093893051147e-02 -3.315444290637969971e-01 3.239814192056655884e-02 4.299298822879791260e-01 -1.473074033856391907e-02 1.282056793570518494e-02 5.128849744796752930e-01 8.930180966854095459e-02 2.230653725564479828e-02 -3.281382843852043152e-02 -1.984188556671142578e-01 1.710970401763916016e-01 -1.250761188566684723e-02 9.565673768520355225e-02 1.100976020097732544e-01 -1.470922231674194336e-01
6.654074043035507202e-02 5.003793537616729736e-02 1.575643122196197510e-01 9.380529820919036865e-02 -5.947233736515045166e-02 -1.267301142215728760e-01 -6.513473987579345703e-01 -2.181131243705749512e-01 -1.331395804882049561e-01 -4.016429185867309570e-02 -5.859795957803726196e-02 4.254699349403381348e-01 -1.403879821300506592e-01 -9.504728764295578003e-02 2.285734415054321289e-01 -4.953078925609588623e-03 -9.294418245553970337e-02 -6.356751918792724609e-02 8.448465913534164429e-02 2.266563028097152710e-01 4.098067283630371094e-01 1.811021938920021057e-02 3.594183325767517090e-01 -2.531143426895141602e-01 4.418317973613739014e-01 1.054581925272941589e-01 7.786159515380859375e-01 -3.992689847946166992e-01 1.731595695018768311e-01 -1.037361323833465576e-01 -3.253267407417297363e-01 -3.505773842334747314e-02
-8.360441029071807861e-02 2.421178817749023438e-01 3.073711395263671875e-01 1.271158009767532349e-01 8.787952363491058350e-02 -3.338636457920074463e-01 1.876128837466239929e-02 -5.880668759346008301e-02 -1.521847844123840332e-01 6.199519634246826172e-01 -1.800459027290344238e-01 2.003080844879150391e-01 -4.795283451676368713e-02 2.390825450420379639e-01 -1.747199147939682007e-01 2.703801393508911133e-01 -6.550186127424240112e-02 -5.569636821746826172e-02 -5.426822900772094727e-01 3.427689075469970703e-01 -1.448488533496856689e-01 1.340898275375366211e-01 1.173492223024368286e-01 -2.375284731388092041e-01 5.569922327995300293e-01 1.529775112867355347e-01 4.542352557182312012e-01 -1.154667660593986511e-01 3.150230348110198975e-01 -2.609935700893402100e-01 4.011309444904327393e-01 1.740516275167465210e-01
-2.727320492267608643e-01 1.167313009500503540e-02 1.533278673887252808e-01 -3.164928555488586426e-01 5.126585364341735840e-01 -2.762584388256072998e-01 2.388491481542587280e-02 -1.289738565683364868e-01 7.323727756738662720e-02 2.690476477146148682e-01 6.524160504341125488e-02 2.272512316703796387e-01 -3.467439115047454834e-02 6.075827777385711670e-02 -1.197696104645729065e-01 3.081519901752471924e-01 4.019052088260650635e-01 1.296264678239822388e-01 -6.539649516344070435e-02 1.755223423242568970e-01 1.099001467227935791e-01 2.678774893283843994e-01 6.128444522619247437e-02 1.423363089561462402e-01 2.483793497085571289e-01 7.120844721794128418e-02 -1.643040031194686890e-02 -3.941164314746856689e-01 -1.817392185330390930e-02 -2.710070013999938965e-01 -1.559531092643737793e-01 -2.381825447082519531e-01
2.833940386772155762e-01 2.238652110099792480e-01 -1.208955273032188416e-01 4.126002267003059387e-02 -9.011395275592803955e-03 -9.369873255491256714e-02 3.881806433200836182e-01 2.401013821363449097e-01 5.737250447273254395e-01 1.504998803138732910e-01 8.342358469963073730e-02 1.472400724887847900e-01 -2.952660024166107178e-01 1.170576810836791992e-01 -1.401361674070358276e-01 3.191763460636138916e-01 1.685901880264282227e-01 -2.887803316116333008e-01 1.271988749504089355e-01 -2.349671162664890289e-02 -2.587292194366455078e-01 -5.670024082064628601e-02 -1.270521134138107300e-01 3.130783438682556152e-01 4.098160266876220703e-01 1.555140018463134766e-01 1.412614583969116211e-01 3.705128431320190430e-01 -7.844015955924987793e-03 4.208829626441001892e-02 7.172109484672546387e-01 -8.566450327634811401e-02
-1.718125641345977783e-01 6.417550444602966309e-01 2.577991485595703125e-01 3.591754138469696045e-01 -6.252415478229522705e-03 3.960573971271514893e-01 1.388377547264099121e-01 2.165237516164779663e-01 7.287269085645675659e-02 1.788411736488342285e-01 -5.088998675346374512e-01 -2.095116972923278809e-01 -5.063084959983825684e-01 -4.833011925220489502e-01 1.385640911757946014e-02 3.869146704673767090e-01 -3.339641392230987549e-01 -5.046331137418746948e-02 -1.352332830429077148e-01 5.493515729904174805e-01 -4.068054258823394775e-03 -2.166371792554855347e-01 3.017714917659759521e-01 1.170552074909210205e-01 1.150885671377182007e-01 6.379702687263488770e-02 3.225469291210174561e-01 7.702060788869857788e-02 2.589123845100402832e-01 -1.144393533468246460e-01 1.023515015840530396e-01 -1.266598701477050781e-01
-4.157447516918182373e-01 4.210651665925979614e-02 -5.581253170967102051e-01 -1.014549210667610168e-01 2.905074656009674072e-01 -8.016018569469451904e-02 4.931080937385559082e-01 -3.355658650398254395e-01 2.926130592823028564e-01 -2.142635881900787354e-01 3.797222077846527100e-01 -3.842082023620605469e-01 3.937253355979919434e-02 6.516307592391967773e-02 6.580489873886108398e-02 -2.696512043476104736e-01 -4.167903214693069458e-02 5.114594101905822754e-01 5.484333634376525879e-01 -5.551582574844360352e-01 -1.838887780904769897e-01 -1.210443675518035889e-01 -1.359803974628448486e-01 -3.999671041965484619e-01 -1.887027323246002197e-01 -7.660855054855346680e-01 -4.593318328261375427e-02 -1.803332120180130005e-01 1.394025534391403198e-01 2.414762377738952637e-01 -6.684476137161254883e-02 -7.932022213935852051e-02
-1.582529842853546143e-01 -1.483128666877746582e-01 -3.304753303527832031e-01 1.896847635507583618e-01 -4.250601530075073242e-01 9.294871985912322998e-02 -1.572383195161819458e-01 -7.072028517723083496e-02 -1.750975102186203003e-01 1.986024677753448486e-01 -6.081945449113845825e-02 -2.245165705680847168e-01 -1.152231469750404358e-01 1.597774624824523926e-01 3.125610947608947754e-01 1.358579099178314209e-01 -1.871788203716278076e-01 -1.250075362622737885e-02 -2.087694220244884491e-02 -2.143768966197967529e-01 7.394163310527801514e-02 -1.444983780384063721e-01 -3.253249526023864746e-01 -1.790546327829360962e-01 -2.443543225526809692e-01 4.451871663331985474e-02 -2.130736559629440308e-01 -4.822152853012084961e-01 2.516256570816040039e-01 -2.384077012538909912e-02 5.728118121623992920e-03 -2.181104570627212524e-01
-2.709307670593261719e-01 9.280572086572647095e-02 -2.126550674438476562e-02 -1.957540065050125122e-01 3.204514384269714355e-01 -3.548882007598876953e-01 7.301259785890579224e-02 3.757572174072265625e-02 -7.670174539089202881e-02 2.200171053409576416e-01 -7.627248018980026245e-02 -9.391993284225463867e-02 -7.207287102937698364e-02 1.844136416912078857e-02 -1.693437099456787109e-01 1.722012758255004883e-01 8.842467516660690308e-02 -9.323289245367050171e-02 -3.844162225723266602e-01 -2.032787054777145386e-01 -5.084396600723266602e-01 3.503735363483428955e-01 1.035446077585220337e-01 -9.606434404850006104e-02 5.228931903839111328e-01 -1.744800806045532227e-01 9.586711227893829346e-02 4.360526800155639648e-02 4.069590941071510315e-02 -1.113887727260589600e-01 2.331661731004714966e-01 -3.119410574436187744e-01
-1.439324319362640381e-01 1.066594570875167847e-02 -2.558276951313018799e-01 -4.595480486750602722e-02 2.187888622283935547e-01 2.634179592132568359e-02 -2.249571979045867920e-01 -3.966602087020874023e-01 3.945372998714447021e-02 -2.072647213935852051e-01 -1.333151012659072876e-02 -6.415731310844421387e-01 2.034751027822494507e-01 -2.237415313720703125e-02 -2.343065589666366577e-01 -1.606773734092712402e-01 -1.292715966701507568e-01 1.832244098186492920e-01 2.250194251537322998e-01 -6.272213459014892578e-01 -1.590188145637512207e-01 -8.359001576900482178e-02 -5.921663343906402588e-02 -7.673318684101104736e-02 -3.406771421432495117e-01 -1.991312801837921143e-01 2.535953521728515625e-01 3.536489978432655334e-02 3.416755199432373047e-01 7.660930603742599487e-02 -1.614721119403839111e-02 -1.732633411884307861e-01
4.208931624889373779e-01 1.084574833512306213e-01 -1.730093657970428467e-01 1.290664821863174438e-01 -1.273131519556045532e-01 2.598843276500701904e-01 1.854842156171798706e-01 2.014273405075073242e-02 2.472730278968811035e-01 -2.499502599239349365e-01 -1.807093322277069092e-01 -1.203817874193191528e-02 -3.190753757953643799e-01 -3.230122923851013184e-01 6.515114009380340576e-02 -1.399206519126892090e-01 -3.605943322181701660e-01 -1.381489187479019165e-01 2.011829018592834473e-01 -1.169475242495536804e-01 -1.412495225667953491e-02 -1.531444191932678223e-01 1.509944200515747070e-01 -2.746096253395080566e-01 -2.664005160331726074e-01 1.846812665462493896e-01 1.709464937448501587e-01 1.416416168212890625e-01 1.144314184784889221e-02 2.282671630382537842e-01 8.939008414745330811e-02 8.554142713546752930e-02
6.453517079353332520e-02 1.788387000560760498e-01 -8.847094327211380005e-02 -1.165295857936143875e-02 1.049699485301971436e-01 4.313942790031433105e-02 2.923844382166862488e-02 9.797927737236022949e-02 -3.340521752834320068e-01 1.985778808593750000e-01 -3.025451898574829102e-01 -4.197726249694824219e-01 -1.007401272654533386e-01 -1.196625754237174988e-01 -2.934148907661437988e-01 2.662297785282135010e-01 8.870668709278106689e-03 -3.176891803741455078e-02 -3.240049779415130615e-01 -2.119894474744796753e-01 -2.521427869796752930e-01 4.481077194213867188e-01 1.432369798421859741e-01 4.999513551592826843e-02 1.764733642339706421e-01 -2.788826823234558105e-01 1.172500997781753540e-01 3.703766465187072754e-01 1.771382540464401245e-01 -1.457219421863555908e-01 1.485565155744552612e-01 3.573296591639518738e-02
-5.018942356109619141e-01 2.406456768512725830e-01 4.491798877716064453e-01 8.304617553949356079e-02 1.455578804016113281e-01 -2.392324656248092651e-01 4.973488301038742065e-02 -2.138209342956542969e-02 -3.422260284423828125e-03 5.544350743293762207e-01 -1.282876133918762207e-01 -4.886476695537567139e-02 -2.164798229932785034e-01 1.240897104144096375e-01 1.631041318178176880e-01 8.187107741832733154e-02 -1.384600102901458740e-01 -6.700690090656280518e-02 -6.460388898849487305e-01 2.512860596179962158e-01 1.282526701688766479e-01 -3.372111916542053223e-02 4.201587140560150146e-01 -3.479150235652923584e-01 2.933303713798522949e-01 -1.108893528580665588e-01 7.058131098747253418e-01 -4.266227781772613525e-01 -2.360476925969123840e-02 -1.361084431409835815e-01 1.032892987132072449e-02 -1.048467755317687988e-01
3.223397433757781982e-01 -3.516776561737060547e-01 1.703101582825183868e-02 9.258753061294555664e-02 7.393424212932586670e-02 -3.292548656463623047e-01 -2.423819750547409058e-01 -3.860985040664672852e-01 -1.585926264524459839e-01 5.468282848596572876e-02 2.972449958324432373e-01 -3.230034187436103821e-02 9.886369109153747559e-03 2.707120478153228760e-01 2.311162650585174561e-01 1.926755607128143311e-01 2.481781840324401855e-01 2.120275646448135376e-01 -1.412952244281768799e-01 1.683947741985321045e-01 5.224899053573608398e-01 -2.817328870296478271e-01 -8.086496591567993164e-02 2.029076814651489258e-01 -1.021445244550704956e-01 9.781351312994956970e-03 5.761772766709327698e-02 -4.716947078704833984e-01 1.407032310962677002e-01 -2.625139057636260986e-01 -1.493396610021591187e-01 -9.554047137498855591e-02
-1.668874472379684448e-01 2.843326628208160400e-01 5.457197129726409912e-02 -1.453044544905424118e-02 -3.304707407951354980e-01 -7.207171618938446045e-02 -4.940263926982879639e-02 9.178490936756134033e-02 -4.277906194329261780e-02 3.788157105445861816e-01 -7.713375240564346313e-02 -4.095830023288726807e-01 7.126437127590179443e-02 1.603657752275466919e-02 1.406394988298416138e-01 -7.490781694650650024e-02 8.317187428474426270e-02 -3.914543688297271729e-01 -2.889563143253326416e-01 6.757853031158447266e-01 1.135700941085815430e-01 -2.033540755510330200e-01 1.214625909924507141e-01 -4.297962784767150879e-01 -1.320843100547790527e-01 -2.618281356990337372e-02 3.620330989360809326e-01 -1.959209144115447998e-01 -9.070009738206863403e-02 -2.090751230716705322e-01 -1.455030962824821472e-02 7.357565313577651978e-02
-1.025969237089157104e-01 4.735939800739288330e-01 2.096016407012939453e-01 -2.064166031777858734e-02 -8.803284168243408203e-02 2.774753272533416748e-01 1.290628761053085327e-01 2.256495803594589233e-01 -3.002784401178359985e-02 4.272196888923645020e-01 -3.455545604228973389e-01 -9.569651633501052856e-02 -3.353114128112792969e-01 -1.558310091495513916e-01 2.586304582655429840e-02 9.662282466888427734e-02 -1.386173367500305176e-01 1.082473248243331909e-01 -2.319125458598136902e-02 3.071365356445312500e-01 -5.164552479982376099e-02 -6.728769838809967041e-02 5.215554833412170410e-01 -2.642387747764587402e-01 2.797730565071105957e-01 -2.060461640357971191e-01 8.036638796329498291e-02 2.050052434206008911e-01 -1.192943453788757324e-01 3.201572597026824951e-01 2.176768332719802856e-01 -7.981317117810249329e-03
-2.148001343011856079e-01 -1.911441087722778320e-01 -3.129923045635223389e-01 3.871488273143768311e-01 -4.867472648620605469e-01 9.417046606540679932e-02 1.912431716918945312e-01 -1.103778481483459473e-01 -9.132257848978042603e-02 -3.303212672472000122e-02 -2.845713794231414795e-01 -2.985213696956634521e-01 -2.590946555137634277e-01 -2.032495737075805664e-01 -5.118620395660400391e-02 -8.250243961811065674e-03 -1.770657300949096680e-01 1.074434816837310791e-01 -7.026419043540954590e-02 -4.492126107215881348e-01 -9.695607423782348633e-02 1.566661298274993896e-01 7.566824555397033691e-03 -3.819227516651153564e-01 -3.229960426688194275e-02 3.889895975589752197e-02 -1.364481896162033081e-01 1.410312056541442871e-01 1.508672907948493958e-02 1.289078295230865479e-01 4.931083321571350098e-01 -1.112222969532012939e-01
-7.322975993156433105e-02 1.831105053424835205e-01 1.213093101978302002e-02 -1.515170335769653320e-01 2.616690397262573242e-01 -5.141113698482513428e-02 9.414531290531158447e-02 4.081453680992126465e-01 -2.395453304052352905e-02 2.283037602901458740e-01 -2.592677474021911621e-01 2.501666545867919922e-03 2.832576632499694824e-03 -1.178608760237693787e-01 -4.157677888870239258e-01 7.775536179542541504e-02 5.892235413193702698e-02 3.157436475157737732e-02 4.191372692584991455e-01 -5.813090503215789795e-02 1.680242568254470825e-01 8.677285164594650269e-03 2.777455449104309082e-01 1.355024129152297974e-01 -3.115287423133850098e-01 -4.204836860299110413e-02 -3.718887567520141602e-01 3.097947239875793457e-01 1.068033576011657715e-01 2.192205339670181274e-01 9.788325428962707520e-02 1.560810655355453491e-01
2.898136079311370850e-01 -1.914113759994506836e-03 3.695170879364013672e-01 1.028317660093307495e-01 -3.131105899810791016e-01 3.235348314046859741e-02 -1.156654208898544312e-01 2.079318016767501831e-01 1.711697876453399658e-01 -4.360648617148399353e-02 4.280338585376739502e-01 1.952908337116241455e-01 1.499088853597640991e-01 8.497866243124008179e-02 2.146088927984237671e-01 1.767695248126983643e-01 1.708420366048812866e-02 -1.898597478866577148e-01 -1.232804507017135620e-01 -1.492505520582199097e-01 -4.659635722637176514e-01 -9.486314654350280762e-02 3.248016834259033203e-01 -2.317058295011520386e-01 -1.863737106323242188e-01 -2.179707773029804230e-02 4.095612764358520508e-01 1.859692186117172241e-01 -3.187541663646697998e-01 2.338305115699768066e-02 2.943371534347534180e-01 -1.407491117715835571e-01
-2.589008510112762451e-01 -5.786799192428588867e-01 -2.898907959461212158e-01 9.125173836946487427e-02 4.486616253852844238e-01 -6.800054013729095459e-02 -3.954656720161437988e-01 -1.899850666522979736e-01 -3.410127162933349609e-01 -3.602282106876373291e-01 5.131381005048751831e-02 3.105913996696472168e-01 -6.801829487085342407e-02 3.462380468845367432e-01 -6.583901494741439819e-02 1.064652279019355774e-01 4.015809595584869385e-01 -2.908543944358825684e-01 3.318403065204620361e-01 -3.689216375350952148e-01 6.978787779808044434e-01 2.473784089088439941e-01 3.354246616363525391e-01 -4.342342019081115723e-01 3.849223256111145020e-01 -4.071494340896606445e-01 -2.316864877939224243e-01 -5.642856955528259277e-01 4.808829352259635925e-02 5.250415802001953125e-01 -1.807465106248855591e-01 2.624199986457824707e-01
-1.352720856666564941e-01 -1.169833838939666748e-01 1.545238047838211060e-01 -3.234674632549285889e-01 -2.339408248662948608e-01 1.225144416093826294e-02 -4.115521907806396484e-01 -2.934473752975463867e-02 -3.385089933872222900e-01 1.172443479299545288e-02 -3.899382650852203369e-01 -1.982237696647644043e-01 4.598207771778106689e-02 -5.003001540899276733e-02 1.957950741052627563e-01 4.662677347660064697e-01 -4.512428641319274902e-01 -2.442887127399444580e-01 -8.458302915096282959e-02 -2.457045763731002808e-01 -2.358193397521972656e-01 1.019389629364013672e-01 2.569715976715087891e-01 2.159978747367858887e-01 2.418514341115951538e-04 -3.485288619995117188e-01 2.045493423938751221e-01 1.082819551229476929e-01 2.464090883731842041e-01 2.991006895899772644e-02 -3.875831961631774902e-01 5.375173874199390411e-03
1.902600824832916260e-01 -7.013954222202301025e-02 1.654768884181976318e-01 7.233452051877975464e-02 -6.298241615295410156e-01 -1.132128015160560608e-01 -4.939291775226593018e-01 -1.798963397741317749e-01 -1.281865239143371582e-01 2.724975049495697021e-01 -1.018465086817741394e-01 -2.350369840860366821e-02 4.497507214546203613e-02 7.900470495223999023e-02 6.482066512107849121e-01 -9.167658537626266479e-02 -1.029067561030387878e-01 -3.183592557907104492e-01 6.455533206462860107e-03 3.472407162189483643e-01 3.289532363414764404e-01 -3.609863221645355225e-01 -9.849935770034790039e-02 2.221274673938751221e-01 -1.331569254398345947e-02 1.128997132182121277e-01 4.997803270816802979e-01 6.306338589638471603e-03 -6.058828160166740417e-02 -4.861271381378173828e-01 -2.400304526090621948e-01 1.823586225509643555e-01
1.918372958898544312e-01 1.896781027317047119e-01 -7.467415183782577515e-02 1.627412885427474976e-01 -1.103451400995254517e-01 -3.940655291080474854e-02 3.940067589282989502e-01 -2.652301639318466187e-02 1.104001477360725403e-01 -1.174046024680137634e-01 2.630008384585380554e-02 1.683012247085571289e-01 -3.166112676262855530e-02 5.009002238512039185e-02 1.287167817354202271e-01 1.568057835102081299e-01 2.550483047962188721e-01 -5.144137889146804810e-02 -2.178335189819335938e-01 -1.991637200117111206e-01 -3.662575781345367432e-01 2.849607765674591064e-01 8.837040513753890991e-03 1.339323520660400391e-01 1.201216876506805420e-02 1.458099186420440674e-01 -9.505204111337661743e-02 1.574445813894271851e-01 -2.540259659290313721e-01 3.986577987670898438e-01 5.352199077606201172e-01 2.161958962678909302e-01
-4.879560694098472595e-02 -6.326014548540115356e-02 -3.075619339942932129e-01 2.959253489971160889e-01 -4.175771474838256836e-01 1.752113401889801025e-01 -5.253986641764640808e-02 7.205780595541000366e-02 -3.985408544540405273e-01 -7.573696970939636230e-02 -1.454199254512786865e-01 5.910601466894149780e-02 -1.790767163038253784e-01 -2.600660622119903564e-01 2.555086612701416016e-01 -2.362444698810577393e-01 2.029245793819427490e-01 -5.374506115913391113e-02 4.948838055133819580e-02 1.387978345155715942e-02 1.230187714099884033e-01 4.433338642120361328e-01 4.756215810775756836e-01 -1.203163266181945801e-01 1.022679060697555542e-01 -6.470640748739242554e-02 8.125072717666625977e-02 -3.127026185393333435e-02 -2.345031201839447021e-01 8.744630217552185059e-02 3.691633418202400208e-02 4.851361215114593506e-01
2.267412692308425903e-01 -3.815962970256805420e-01 1.614553928375244141e-01 -1.024745218455791473e-02 -2.344525605440139771e-01 -7.516814023256301880e-02 -2.689050137996673584e-01 -1.414456665515899658e-01 -5.244825482368469238e-01 -1.825225204229354858e-01 -1.205711588263511658e-01 1.955890655517578125e-02 3.277605026960372925e-02 2.983045578002929688e-01 2.942751049995422363e-01 4.121778905391693115e-01 -1.270883977413177490e-01 -1.668108701705932617e-01 -1.834745407104492188e-01 -1.216223090887069702e-01 -9.902559220790863037e-02 8.028112351894378662e-02 2.788504958152770996e-01 3.615325093269348145e-01 -3.625163063406944275e-02 -3.010011911392211914e-01 -6.075591593980789185e-02 -9.916502982378005981e-02 1.055043935775756836e-02 1.232192665338516235e-01 -3.443704545497894287e-01 -7.499860227108001709e-02
1.572778224945068359e-01 -8.878122270107269287e-02 2.155729532241821289e-01 -2.346705943346023560e-01 -1.171960234642028809e-01 -1.944647878408432007e-01 -9.845233708620071411e-02 1.086120009422302246e-01 -2.849415242671966553e-01 -1.680628359317779541e-01 -1.322782933712005615e-01 8.916679769754409790e-02 8.813065290451049805e-02 1.861639022827148438e-01 -6.065058708190917969e-02 4.221298992633819580e-01 -2.635528147220611572e-01 -1.626368761062622070e-01 -5.127355456352233887e-03 -2.269256263971328735e-01 -4.269483387470245361e-01 -1.707807928323745728e-02 3.725144267082214355e-01 4.857994914054870605e-01 1.156431734561920166e-01 -1.029798835515975952e-01 7.528527081012725830e-02 7.614558935165405273e-02 4.022672176361083984e-01 2.257140874862670898e-01 -1.656643152236938477e-01 -2.845464348793029785e-01
2.344516068696975708e-01 -8.973647654056549072e-02 -1.832658648490905762e-01 -2.045721746981143951e-03 -1.949095577001571655e-01 2.019815444946289062e-01 8.512676507234573364e-02 -3.235601782798767090e-01 3.165168315172195435e-02 1.105942577123641968e-02 1.754509806632995605e-01 6.945520639419555664e-03 -2.209644168615341187e-01 9.397771209478378296e-02 1.835634261369705200e-01 5.238100886344909668e-02 1.163442432880401611e-01 1.774572581052780151e-01 -1.268341094255447388e-01 9.808991104364395142e-02 -2.198042869567871094e-01 -2.771915197372436523e-01 -1.656799763441085815e-02 -1.735535264015197754e-01 2.097280919551849365e-01 2.660314440727233887e-01 2.417200803756713867e-01 1.953874677419662476e-01 1.304205507040023804e-01 -2.199615240097045898e-01 1.147514432668685913e-01 -3.551732599735260010e-01
-1.257586032152175903e-01 2.076090574264526367e-01 -3.517042100429534912e-02 1.375415623188018799e-01 -5.635682940483093262e-01 9.337761998176574707e-02 -2.503927946090698242e-01 -5.111858248710632324e-03 -4.242908060550689697e-01 -2.556523680686950684e-01 -1.397431492805480957e-01 4.480369389057159424e-03 -2.217492908239364624e-01 3.186356723308563232e-01 1.354805678129196167e-01 -4.494828581809997559e-01 -1.538316607475280762e-01 7.681065797805786133e-02 5.356072783470153809e-01 -2.654761373996734619e-01 2.806244492530822754e-01 -2.038325220346450806e-01 5.384301543235778809e-01 -8.752152323722839355e-02 -1.053255796432495117e-01 -3.319073617458343506e-01 2.568199634552001953e-01 1.115208342671394348e-01 -1.631682664155960083e-01 4.186348915100097656e-01 1.399001106619834900e-02 2.328771650791168213e-01
-2.480205148458480835e-01 1.721135154366493225e-02 1.318344771862030029e-01 -8.051181584596633911e-02 1.694513112306594849e-01 -2.111718803644180298e-02 -2.362434566020965576e-02 -5.021727457642555237e-02 -1.697817742824554443e-01 2.876423597335815430e-01 -7.602674514055252075e-02 1.988459825515747070e-01 -2.660252451896667480e-01 -4.484701901674270630e-02 1.504311710596084595e-01 4.113170206546783447e-01 7.542793452739715576e-02 -1.195410043001174927e-01 -1.122042611241340637e-01 3.017822206020355225e-01 -1.724214851856231689e-01 2.011949717998504639e-01 4.465813636779785156e-01 -1.859737038612365723e-01 4.766316413879394531e-01 -1.444901078939437866e-01 6.311450898647308350e-02 -3.090875148773193359e-01 -2.451503276824951172e-02 1.694424450397491455e-01 1.996506005525588989e-01 4.204688221216201782e-02
1.531880050897598267e-01 8.532276749610900879e-02 2.305048108100891113e-01 2.659734785556793213e-01 -3.767567873001098633e-01 8.012330532073974609e-02 3.505328893661499023e-01 7.289271801710128784e-02 -2.497310936450958252e-02 4.474146962165832520e-01 -1.456386148929595947e-01 -3.239642083644866943e-02 -1.292372345924377441e-01 -4.524351060390472412e-01 -1.786735653877258301e-01 4.136915504932403564e-01 -4.541230201721191406e-01 3.685768544673919678e-01 -1.102410703897476196e-01 -5.824719667434692383e-01 -2.083599269390106201e-01 1.576935052871704102e-01 -7.735423743724822998e-03 -6.559666991233825684e-02 2.113049328327178955e-01 2.564019262790679932e-01 -6.240728497505187988e-02 -2.362810261547565460e-02 5.785048604011535645e-01 -2.143493890762329102e-01 4.338238537311553955e-01 -2.406343370676040649e-01
-1.541257500648498535e-01 4.315210580825805664e-01 -6.431557238101959229e-02 -5.148238688707351685e-02 -1.802520751953125000e-01 -2.705076634883880615e-01 -1.948387026786804199e-01 -2.736214995384216309e-01 -1.378178596496582031e-01 -2.510302364826202393e-01 -2.136663347482681274e-02 -3.432343900203704834e-02 -1.889853030443191528e-01 -2.124841809272766113e-01 -2.714090943336486816e-01 4.680786430835723877e-01 -1.294053792953491211e-01 6.618794798851013184e-02 1.535660922527313232e-01 -1.003108918666839600e-01 -4.410038515925407410e-02 3.222469687461853027e-01 5.376389622688293457e-01 6.401529908180236816e-02 9.158106148242950439e-02 -2.381643801927566528e-01 1.436348706483840942e-01 4.808423109352588654e-03 2.739759683609008789e-01 2.275492101907730103e-01 2.500902488827705383e-02 -1.550429873168468475e-02
-1.172045320272445679e-01 3.188548386096954346e-01 2.578733861446380615e-01 8.505781739950180054e-02 -1.786580532789230347e-01 2.125228941440582275e-01 1.006054878234863281e-01 2.067607790231704712e-01 -3.785752132534980774e-02 4.529148340225219727e-01 -4.473596513271331787e-01 -3.980579972267150879e-02 -2.903983294963836670e-01 -4.599554836750030518e-01 -1.397469043731689453e-01 4.498928487300872803e-01 -3.899291157722473145e-01 -1.412437409162521362e-01 -3.955299854278564453e-01 3.247249424457550049e-01 -3.035888820886611938e-02 3.269362449645996094e-01 4.460179805755615234e-01 -3.266575038433074951e-01 3.414301574230194092e-01 6.613386794924736023e-03 4.333482086658477783e-01 -9.080405533313751221e-02 4.322421550750732422e-01 -5.758623778820037842e-02 2.105960622429847717e-02 2.950627729296684265e-02
-1.284114271402359009e-01 -3.765035867691040039e-01 7.639626413583755493e-02 4.429722204804420471e-02 -6.144067645072937012e-02 4.172970354557037354e-02 2.135660946369171143e-01 -4.489334225654602051e-01 -3.146862387657165527e-01 4.591908305883407593e-02 2.719251811504364014e-02 -3.876379728317260742e-01 -7.397243380546569824e-02 8.681412786245346069e-03 1.012315154075622559e-01 -2.367306351661682129e-01 2.683232426643371582e-01 6.021818891167640686e-02 -2.623719871044158936e-01 -2.996711134910583496e-01 -2.907691001892089844e-01 3.765147626399993896e-01 2.350186109542846680e-01 -3.598690330982208252e-01 2.571505010128021240e-01 -7.171207666397094727e-02 9.300160408020019531e-02 -3.043625354766845703e-01 1.251224428415298462e-01 4.897689223289489746e-01 1.935812234878540039e-01 -6.232195347547531128e-02
1.499464958906173706e-01 -1.314698159694671631e-01 -6.276991963386535645e-02 -7.290345616638660431e-03 1.699252873659133911e-01 -1.700426191091537476e-01 -7.119084149599075317e-02 -2.838610410690307617e-01 -8.210173249244689941e-02 -1.878964602947235107e-01 -8.625146001577377319e-02 -2.839093804359436035e-01 -3.542155027389526367e-02 2.187690138816833496e-01 -3.519066572189331055e-01 2.416866719722747803e-01 2.093296647071838379e-01 -3.613151609897613525e-03 1.435725390911102295e-01 -1.871445626020431519e-01 8.424971997737884521e-02 -2.701848745346069336e-01 -1.806926727294921875e-01 3.094921112060546875e-01 -1.898205429315567017e-01 -1.426346898078918457e-01 -9.313561022281646729e-02 -1.925541274249553680e-02 3.209432661533355713e-01 1.387131363153457642e-01 -1.347701698541641235e-01 -1.089641228318214417e-01
-1.136954128742218018e-02 -1.534993015229701996e-02 -2.229868248105049133e-02 -1.040220856666564941e-01 7.528975605964660645e-02 2.614931166172027588e-01 -2.682686969637870789e-02 -3.364259600639343262e-01 7.222286611795425415e-02 6.383977830410003662e-03 -2.040139436721801758e-01 -3.202149569988250732e-01 4.046228528022766113e-02 2.730839513242244720e-02 -1.311227828264236450e-01 -8.879498392343521118e-02 1.220931261777877808e-01 -1.301227323710918427e-02 1.133022531867027283e-01 -1.158202365040779114e-01 -2.083960175514221191e-01 -1.551253944635391235e-01 -1.470400243997573853e-01 -6.167668849229812622e-02 -6.522656977176666260e-02 -4.275791347026824951e-03 2.060091197490692139e-01 3.498588204383850098e-01 6.291161477565765381e-02 7.867797464132308960e-02 1.256050765514373779e-01 -7.438652962446212769e-02
2.693015038967132568e-01 -2.027723789215087891e-01 1.384599804878234863e-01 -7.445388287305831909e-02 -2.522687315940856934e-01 -3.739386200904846191e-01 -1.732974350452423096e-01 2.630320191383361816e-02 1.691591739654541016e-01 1.349952816963195801e-01 2.118401527404785156e-01 2.259452342987060547e-01 8.120037615299224854e-02 1.566884815692901611e-01 3.301799893379211426e-01 -4.460843652486801147e-02 -2.822348773479461670e-01 5.650511011481285095e-02 2.200964391231536865e-01 -2.595806717872619629e-01 2.550558000802993774e-02 -2.948602735996246338e-01 -2.697345316410064697e-01 8.389535546302795410e-01 -1.549421846866607666e-01 4.511933028697967529e-01 -1.320999115705490112e-02 -1.839932948350906372e-01 2.823443114757537842e-01 -2.266844511032104492e-01 2.228083759546279907e-01 -3.033507764339447021e-01
1.842540800571441650e-01 -7.469472885131835938e-01 1.229949519038200378e-01 5.715470388531684875e-02 -1.782324910163879395e-01 -9.507049620151519775e-02 -1.932493448257446289e-01 -2.144013047218322754e-01 -2.611564397811889648e-01 -2.215342521667480469e-01 -1.664685308933258057e-01 8.029300719499588013e-02 9.075078368186950684e-02 2.955757975578308105e-01 2.038568407297134399e-01 -9.271829575300216675e-02 -1.211936026811599731e-02 -2.737639844417572021e-01 -2.998521029949188232e-01 -3.426301479339599609e-01 -7.794129848480224609e-02 3.179053664207458496e-01 1.531550288200378418e-01 2.259828522801399231e-02 2.307645380496978760e-01 -1.853925883769989014e-01 4.055789709091186523e-01 -2.366476804018020630e-01 8.416795730590820312e-02 9.293435513973236084e-02 -9.846560657024383545e-02 -4.557209461927413940e-02
1.972459629178047180e-02 8.183699101209640503e-03 1.386837288737297058e-02 2.661102414131164551e-01 -2.940770238637924194e-02 1.173486262559890747e-01 4.001984000205993652e-01 1.672191917896270752e-01 8.270390331745147705e-03 3.964090645313262939e-01 1.550748050212860107e-01 -4.420314431190490723e-01 3.106352686882019043e-02 -1.960532367229461670e-02 -9.798426181077957153e-02 1.309056580066680908e-01 4.245112538337707520e-01 2.274921983480453491e-01 3.874962776899337769e-02 -1.413316577672958374e-01 -3.203729391098022461e-01 3.158911466598510742e-01 2.653970718383789062e-01 -1.321699172258377075e-01 -9.114247560501098633e-02 -7.050359994173049927e-02 -6.126305460929870605e-02 -2.117495238780975342e-01 1.588157862424850464e-01 9.847042709589004517e-02 3.772946000099182129e-01 1.257939487695693970e-01
1.623286306858062744e-01 -1.014538109302520752e-03 -1.852540075778961182e-01 2.025452703237533569e-01 -2.726323008537292480e-01 -8.450515568256378174e-02 4.948368072509765625e-01 -2.945955991744995117e-01 7.706781476736068726e-02 -3.439383506774902344e-01 1.995388418436050415e-02 -2.819596529006958008e-01 -2.229349613189697266e-01 -2.375786304473876953e-01 2.803911268711090088e-01 -1.401026844978332520e-01 2.656719833612442017e-02 -1.327250301837921143e-01 6.699942052364349365e-03 2.133733481168746948e-01 6.799221038818359375e-02 -2.919869720935821533e-01 -5.304046720266342163e-02 -7.663089781999588013e-04 -7.868656516075134277e-02 -1.021208986639976501e-01 -2.440249472856521606e-01 -1.682914942502975464e-01 -3.753029406070709229e-01 3.155066817998886108e-02 -3.790343180298805237e-02 9.431922435760498047e-02
-1.095089167356491089e-01 3.011555969715118408e-02 -8.156117796897888184e-02 -3.057041764259338379e-01 -1.822963356971740723e-02 -6.564058363437652588e-02 -9.003099054098129272e-02 -4.566956311464309692e-02 -1.977206170558929443e-01 -7.530277222394943237e-02 -2.615253627300262451e-01 2.742506563663482666e-02 -3.812000751495361328e-01 1.626034975051879883e-01 -7.951860129833221436e-02 1.282219886779785156e-01 2.937398850917816162e-03 -3.926661610603332520e-01 -1.772651374340057373e-01 -9.171425551176071167e-02 -4.829208552837371826e-02 -4.142104089260101318e-02 4.733778238296508789e-01 1.514660120010375977e-01 2.031843811273574829e-01 -1.300476491451263428e-01 -1.603499650955200195e-01 1.236294284462928772e-01 -2.529025971889495850e-01 3.890417516231536865e-01 -1.191881895065307617e-01 -1.353289037942886353e-01
1.921265125274658203e-01 2.639079838991165161e-02 -1.564051210880279541e-01 -1.366285830736160278e-01 -2.500185370445251465e-01 -5.689427256584167480e-03 1.159584522247314453e-01 -1.164811849594116211e-01 1.429313421249389648e-01 -5.928653851151466370e-02 4.279757440090179443e-01 -1.917017102241516113e-01 3.023534417152404785e-01 3.458762466907501221e-01 1.624235361814498901e-01 9.800119698047637939e-02 1.576315760612487793e-01 -2.283239811658859253e-01 -2.416436374187469482e-01 1.441996842622756958e-01 -2.720794677734375000e-01 -2.925439476966857910e-01 -4.891301095485687256e-01 -1.129940599203109741e-01 -2.234496027231216431e-01 2.591632604598999023e-01 6.558614969253540039e-02 -1.010485365986824036e-01 1.091361194849014282e-01 1.909532845020294189e-01 1.855379790067672729e-01 -6.404044479131698608e-02
-1.944616734981536865e-01 6.295366883277893066e-01 2.118597328662872314e-01 1.538790166378021240e-01 -2.433510869741439819e-02 3.570244610309600830e-01 -1.628835648298263550e-01 7.509602606296539307e-02 4.406876862049102783e-03 -2.039935439825057983e-01 -5.010358691215515137e-01 -5.483512580394744873e-02 -5.046998858451843262e-01 -1.653830111026763916e-01 8.171663433313369751e-02 3.978072106838226318e-02 -4.743413329124450684e-01 -1.981980949640274048e-01 1.594911813735961914e-01 2.591390311717987061e-01 1.808358132839202881e-01 -4.329324662685394287e-01 4.216217696666717529e-01 1.947024315595626831e-01 6.663975119590759277e-02 -3.248326107859611511e-02 3.104067146778106689e-01 5.148464441299438477e-01 1.754418015480041504e-03 4.966922402381896973e-01 2.089917659759521484e-03 -9.711517021059989929e-03
5.044296383857727051e-01 4.396602511405944824e-02 -3.610116243362426758e-02 2.966172620654106140e-02 -4.409671425819396973e-01 5.817496776580810547e-02 -3.306010961532592773e-01 -3.391015529632568359e-01 -3.581201136112213135e-01 5.974499136209487915e-02 -5.316719412803649902e-03 -4.507526382803916931e-02 2.678458094596862793e-01 5.968528985977172852e-02 -8.620025962591171265e-02 -9.497863799333572388e-02 -1.732867360115051270e-01 -3.673438355326652527e-02 -1.384479403495788574e-01 -2.316995561122894287e-01 -2.438204586505889893e-01 1.603573411703109741e-01 1.762086525559425354e-02 -1.330416202545166016e-01 3.495545312762260437e-02 3.626956045627593994e-01 3.675264120101928711e-01 3.197896480560302734e-01 4.168119132518768311e-01 -2.756262421607971191e-01 -8.270065486431121826e-02 1.192150339484214783e-01
-1.611132621765136719e-01 -5.159252882003784180e-02 -1.051535680890083313e-01 -3.839083015918731689e-02 1.987054944038391113e-03 -8.504743874073028564e-02 2.051076292991638184e-01 1.160992980003356934e-01 -2.567256093025207520e-01 3.763427138328552246e-01 -2.670547664165496826e-01 -2.249501943588256836e-01 -3.803453221917152405e-02 -2.201109230518341064e-01 -2.493282556533813477e-01 -9.210502356290817261e-02 -8.953136950731277466e-02 2.522468939423561096e-02 -1.980872452259063721e-01 4.487620294094085693e-02 -7.588580995798110962e-02 1.840099841356277466e-01 1.795854270458221436e-01 -3.533341586589813232e-01 8.666889369487762451e-02 3.398984670639038086e-02 -3.469860255718231201e-01 -7.531742006540298462e-02 -4.941054061055183411e-02 6.292745471000671387e-02 4.118949547410011292e-02 4.526967555284500122e-02
2.479769289493560791e-01 2.486723661422729492e-01 -1.704236567020416260e-01 9.759311564266681671e-03 1.039979308843612671e-01 -2.605492249131202698e-02 2.394162118434906006e-01 -2.835100293159484863e-01 -2.504278123378753662e-01 2.907709777355194092e-02 1.502907872200012207e-01 -1.234467178583145142e-01 -2.570498585700988770e-01 1.000961512327194214e-01 -3.067176938056945801e-01 -3.320247679948806763e-02 4.808807373046875000e-02 1.958038955926895142e-01 -3.610584437847137451e-01 2.184559553861618042e-01 -2.083678394556045532e-01 -2.917818725109100342e-01 1.936668753623962402e-01 1.360934600234031677e-02 3.844609111547470093e-02 2.375003248453140259e-01 2.258010208606719971e-02 2.786863446235656738e-01 6.884080171585083008e-02 1.314201653003692627e-01 2.680363059043884277e-01 -2.910807132720947266e-01
2.977202832698822021e-01 -2.102382481098175049e-03 -3.370108902454376221e-01 6.080391630530357361e-02 -1.740604043006896973e-01 -3.826956450939178467e-02 1.388037949800491333e-01 3.501926362514495850e-02 1.626231968402862549e-01 -1.160707920789718628e-01 4.572346806526184082e-04 3.844182193279266357e-02 -8.229453116655349731e-02 1.364789009094238281e-01 8.616487681865692139e-02 -5.700965970754623413e-02 2.038124203681945801e-01 -3.175848722457885742e-01 4.058316349983215332e-03 -7.188774645328521729e-02 -1.185355708003044128e-01 -5.228571221232414246e-02 -2.190491259098052979e-01 2.061347812414169312e-01 -5.288433656096458435e-02 5.168521404266357422e-01 -1.788098067045211792e-01 -1.031666398048400879e-01 -9.535108506679534912e-02 4.851864278316497803e-02 4.156602323055267334e-01 2.790073752403259277e-01
-8.881017565727233887e-02 -5.970394611358642578e-01 -2.829591557383537292e-02 -2.077688872814178467e-01 -3.843984603881835938e-01 -1.506663262844085693e-01 -8.807960897684097290e-02 -7.870060205459594727e-02 -3.362681269645690918e-01 -2.726391255855560303e-01 -3.282285034656524658e-01 -9.995692223310470581e-02 -1.198444664478302002e-01 2.219300568103790283e-01 -1.479335036128759384e-02 2.396813929080963135e-01 -4.555957913398742676e-01 -1.282107383012771606e-01 -1.422012746334075928e-01 -5.880905389785766602e-01 -3.694886565208435059e-01 2.081704139709472656e-01 3.910375535488128662e-01 2.132302671670913696e-01 9.141731262207031250e-02 -3.107233643531799316e-01 2.013505399227142334e-01 -7.308027893304824829e-02 2.688273191452026367e-01 2.411000579595565796e-01 -1.126098781824111938e-01 -2.669647037982940674e-01
2.471724599599838257e-01 -6.072707474231719971e-04 -1.911450326442718506e-01 4.944596588611602783e-01 -4.703160524368286133e-01 -3.117699027061462402e-01 1.054067537188529968e-01 6.471832096576690674e-02 4.555154144763946533e-01 -8.021251112222671509e-02 -4.861899465322494507e-02 2.048708498477935791e-01 -1.690413951873779297e-01 -6.408135592937469482e-02 9.824924170970916748e-02 3.538474738597869873e-01 1.053710728883743286e-01 -1.198295205831527710e-01 4.896032065153121948e-02 -3.499230444431304932e-01 -1.173410192131996155e-02 2.511399984359741211e-01 -2.601000666618347168e-02 6.179985404014587402e-01 -1.662364602088928223e-01 1.803832203149795532e-01 -2.050880640745162964e-01 2.842560708522796631e-01 -1.942075788974761963e-01 6.531891226768493652e-02 5.049394965171813965e-01 1.773417592048645020e-01
1.277757883071899414e-01 -3.282021358609199524e-02 -1.659713685512542725e-02 5.735896155238151550e-02 6.022287532687187195e-02 -4.438132047653198242e-03 -4.317069053649902344e-01 -2.004464119672775269e-01 -9.175319969654083252e-02 -1.966966092586517334e-01 -2.242270112037658691e-02 4.252619743347167969e-01 -3.245910406112670898e-01 -6.164363026618957520e-02 -2.715059556066989899e-02 3.021309673786163330e-01 1.178014278411865234e-01 -5.892863869667053223e-02 2.383292317390441895e-01 1.180764809250831604e-01 3.154676258563995361e-01 1.402546614408493042e-01 4.645333290100097656e-01 -4.927362874150276184e-02 5.923416018486022949e-01 1.443234980106353760e-01 2.168170809745788574e-01 -4.208209514617919922e-01 2.390201985836029053e-01 3.244652152061462402e-01 6.412455439567565918e-02 1.878269016742706299e-01
-4.347825646400451660e-01 2.178632616996765137e-01 3.436659574508666992e-01 -1.501945108175277710e-01 2.620485424995422363e-01 -1.988001465797424316e-01 -8.567199110984802246e-02 1.852141469717025757e-01 -9.196341037750244141e-03 4.012091159820556641e-01 -5.035140514373779297e-01 -6.387893855571746826e-02 -1.340156197547912598e-01 -8.407347649335861206e-02 -3.132039010524749756e-01 6.127145290374755859e-01 -3.332190215587615967e-02 -2.538996040821075439e-01 -2.498498558998107910e-01 5.575034767389297485e-02 1.261707395315170288e-01 2.342249751091003418e-01 4.292308986186981201e-01 6.727629899978637695e-02 3.512041568756103516e-01 -2.553180754184722900e-01 1.453588455915451050e-01 -4.120541363954544067e-02 1.167891025543212891e-01 -1.881561875343322754e-01 -1.758819222450256348e-01 -8.474840968847274780e-02
1.308803260326385498e-01 -1.743880808353424072e-01 -1.591936051845550537e-01 1.054439842700958252e-01 -4.832407832145690918e-01 8.407232165336608887e-02 1.620188057422637939e-01 -1.648336350917816162e-01 1.396597027778625488e-01 1.345165371894836426e-01 7.035356014966964722e-02 -3.028739094734191895e-01 -1.998417824506759644e-02 5.041150748729705811e-02 8.230172097682952881e-02 -1.380189508199691772e-02 -3.861563652753829956e-02 -1.037621796131134033e-01 -2.161268889904022217e-01 -3.572399914264678955e-01 -2.180888801813125610e-01 -1.198819130659103394e-01 -3.368498384952545166e-01 -2.705172300338745117e-01 -2.339633852243423462e-01 4.619369804859161377e-01 4.705159738659858704e-02 -2.478134036064147949e-01 3.683554828166961670e-01 4.217128828167915344e-02 4.212771952152252197e-01 -1.066890880465507507e-01
-3.286449611186981201e-02 1.765400171279907227e-01 9.630186855792999268e-02 1.397804636508226395e-02 -5.880942940711975098e-02 -2.042258232831954956e-01 4.463031888008117676e-02 9.678144007921218872e-03 1.415953636169433594e-01 1.275089979171752930e-01 1.329296529293060303e-01 1.564188301563262939e-02 -2.141220718622207642e-01 3.871813118457794189e-01 6.692482158541679382e-03 6.118728220462799072e-02 1.870566233992576599e-02 -3.892194032669067383e-01 -2.246102988719940186e-01 3.256506025791168213e-01 8.955533802509307861e-02 -3.679930865764617920e-01 -3.228923678398132324e-02 2.326613068580627441e-01 -1.581987142562866211e-01 2.723264694213867188e-01 -1.946237981319427490e-01 9.968458116054534912e-02 -1.603005677461624146e-01 -9.399910271167755127e-02 -5.647264420986175537e-03 -1.838628798723220825e-01
-2.519076764583587646e-01 -2.631094455718994141e-01 5.951864272356033325e-02 -2.063507437705993652e-01 2.286167889833450317e-01 -4.233854413032531738e-01 3.090263903141021729e-01 -3.969824910163879395e-01 2.575357854366302490e-01 -9.835603833198547363e-02 1.955633908510208130e-01 8.628156036138534546e-02 2.358681708574295044e-02 2.755802869796752930e-02 -1.095088869333267212e-01 3.035378456115722656e-01 2.825156152248382568e-01 -1.774063408374786377e-01 3.988628834486007690e-02 1.297105550765991211e-01 -5.769660696387290955e-02 1.973905265331268311e-01 -1.198499649763107300e-01 -1.593483090400695801e-01 2.566571533679962158e-02 -1.580820232629776001e-02 -2.587010860443115234e-01 7.787407375872135162e-03 -2.942273616790771484e-01 -1.079766452312469482e-01 -1.387529820203781128e-01 -5.404503643512725830e-02
8.258982002735137939e-02 -2.716789767146110535e-02 1.020984128117561340e-01 1.299847066402435303e-01 1.609210968017578125e-01 -3.268517255783081055e-01 -8.996903896331787109e-02 -1.281706988811492920e-01 -6.719521433115005493e-02 -1.667845696210861206e-01 1.471013724803924561e-01 3.859537839889526367e-02 -2.875251173973083496e-01 -1.050464883446693420e-01 7.154417783021926880e-02 5.464302897453308105e-01 3.969254344701766968e-02 5.551924183964729309e-02 -4.598601460456848145e-01 5.809467285871505737e-02 -8.248327672481536865e-02 1.431178301572799683e-01 3.388606309890747070e-01 5.557588115334510803e-02 2.389460802078247070e-01 -1.578540205955505371e-01 1.240380108356475830e-01 -1.757411658763885498e-01 1.654508709907531738e-01 -1.837538182735443115e-01 -1.414827406406402588e-01 -3.610115051269531250e-01
4.704662412405014038e-02 1.548348367214202881e-01 -1.793511211872100830e-03 6.712586432695388794e-02 1.431774497032165527e-01 -1.516053080558776855e-01 6.742751598358154297e-02 2.364948242902755737e-01 2.923977971076965332e-01 1.153223961591720581e-02 8.926693350076675415e-02 3.978133201599121094e-01 3.383530676364898682e-02 -4.089922308921813965e-01 6.056530401110649109e-03 1.347539722919464111e-01 8.707677572965621948e-02 2.497053295373916626e-01 -3.863133862614631653e-02 1.577188447117805481e-02 8.512638509273529053e-02 6.271420121192932129e-01 3.200130760669708252e-01 -9.014856815338134766e-02 2.802453041076660156e-01 -4.531229287385940552e-02 2.046123296022415161e-01 -5.010173469781875610e-02 -2.106180489063262939e-01 -1.494488567113876343e-01 5.480802431702613831e-02 1.107106879353523254e-01
1.542863808572292328e-02 6.991191208362579346e-02 1.945694088935852051e-01 3.266259431838989258e-01 -6.586870551109313965e-02 5.600357055664062500e-02 1.312488764524459839e-01 2.100716531276702881e-02 2.865074872970581055e-01 3.439069390296936035e-01 -9.644424170255661011e-02 1.438657194375991821e-02 1.415136456489562988e-02 -2.470479309558868408e-01 2.471128292381763458e-02 5.510050654411315918e-01 3.356751799583435059e-01 9.531624615192413330e-02 -3.661022484302520752e-01 1.573208272457122803e-01 -8.569487184286117554e-02 6.346686482429504395e-01 2.695380449295043945e-01 -1.705117896199226379e-02 1.563359051942825317e-01 -3.127414286136627197e-01 2.383031845092773438e-01 1.077886298298835754e-01 -1.108050793409347534e-01 8.535129576921463013e-02 2.892817854881286621e-01 4.463950991630554199e-01
-9.213156998157501221e-02 2.320669591426849365e-01 2.652286589145660400e-01 1.039416790008544922e-01 3.403608798980712891e-01 2.307161092758178711e-01 6.691164523363113403e-02 -1.311348676681518555e-01 1.717786490917205811e-02 6.390625238418579102e-01 -4.189795255661010742e-01 1.251190900802612305e-01 -3.201732039451599121e-01 -1.511991322040557861e-01 -2.476170808076858521e-01 9.309798479080200195e-03 -5.366121977567672729e-02 1.036224961280822754e-01 -4.636701047420501709e-01 5.179680585861206055e-01 6.734466552734375000e-02 9.818400442600250244e-02 3.567854762077331543e-01 -5.491296052932739258e-01 2.740694880485534668e-01 3.128633797168731689e-01 5.289636254310607910e-01 8.391438424587249756e-02 6.961759179830551147e-03 -1.268794387578964233e-01 1.408588439226150513e-01 2.774619162082672119e-01
-3.430919349193572998e-01 1.345387101173400879e-01 2.690021395683288574e-01 7.072654552757740021e-03 2.463935017585754395e-01 -2.866111695766448975e-01 -4.027694165706634521e-01 -1.431208252906799316e-01 -3.317041993141174316e-01 -6.677173078060150146e-02 -2.388240396976470947e-01 1.273577213287353516e-01 -1.073435097932815552e-01 2.480751574039459229e-01 -2.891460657119750977e-01 3.386573791503906250e-01 -2.826830446720123291e-01 -1.643102020025253296e-01 -6.683818995952606201e-02 -8.586820214986801147e-02 -3.013242036104202271e-02 -4.563181474804878235e-02 4.267035424709320068e-01 -4.082902520895004272e-02 3.204612433910369873e-01 6.736947223544120789e-03 4.343439042568206787e-01 -1.351081579923629761e-02 2.589595019817352295e-01 2.710303664207458496e-01 -4.521901905536651611e-02 -1.869320422410964966e-01
4.275394082069396973e-01 7.245451211929321289e-03 -2.016660198569297791e-02 1.283003389835357666e-01 -4.053077101707458496e-01 -5.088123679161071777e-02 -2.532058060169219971e-01 -6.658358871936798096e-02 1.557006537914276123e-01 -5.575967207551002502e-02 1.988258212804794312e-01 3.671001791954040527e-01 3.247569799423217773e-01 -3.776983171701431274e-02 3.896401822566986084e-01 -1.792344152927398682e-01 -1.445312798023223877e-01 -1.419296413660049438e-01 -2.589508593082427979e-01 4.220688715577125549e-04 -1.281142830848693848e-01 3.235695064067840576e-01 2.368837296962738037e-01 -1.103168278932571411e-01 9.827086329460144043e-02 6.930352747440338135e-02 4.791013300418853760e-01 -8.250771090388298035e-03 -3.355951011180877686e-01 -1.442078202962875366e-01 1.595053970813751221e-01 2.445648610591888428e-01
2.785534560680389404e-01 3.323960602283477783e-01 3.141540288925170898e-01 1.956547647714614868e-01 -1.292845457792282104e-01 -1.353325247764587402e-01 1.013901084661483765e-01 2.628970742225646973e-01 1.650910079479217529e-01 4.258721470832824707e-01 -1.549624502658843994e-01 2.135102748870849609e-01 3.378954529762268066e-02 -1.511199772357940674e-02 -1.516674607992172241e-01 3.369298577308654785e-01 -6.449417024850845337e-02 -2.380253821611404419e-01 -8.153615146875381470e-02 3.227953910827636719e-01 2.675241231918334961e-02 1.983778476715087891e-01 2.444178760051727295e-01 9.603503346443176270e-02 3.313937783241271973e-01 2.462097257375717163e-01 2.565889656543731689e-01 4.050459340214729309e-02 -1.971775293350219727e-01 -2.791825830936431885e-01 6.111322641372680664e-01 1.727057397365570068e-01
-1.344949454069137573e-01 -1.630264520645141602e-01 -2.409514784812927246e-01 1.381005197763442993e-01 -2.535126209259033203e-01 -8.273883908987045288e-02 -3.028842508792877197e-01 8.941876888275146484e-02 2.045744359493255615e-01 -2.474104762077331543e-01 6.666092574596405029e-02 -1.651931107044219971e-01 3.724678158760070801e-01 2.528611198067665100e-02 -4.429779201745986938e-02 7.238008081912994385e-02 3.626739978790283203e-01 -2.515117824077606201e-01 -1.212565302848815918e-01 3.708362579345703125e-02 1.820004284381866455e-01 -4.316954314708709717e-02 -1.228144466876983643e-01 -4.106996059417724609e-01 -2.445804029703140259e-01 -1.792993843555450439e-01 2.325901389122009277e-01 5.185983702540397644e-02 3.405589237809181213e-02 2.126990258693695068e-01 8.422978222370147705e-02 1.692261099815368652e-01
2.623865902423858643e-01 -2.196580171585083008e-03 -2.634491026401519775e-02 2.492319941520690918e-01 -1.106780022382736206e-02 -1.484851539134979248e-02 -1.764275729656219482e-01 -2.175622135400772095e-01 7.241817563772201538e-02 -2.305979430675506592e-01 1.159042418003082275e-01 -1.013856381177902222e-02 -3.892424702644348145e-01 -2.022258341312408447e-01 1.200885325670242310e-01 4.259683191776275635e-02 2.685869932174682617e-01 1.269685626029968262e-01 2.711307406425476074e-01 8.641209453344345093e-02 2.768812775611877441e-01 -3.407908678054809570e-01 2.362580746412277222e-01 1.902920901775360107e-01 6.314036250114440918e-02 8.078859001398086548e-02 1.654780507087707520e-01 -3.011375665664672852e-01 1.014138758182525635e-02 2.502127885818481445e-01 1.249010488390922546e-02 -8.258237689733505249e-02
-1.041101962327957153e-01 4.549454748630523682e-01 2.395588457584381104e-01 -3.695634379982948303e-02 4.479031562805175781e-01 -2.419437468051910400e-01 -9.066866710782051086e-03 -6.658523529767990112e-02 -1.749813854694366455e-01 3.395115137100219727e-01 -3.039614260196685791e-01 1.714545488357543945e-01 1.382028609514236450e-01 -5.700797587633132935e-02 -6.299100518226623535e-01 1.525013148784637451e-01 -9.941446036100387573e-02 2.458493560552597046e-01 -1.947930753231048584e-01 1.717573031783103943e-02 5.808588862419128418e-02 2.292417883872985840e-01 3.897765278816223145e-01 8.696084842085838318e-03 1.876350194215774536e-01 9.442541748285293579e-02 1.665085405111312866e-01 1.514349281787872314e-01 2.611537575721740723e-01 -9.185224771499633789e-03 1.939486712217330933e-01 -9.309387952089309692e-02
1.148621886968612671e-01 4.072312265634536743e-02 -3.327428698539733887e-01 -3.102092817425727844e-02 -1.977341026067733765e-01 3.777045011520385742e-02 1.489472985267639160e-01 -1.454884707927703857e-01 1.859548985958099365e-01 -3.961524069309234619e-01 -3.230302780866622925e-02 2.663016021251678467e-01 -7.372158169746398926e-01 4.640245065093040466e-02 1.001156568527221680e-01 -1.550861895084381104e-01 1.669114828109741211e-01 2.353551611304283142e-02 -3.222253322601318359e-01 1.414346322417259216e-02 -1.392301321029663086e-01 1.153480410575866699e-01 2.795564532279968262e-01 -4.624174237251281738e-01 3.334715664386749268e-01 -9.320404380559921265e-02 7.261578738689422607e-02 6.299041956663131714e-02 -3.417408466339111328e-02 2.975083887577056885e-01 1.041473299264907837e-01 1.927884854376316071e-02
-1.749415993690490723e-01 -1.592616364359855652e-02 -9.610696882009506226e-02 -1.200566217303276062e-01 -5.732825398445129395e-02 1.962706744670867920e-01 -8.480227738618850708e-02 3.069104254245758057e-02 -3.206405639648437500e-01 -1.072814539074897766e-01 -3.734598457813262939e-01 -1.688794791698455811e-02 -4.612579941749572754e-01 -1.155548021197319031e-01 1.278445422649383545e-01 2.877238392829895020e-01 -7.223711162805557251e-02 -2.338421046733856201e-01 -2.165779769420623779e-01 9.305416047573089600e-02 1.249813139438629150e-01 1.137402206659317017e-01 5.850965976715087891e-01 -1.775998324155807495e-01 3.137458264827728271e-01 -2.213413268327713013e-01 1.768792122602462769e-01 -1.726685911417007446e-01 -1.592377573251724243e-01 1.332273781299591064e-01 -2.169936001300811768e-01 5.799439549446105957e-02
6.925611943006515503e-02 -2.076119780540466309e-01 -3.699519634246826172e-01 1.879698187112808228e-01 -1.856436580419540405e-01 1.574055403470993042e-01 -2.616478204727172852e-01 -6.863564997911453247e-02 -5.070202946662902832e-01 1.907458156347274780e-02 -2.119750082492828369e-01 8.450824767351150513e-02 -9.287729859352111816e-02 -3.986687362194061279e-01 4.257998764514923096e-01 -2.718219161033630371e-01 3.210188448429107666e-01 3.488637506961822510e-03 -2.405751645565032959e-01 1.297836005687713623e-01 3.232321143150329590e-01 4.232786595821380615e-01 2.315908819437026978e-01 -3.724138438701629639e-02 9.602868556976318359e-02 -8.884070068597793579e-02 -2.022579312324523926e-01 -4.371719062328338623e-01 -2.564321756362915039e-01 -3.217525780200958252e-02 -4.529936909675598145e-01 3.662971854209899902e-01
7.339726388454437256e-02 1.228398308157920837e-01 6.247831135988235474e-02 4.500730708241462708e-02 1.571350097656250000e-01 4.255046844482421875e-01 2.637535333633422852e-01 6.617330759763717651e-02 6.819992512464523315e-02 1.997752487659454346e-02 -5.536343455314636230e-01 -2.612159848213195801e-01 4.451774060726165771e-02 -1.719270646572113037e-01 -1.607715189456939697e-01 -9.978472441434860229e-02 -6.592795848846435547e-01 -1.297332793474197388e-01 -1.050045043230056763e-01 2.317500412464141846e-01 5.871261656284332275e-02 -3.390999138355255127e-01 -2.900021374225616455e-01 -2.036572843790054321e-01 -1.452800482511520386e-01 3.958363234996795654e-01 -7.352238893508911133e-02 2.245541512966156006e-01 1.966158151626586914e-01 -2.341660261154174805e-01 -1.057925820350646973e-01 8.090337365865707397e-02
6.202995404601097107e-02 2.381844222545623779e-01 -7.776082307100296021e-02 2.088885456323623657e-01 1.811291649937629700e-02 1.023961454629898071e-01 3.036353290081024170e-01 5.566804111003875732e-02 3.309262990951538086e-01 8.616290241479873657e-02 5.261909961700439453e-02 4.855842590332031250e-01 -1.145376116037368774e-01 -5.162014961242675781e-01 1.646476686000823975e-01 9.707625955343246460e-02 -1.064846888184547424e-01 2.673442959785461426e-01 4.302882403135299683e-02 3.621494174003601074e-01 -4.036333411931991577e-02 4.133419394493103027e-01 1.300926804542541504e-01 -4.206300973892211914e-01 3.269749581813812256e-01 -4.474439471960067749e-02 1.782748252153396606e-01 2.091626971960067749e-01 -3.205247819423675537e-01 5.403640866279602051e-02 1.398847252130508423e-01 2.528593540191650391e-01
-2.319363504648208618e-01 -6.200828030705451965e-02 -2.020317018032073975e-01 2.014261111617088318e-02 2.795391678810119629e-01 -2.220148891210556030e-01 -4.274377971887588501e-02 -1.699021756649017334e-01 -7.902666926383972168e-03 -1.375534534454345703e-01 -2.434083819389343262e-01 -4.281398952007293701e-01 1.835004538297653198e-01 1.073405295610427856e-01 -1.751720309257507324e-01 5.181758105754852295e-02 -1.196809038519859314e-01 1.791389882564544678e-01 -2.356852889060974121e-01 -3.174848854541778564e-01 -9.374814480543136597e-02 4.201918467879295349e-02 -2.380985617637634277e-01 -6.115568801760673523e-03 -3.579816594719886780e-02 -4.100785255432128906e-01 3.432802855968475342e-03 -1.989817619323730469e-01 1.399915665388107300e-01 -3.104395568370819092e-01 -3.009063601493835449e-01 -3.095327615737915039e-01
-2.178720757365226746e-02 4.760274291038513184e-02 3.761892020702362061e-01 1.344371307641267776e-02 3.632694482803344727e-03 -2.737639546394348145e-01 -2.805875241756439209e-01 -2.324967645108699799e-02 -2.775353491306304932e-01 2.194204926490783691e-01 -3.015140593051910400e-01 5.013761669397354126e-02 1.477587521076202393e-01 2.332188189029693604e-01 -2.428504824638366699e-01 6.253027319908142090e-01 -4.410622268915176392e-02 -1.134666502475738525e-01 -1.039830371737480164e-01 3.712707012891769409e-02 3.014928102493286133e-02 1.023586839437484741e-01 2.438176572322845459e-01 3.197051882743835449e-01 1.997365653514862061e-01 -8.212141692638397217e-02 7.094940543174743652e-02 -5.145319271832704544e-03 3.617064356803894043e-01 -1.589819043874740601e-02 -1.381172686815261841e-01 -6.703019142150878906e-02
1.487527415156364441e-02 4.192491769790649414e-01 2.189457714557647705e-01 -7.002379745244979858e-02 -1.062220036983489990e-01 -1.411535292863845825e-01 -2.141623198986053467e-01 -2.015430927276611328e-01 -1.699588596820831299e-01 4.106385111808776855e-01 -2.394492328166961670e-01 3.307646214962005615e-01 -4.207430034875869751e-02 -2.520962357521057129e-01 -7.093571871519088745e-02 -2.108874619007110596e-01 -2.987549602985382080e-01 -1.086675971746444702e-01 -6.115774512290954590e-01 6.971139907836914062e-01 1.897156536579132080e-01 2.726047635078430176e-01 4.694255292415618896e-01 -4.834196567535400391e-01 2.893551290035247803e-01 3.898262679576873779e-01 5.408636331558227539e-01 -9.040786325931549072e-02 -1.063686423003673553e-02 -1.321777254343032837e-01 1.144954711198806763e-01 3.144568204879760742e-01
8.429278433322906494e-02 2.466287612915039062e-01 2.661058604717254639e-01 8.381157182157039642e-03 -1.760603934526443481e-01 6.904105842113494873e-02 2.743495404720306396e-01 1.341336369514465332e-01 9.466276317834854126e-02 5.016857385635375977e-01 -8.444667607545852661e-02 -1.230832487344741821e-01 -1.637381613254547119e-01 -2.393275201320648193e-01 9.597477316856384277e-02 2.651256024837493896e-01 -1.897066831588745117e-01 1.108101159334182739e-01 -7.408572733402252197e-02 -1.696331053972244263e-02 -4.746479392051696777e-01 -1.269620805978775024e-01 -1.837999373674392700e-02 7.009135186672210693e-02 1.477504074573516846e-01 1.619236767292022705e-01 -2.241132557392120361e-01 2.294394932687282562e-02 2.155425772070884705e-02 -5.142425000667572021e-02 3.314780592918395996e-01 -2.378799617290496826e-01
-6.798253953456878662e-02 -3.278208523988723755e-02 -2.587076649069786072e-02 2.173052355647087097e-02 -8.133269548416137695e-01 1.314021050930023193e-01 -5.913481861352920532e-02 -2.920090593397617340e-02 -2.194231450557708740e-01 -7.381033897399902344e-02 -3.253106176853179932e-01 -2.609044611454010010e-01 -2.882520854473114014e-01 -1.299414634704589844e-01 3.907103240489959717e-01 6.167742609977722168e-02 -1.573384404182434082e-01 -1.210910230875015259e-01 -2.105652093887329102e-01 9.822297841310501099e-02 -1.423393040895462036e-01 -2.923695743083953857e-01 1.583650708198547363e-01 -3.233627676963806152e-01 -1.694863662123680115e-03 1.111046783626079559e-02 4.727422893047332764e-01 2.940259575843811035e-01 4.867864027619361877e-02 1.959895715117454529e-02 -2.349540404975414276e-02 -1.448288410902023315e-01
-1.405674964189529419e-01 2.844420373439788818e-01 4.810133948922157288e-02 -2.664377540349960327e-02 -4.326587170362472534e-02 1.129181683063507080e-01 -1.864949911832809448e-01 7.481510937213897705e-02 -1.633469462394714355e-01 1.007583811879158020e-01 -3.734492957592010498e-01 2.578944265842437744e-01 -1.942647546529769897e-01 -5.296587944030761719e-01 -4.008250311017036438e-02 2.490298748016357422e-01 7.083535939455032349e-02 -1.044775247573852539e-01 -1.375382840633392334e-01 4.022369086742401123e-01 4.488911628723144531e-01 5.264371037483215332e-01 4.638698399066925049e-01 -1.702623367309570312e-01 3.684995472431182861e-01 -2.034437060356140137e-01 2.036124020814895630e-01 -5.124419331550598145e-01 -1.125658601522445679e-01 -1.064746379852294922e-01 -1.109083071351051331e-01 1.925642341375350952e-01
-4.642435535788536072e-02 -3.535097837448120117e-02 -8.950240910053253174e-03 -2.191535085439682007e-01 -7.261750102043151855e-02 -6.119479238986968994e-02 -2.710748314857482910e-01 -2.288737334311008453e-02 -3.511486351490020752e-01 4.219583868980407715e-01 -2.226744890213012695e-01 -1.138402745127677917e-01 3.906814008951187134e-02 -2.313253283500671387e-02 8.063132315874099731e-02 -8.817971497774124146e-02 5.044638738036155701e-02 -1.968205273151397705e-01 -1.671307086944580078e-01 1.806022822856903076e-01 8.458384871482849121e-02 1.524940133094787598e-01 4.679943621158599854e-01 -1.113583892583847046e-01 3.881207406520843506e-01 -2.345406711101531982e-01 6.241740658879280090e-02 -4.100088179111480713e-01 -1.456863880157470703e-01 3.173056617379188538e-02 -1.381386220455169678e-01 1.862305104732513428e-01
-1.778631955385208130e-01 1.819248199462890625e-01 2.308589518070220947e-01 4.704609885811805725e-02 4.928462207317352295e-02 3.857538402080535889e-01 1.361008733510971069e-01 2.419003397226333618e-01 3.779207170009613037e-01 3.036938309669494629e-01 -3.607670366764068604e-01 -2.911575734615325928e-01 -1.424801349639892578e-01 -1.141065284609794617e-01 -2.792914807796478271e-01 1.357406675815582275e-01 -1.097838357090950012e-01 -4.132979214191436768e-01 -3.879843950271606445e-01 4.014106988906860352e-01 2.154638469219207764e-01 8.029758930206298828e-02 -9.017415344715118408e-03 -1.091310501098632812e+00 2.705349028110504150e-01 1.133493706583976746e-01 5.731053352355957031e-01 -4.573799669742584229e-02 -3.281636536121368408e-02 -1.136457622051239014e-01 9.622599184513092041e-02 1.822673976421356201e-01
-3.121621310710906982e-01 1.622159034013748169e-03 3.548330962657928467e-01 -4.210793226957321167e-02 4.595161676406860352e-01 -2.170249819755554199e-01 -1.835389994084835052e-03 -1.827651411294937134e-01 -7.232269644737243652e-02 4.557943940162658691e-01 -2.614045739173889160e-01 3.210778534412384033e-02 8.643713593482971191e-02 1.272279620170593262e-01 -1.973135024309158325e-01 3.407727479934692383e-01 2.457434237003326416e-01 5.334207043051719666e-02 -3.684544935822486877e-02 1.643332093954086304e-01 7.011863589286804199e-02 6.035630777478218079e-02 -9.122931957244873047e-02 -9.609428234398365021e-03 2.825164794921875000e-01 -1.447523478418588638e-02 1.797399073839187622e-01 1.954150758683681488e-02 8.642584085464477539e-02 -1.000832021236419678e-01 6.758786737918853760e-02 -5.543725192546844482e-02
-1.830860227346420288e-01 2.165966629981994629e-01 -2.415536344051361084e-01 -1.314015388488769531e-01 3.744090199470520020e-01 -1.068735271692276001e-01 -5.685852468013763428e-02 -7.810498774051666260e-02 -1.642445623874664307e-01 1.816570758819580078e-01 -7.397184520959854126e-02 -5.541243553161621094e-01 2.487009912729263306e-01 4.703527316451072693e-02 -4.379834532737731934e-01 -1.978012174367904663e-02 -1.321943104267120361e-01 1.234053969383239746e-01 1.481954753398895264e-01 -7.725138068199157715e-01 -4.808666408061981201e-01 1.877962797880172729e-01 7.931163907051086426e-02 -1.057811528444290161e-01 -4.227146133780479431e-02 -2.375443130731582642e-01 2.883176505565643311e-01 2.012172192335128784e-01 5.423729419708251953e-01 9.680829197168350220e-02 2.723586559295654297e-01 -2.042889147996902466e-01
1.215185225009918213e-01 1.476483047008514404e-01 1.011433005332946777e-01 8.925194293260574341e-02 -2.671084553003311157e-02 -5.516591072082519531e-01 -3.148415684700012207e-01 -3.221172690391540527e-01 -9.882937371730804443e-02 1.951837837696075439e-01 2.049919664859771729e-01 6.220292299985885620e-02 3.686172962188720703e-01 3.220072090625762939e-01 -2.473327666521072388e-01 3.559958338737487793e-01 4.811546951532363892e-02 6.194960325956344604e-03 2.144234776496887207e-01 -4.684011340141296387e-01 -3.039680123329162598e-01 4.014996886253356934e-01 1.681285202503204346e-01 6.747071444988250732e-02 1.349285691976547241e-01 7.589107379317283630e-03 4.638961255550384521e-01 -1.113039106130599976e-01 7.343724370002746582e-01 -3.600125759840011597e-02 4.727584719657897949e-01 -1.272764205932617188e-01
5.224232375621795654e-02 3.629536181688308716e-02 6.460709869861602783e-02 -3.512990102171897888e-02 2.822396159172058105e-01 1.983241438865661621e-01 2.110870927572250366e-02 -1.408444643020629883e-01 -1.292844414710998535e-01 1.749089360237121582e-01 -2.094864547252655029e-01 -6.128108501434326172e-02 4.700273275375366211e-04 -1.030285134911537170e-01 -3.007212579250335693e-01 -2.455376833677291870e-02 1.968956738710403442e-02 9.176103770732879639e-02 -4.634308069944381714e-02 9.030680358409881592e-02 -1.979323625564575195e-01 2.966928854584693909e-02 -9.128944575786590576e-02 -3.806313872337341309e-02 8.223366737365722656e-02 1.249814257025718689e-01 9.176519513130187988e-02 4.171422421932220459e-01 -2.462556026875972748e-02 -3.303135186433792114e-02 7.306715846061706543e-02 2.120027691125869751e-02
-1.390520930290222168e-01 3.225441277027130127e-01 1.641879081726074219e-01 -1.088330820202827454e-01 2.757095694541931152e-01 1.693655848503112793e-01 3.560714423656463623e-01 2.738237977027893066e-01 2.974803447723388672e-01 2.995539307594299316e-01 2.202412858605384827e-02 -5.287706851959228516e-02 -3.067482411861419678e-01 4.595126211643218994e-02 -2.616570591926574707e-01 8.519048988819122314e-02 2.018443197011947632e-01 -2.524744868278503418e-01 7.893271744251251221e-02 3.241534531116485596e-01 -1.938853114843368530e-01 -1.522583961486816406e-01 1.326536983251571655e-01 -1.953963339328765869e-01 -1.507901549339294434e-01 5.642372965812683105e-01 -7.725101709365844727e-02 1.084424182772636414e-01 -1.165671348571777344e-01 -2.378024160861968994e-03 2.832982242107391357e-01 -9.349909424781799316e-02
3.302488923072814941e-01 1.356942653656005859e-01 -2.043757215142250061e-02 2.463172748684883118e-02 -2.628570795059204102e-01 1.394004672765731812e-01 -1.823510527610778809e-01 -3.063601255416870117e-01 6.006459146738052368e-02 -3.086847662925720215e-01 5.932915210723876953e-02 3.013209104537963867e-01 9.268961846828460693e-02 2.000329196453094482e-01 1.180491596460342407e-01 -4.121952056884765625e-01 -3.513779640197753906e-01 3.578520938754081726e-02 -6.604455411434173584e-02 -1.244703233242034912e-01 -1.699301898479461670e-01 -1.290268450975418091e-02 1.439226716756820679e-01 -3.284723162651062012e-01 -6.807240843772888184e-02 1.390995383262634277e-01 3.704337179660797119e-01 2.616989016532897949e-01 -4.547741711139678955e-01 2.466525584459304810e-01 5.813685432076454163e-02 2.743361890316009521e-02
4.129364192485809326e-01 2.404502332210540771e-01 -2.388004362583160400e-01 5.251441523432731628e-02 -2.597813606262207031e-01 -2.323634028434753418e-01 5.332804471254348755e-02 -1.244850829243659973e-01 -6.634690612554550171e-02 -7.518254220485687256e-02 4.784580767154693604e-01 3.339366018772125244e-01 -1.574061065912246704e-01 -3.534711897373199463e-03 2.705856859683990479e-01 -6.596798449754714966e-02 2.945215106010437012e-01 3.707939013838768005e-02 -3.074252903461456299e-01 9.091144427657127380e-03 -1.399070918560028076e-01 3.022575676441192627e-01 4.807422757148742676e-01 1.670108288526535034e-01 1.914267987012863159e-01 1.754080802202224731e-01 -7.705219089984893799e-02 -7.071586698293685913e-02 -1.164297759532928467e-01 6.143398210406303406e-02 2.030546218156814575e-01 -5.414717644453048706e-02
1.635956615209579468e-01 2.270418107509613037e-01 3.210840523242950439e-01 1.429546177387237549e-01 -3.760113120079040527e-01 -2.833568453788757324e-01 1.119011081755161285e-03 -1.353912353515625000e-01 -1.758601963520050049e-01 2.822060286998748779e-01 5.918727070093154907e-02 8.269033581018447876e-02 -1.531451940536499023e-03 2.301653921604156494e-01 2.609253525733947754e-01 2.916185855865478516e-01 -3.215280771255493164e-01 -1.639041900634765625e-01 -6.400848627090454102e-01 5.885424017906188965e-01 -5.414085835218429565e-02 -3.024325072765350342e-01 3.416074514389038086e-01 1.083458364009857178e-01 2.330576032400131226e-01 7.427173107862472534e-02 1.132664382457733154e-01 -2.773537635803222656e-01 -1.114906221628189087e-01 -3.814949691295623779e-01 2.060305625200271606e-01 -1.105155274271965027e-01
7.486298680305480957e-02 -2.266911044716835022e-02 -4.116712510585784912e-02 -7.069682329893112183e-02 4.201973229646682739e-02 -2.239646464586257935e-01 8.632723987102508545e-02 -1.002107262611389160e-01 -2.169147729873657227e-01 -2.059469372034072876e-02 6.354227662086486816e-03 -2.069747447967529297e-01 1.612046509981155396e-01 3.134730160236358643e-01 -1.388121545314788818e-01 -3.933484256267547607e-01 2.102692425251007080e-01 -8.766096830368041992e-02 4.021824896335601807e-02 -5.009384453296661377e-02 -6.614386290311813354e-02 -1.053326576948165894e-02 5.972876399755477905e-02 8.721998333930969238e-02 1.392257958650588989e-01 1.847855746746063232e-01 -9.415908157825469971e-02 1.531565003097057343e-02 1.148337870836257935e-02 4.308129549026489258e-01 2.598631978034973145e-01 1.986034065485000610e-01
2.538902871310710907e-02 -2.318130731582641602e-01 -6.354916840791702271e-02 -3.502668812870979309e-03 -1.645039916038513184e-01 1.010519117116928101e-01 -3.743659332394599915e-02 1.306934654712677002e-02 -2.966536581516265869e-01 -2.464754134416580200e-02 -1.109545156359672546e-01 -3.188705071806907654e-02 -1.397529840469360352e-01 2.013535611331462860e-02 1.931755244731903076e-01 3.297660648822784424e-01 1.741282641887664795e-01 -2.461099773645401001e-01 -5.060691833496093750e-01 9.507182985544204712e-02 -2.119120582938194275e-02 3.612885177135467529e-01 4.355650246143341064e-01 1.190461814403533936e-01 1.284604519605636597e-01 -3.055444955825805664e-01 -1.255831681191921234e-02 -6.604738533496856689e-02 -2.285749167203903198e-01 -1.128767430782318115e-01 -3.149275779724121094e-01 5.845633894205093384e-02
1.624646633863449097e-01 3.187688291072845459e-01 1.483056694269180298e-01 9.972999244928359985e-02 1.494349539279937744e-01 -1.346403062343597412e-01 3.566389381885528564e-01 -1.728856116533279419e-01 2.335627377033233643e-02 6.552612036466598511e-02 2.710241824388504028e-02 1.956782042980194092e-01 -1.515324413776397705e-01 1.660693809390068054e-02 -3.725522160530090332e-01 -2.505466341972351074e-02 -2.899020910263061523e-05 2.423978969454765320e-02 -1.501241177320480347e-01 4.599504470825195312e-01 -1.851887553930282593e-01 -1.683958172798156738e-01 1.502129435539245605e-01 2.915591374039649963e-02 -5.174141004681587219e-02 5.293161869049072266e-01 -5.372336506843566895e-02 3.068146705627441406e-01 -1.206495761871337891e-01 1.403556764125823975e-02 2.369348555803298950e-01 -4.625668004155158997e-02
-1.407094299793243408e-02 1.774770915508270264e-01 3.647041320800781250e-01 -1.104141622781753540e-01 -3.910996764898300171e-02 -4.413063526153564453e-01 -2.314247786998748779e-01 -1.787884384393692017e-01 -2.390148043632507324e-01 3.623393177986145020e-01 -2.224490940570831299e-01 2.080959081649780273e-01 1.318754553794860840e-01 2.437919974327087402e-01 -1.793130189180374146e-01 4.249463677406311035e-01 -2.864392697811126709e-01 -8.538517355918884277e-02 -2.793532311916351318e-01 7.386353611946105957e-02 -1.971886754035949707e-01 3.486528620123863220e-02 2.608460187911987305e-01 1.607830375432968140e-01 3.387475013732910156e-01 7.453375309705734253e-02 4.009535610675811768e-01 8.064069598913192749e-02 4.407131969928741455e-01 -1.406273245811462402e-02 9.303283691406250000e-02 -4.174627363681793213e-02
