2.009789496660232544e-01 -9.247785061597824097e-02 6.023029685020446777e-01 2.366660684347152710e-01 -2.268121689558029175e-01 -2.414070516824722290e-01 -1.951718777418136597e-01 1.194260567426681519e-01 2.462409138679504395e-01 -3.026627600193023682e-01 3.981812298297882080e-01 2.657979130744934082e-01 5.204439163208007812e-02 -8.780897408723831177e-02 -1.819491982460021973e-01 6.595172733068466187e-02 -1.606839299201965332e-01 -9.672211110591888428e-02 5.063202977180480957e-01 -4.892671704292297363e-01 1.404605209827423096e-01 1.200554892420768738e-02 4.416860938072204590e-01 -1.090924441814422607e-01 -4.051230847835540771e-01 1.944633722305297852e-01 1.036316007375717163e-01 -3.793145716190338135e-02 -3.091269135475158691e-01 -2.701854705810546875e-01 2.385012656450271606e-01 -2.524288594722747803e-01
8.230350166559219360e-02 1.012269034981727600e-01 -1.581499576568603516e-01 1.326749008148908615e-02 3.357347100973129272e-02 -1.603029519319534302e-01 -5.173934698104858398e-01 -2.990427017211914062e-01 -2.211840152740478516e-01 -1.487550139427185059e-02 -7.783574610948562622e-02 -2.102795243263244629e-01 2.583836913108825684e-01 4.174359515309333801e-02 -1.218578517436981201e-01 -1.624489575624465942e-02 -2.150843441486358643e-01 4.677860066294670105e-02 -8.063444495201110840e-02 -5.100564956665039062e-01 -3.992493152618408203e-01 1.735828518867492676e-01 1.354541480541229248e-01 -1.630956120789051056e-02 6.791245192289352417e-02 -3.905518725514411926e-02 4.998076856136322021e-01 -5.228741839528083801e-02 5.584462881088256836e-01 1.429181694984436035e-01 2.012369185686111450e-01 -8.373854309320449829e-02
2.272852808237075806e-01 -2.696915566921234131e-01 -7.872449606657028198e-02 -7.768052816390991211e-02 -2.326435595750808716e-01 -1.434811800718307495e-01 1.137577295303344727e-01 1.208796799182891846e-01 1.418888270854949951e-01 1.772280931472778320e-01 5.137069225311279297e-01 -1.996935307979583740e-01 1.172806024551391602e-01 4.406520426273345947e-01 3.457975983619689941e-01 2.366549372673034668e-01 3.544308841228485107e-01 -3.259254395961761475e-01 -3.580323159694671631e-01 -1.500480324029922485e-01 -3.576544523239135742e-01 -2.976855635643005371e-02 -3.259587883949279785e-01 4.450121819972991943e-01 -2.300714999437332153e-01 3.104053735733032227e-01 -2.361032739281654358e-02 3.829241544008255005e-02 -1.686401292681694031e-02 -3.105183243751525879e-01 1.912607252597808838e-01 1.464289054274559021e-02
1.862315833568572998e-01 2.311274036765098572e-02 -8.039525896310806274e-02 -6.653511524200439453e-02 -6.458528339862823486e-02 1.508045196533203125e-01 -9.952624887228012085e-02 -1.308361887931823730e-01 -3.046914637088775635e-01 -2.946353852748870850e-01 -9.363346546888351440e-02 4.126257449388504028e-02 -8.936981111764907837e-02 8.409916609525680542e-02 1.217401213943958282e-02 -3.900955617427825928e-01 2.800205647945404053e-01 2.335381880402565002e-02 -4.404994845390319824e-02 -1.217454820871353149e-01 -5.608630180358886719e-02 1.051961183547973633e-01 2.837625741958618164e-01 1.402955800294876099e-01 2.507496476173400879e-01 4.932638257741928101e-02 6.674344837665557861e-02 2.534485161304473877e-01 -5.173416435718536377e-02 6.293326020240783691e-01 -8.302608132362365723e-02 3.277197480201721191e-01
3.353643119335174561e-01 2.427692413330078125e-01 4.858185052871704102e-01 2.547303959727287292e-02 -2.162822335958480835e-01 -3.295347094535827637e-01 -1.196188479661941528e-02 9.577348828315734863e-02 -9.610533714294433594e-02 3.427195549011230469e-01 8.932866156101226807e-02 4.641886800527572632e-02 2.105470150709152222e-01 -2.149465680122375488e-02 -3.599159121513366699e-01 1.478785276412963867e-01 -3.007145822048187256e-01 -1.095756888389587402e-01 8.871243149042129517e-02 -3.385031223297119141e-01 -2.410794645547866821e-01 2.465699315071105957e-01 2.997188270092010498e-01 -1.332936584949493408e-01 -1.978915035724639893e-01 3.390565812587738037e-01 3.886800110340118408e-01 4.782648384571075439e-01 2.020923197269439697e-01 -3.671636581420898438e-01 4.282341003417968750e-01 1.104133203625679016e-01
-9.635291993618011475e-03 -4.820327088236808777e-02 3.489457368850708008e-01 -1.994465440511703491e-01 2.479853034019470215e-01 -2.177935093641281128e-01 -1.115134060382843018e-01 -2.352084070444107056e-01 -2.570527791976928711e-01 3.777836859226226807e-01 -6.075628101825714111e-03 1.075688749551773071e-02 7.591456174850463867e-02 4.841267168521881104e-01 6.912334263324737549e-02 1.674388051033020020e-01 6.573283672332763672e-02 -2.205732613801956177e-01 -3.825947269797325134e-02 1.259846240282058716e-01 -1.328180432319641113e-01 -6.302718818187713623e-02 2.585090398788452148e-01 7.132694125175476074e-02 4.612739086151123047e-01 -1.230707466602325439e-01 -6.158807128667831421e-02 -2.060190290212631226e-01 5.775444209575653076e-03 2.026917338371276855e-01 2.540269792079925537e-01 3.020369447767734528e-02
-9.135913103818893433e-03 2.939091622829437256e-02 2.814591675996780396e-02 -1.014265343546867371e-01 -2.104377895593643188e-01 -3.258718922734260559e-02 4.240956008434295654e-01 -1.430715024471282959e-01 -3.122339248657226562e-01 2.187484502792358398e-01 -5.665574222803115845e-02 -1.780471801757812500e-01 -1.722548604011535645e-01 -5.197952687740325928e-02 -2.429467588663101196e-01 -2.361570596694946289e-01 -1.186468526721000671e-01 2.149429768323898315e-01 -3.218007460236549377e-02 -3.388674855232238770e-01 -5.242546796798706055e-01 3.021852672100067139e-01 2.891782224178314209e-01 -1.447324305772781372e-01 1.285499185323715210e-01 9.447889775037765503e-02 -1.902821362018585205e-01 -7.855890691280364990e-02 1.511727273464202881e-01 2.098968178033828735e-01 1.577687710523605347e-01 4.832511022686958313e-02
-1.484857201576232910e-01 3.634927272796630859e-01 3.920225799083709717e-02 6.274144351482391357e-02 9.914197027683258057e-02 1.322866976261138916e-01 -1.324784159660339355e-01 -3.532583713531494141e-01 -3.561124950647354126e-02 2.271204888820648193e-01 -2.384639084339141846e-01 -1.998717784881591797e-01 -2.259541004896163940e-01 -4.383604973554611206e-02 -3.636244833469390869e-01 -1.080744042992591858e-01 -1.600503921508789062e-01 1.300495266914367676e-01 -2.164834178984165192e-02 -1.992303580045700073e-01 -1.333527565002441406e-01 -9.696780890226364136e-02 4.185691475868225098e-01 -3.295798599720001221e-01 1.714413911104202271e-01 2.652963697910308838e-01 5.425836443901062012e-01 4.147449135780334473e-01 2.490813732147216797e-01 9.646275639533996582e-02 3.719727694988250732e-01 -1.383472681045532227e-01
-2.708244025707244873e-01 5.951244831085205078e-01 1.293962597846984863e-01 2.330531924962997437e-01 -2.134536653757095337e-01 4.721797704696655273e-01 9.436541236937046051e-03 3.034488558769226074e-01 -1.260793209075927734e-01 2.336767911911010742e-01 -6.285595893859863281e-01 -3.235158026218414307e-01 -2.577655911445617676e-01 -5.023809075355529785e-01 1.260037422180175781e-01 1.072081178426742554e-02 -4.976259469985961914e-01 1.291989982128143311e-01 -5.751491710543632507e-02 4.948792159557342529e-01 -2.530401945114135742e-02 -1.787050366401672363e-01 3.139141798019409180e-01 -5.652287602424621582e-01 -8.714906871318817139e-02 -1.187659800052642822e-01 1.647984832525253296e-01 -9.359636902809143066e-02 1.871706396341323853e-01 6.878647208213806152e-02 -2.656169421970844269e-02 3.461503982543945312e-02
-1.508711874485015869e-01 -4.078516364097595215e-02 -4.790813028812408447e-01 -1.901918500661849976e-01 -2.943642735481262207e-01 -1.567662954330444336e-01 -2.386406511068344116e-01 6.054347753524780273e-02 -5.619210004806518555e-02 -6.620552390813827515e-02 2.847893834114074707e-01 -1.994584202766418457e-01 1.378056854009628296e-01 4.184387624263763428e-01 4.115860164165496826e-01 -7.127796858549118042e-02 4.566269814968109131e-01 -1.552098095417022705e-01 2.894742041826248169e-02 -8.032484352588653564e-02 -7.379395514726638794e-02 -1.143420785665512085e-01 -4.011387526988983154e-01 4.240708947181701660e-01 -3.325676321983337402e-01 -2.095247991383075714e-02 -6.381432712078094482e-02 -1.601029038429260254e-01 -1.119199991226196289e-01 8.695552498102188110e-02 -2.884313762187957764e-01 1.552366763353347778e-01
5.464806407690048218e-02 8.421344310045242310e-02 2.379466295242309570e-01 -4.684864357113838196e-02 2.791564464569091797e-01 -3.167484104633331299e-01 8.461268991231918335e-02 -2.296523898839950562e-01 -1.290894299745559692e-02 3.962523639202117920e-01 2.792576551437377930e-01 2.242212891578674316e-01 1.839133054018020630e-01 2.107383906841278076e-01 1.767711490392684937e-01 1.158371716737747192e-01 3.337331414222717285e-01 5.352235957980155945e-02 -3.699983656406402588e-01 2.685216665267944336e-01 -2.194802314043045044e-01 1.565008759498596191e-01 2.428510189056396484e-01 1.251423656940460205e-01 2.438456267118453979e-01 -5.557922273874282837e-02 9.432920813560485840e-02 -3.438346087932586670e-01 4.589219018816947937e-02 -1.019934415817260742e-01 -9.355893731117248535e-02 -1.190882548689842224e-01
1.199944317340850830e-01 1.754657626152038574e-01 -6.223077178001403809e-01 -2.431169599294662476e-01 3.208559751510620117e-02 3.022679686546325684e-02 -4.346187412738800049e-02 -1.494070887565612793e-01 -7.268892228603363037e-02 1.273860037326812744e-01 4.603817313909530640e-02 -3.789028525352478027e-01 -8.632924407720565796e-02 3.529897332191467285e-02 -2.737516462802886963e-01 -2.087316811084747314e-01 -1.072083041071891785e-01 1.130810528993606567e-01 -1.801005899906158447e-01 -5.552614927291870117e-01 -6.154779195785522461e-01 2.777794897556304932e-01 -4.297737777233123779e-02 -7.800032198429107666e-02 2.274089902639389038e-01 -1.567683666944503784e-01 4.090293869376182556e-02 2.817340493202209473e-01 2.220314443111419678e-01 -7.267737388610839844e-02 3.222288787364959717e-01 -2.670905292034149170e-01
-2.708211243152618408e-01 -3.955896198749542236e-02 2.454606592655181885e-01 3.819794394075870514e-03 2.506665885448455811e-01 -9.449347853660583496e-03 -7.800932228565216064e-02 -2.879097685217857361e-02 1.023985445499420166e-03 3.714867532253265381e-01 -3.369431793689727783e-01 5.311148613691329956e-02 -1.188923418521881104e-01 -1.344371736049652100e-01 2.030100487172603607e-02 1.984551250934600830e-01 1.973686218261718750e-01 8.245256543159484863e-02 -4.565013945102691650e-01 2.885491549968719482e-01 1.765933930873870850e-01 1.983323991298675537e-01 2.328212931752204895e-02 -8.604885637760162354e-02 2.449089139699935913e-01 -1.763831973075866699e-01 1.119332015514373779e-01 -1.049261465668678284e-01 -8.357805013656616211e-02 -4.113734066486358643e-01 -4.173820018768310547e-01 -1.253082305192947388e-01
5.056097507476806641e-01 -5.527040362358093262e-01 3.583248555660247803e-01 1.568556204438209534e-02 -5.303273200988769531e-01 -1.367982476949691772e-01 -6.034913659095764160e-01 1.232763379812240601e-01 3.109689652919769287e-01 -3.298910707235336304e-02 1.704950928688049316e-01 1.728879511356353760e-01 4.410980939865112305e-01 -1.824474632740020752e-01 5.063624978065490723e-01 1.334170997142791748e-02 -3.106380999088287354e-01 -1.837455779314041138e-01 2.656012177467346191e-01 -5.256549119949340820e-01 1.960112154483795166e-01 -1.293462216854095459e-01 -1.504093408584594727e-01 3.240285217761993408e-01 -3.463153243064880371e-01 5.200074911117553711e-01 4.570326209068298340e-01 1.121551468968391418e-01 5.738131329417228699e-02 -7.590454816818237305e-01 1.506552249193191528e-01 -1.816085278987884521e-01
-1.574385762214660645e-01 2.743525505065917969e-01 3.514703810214996338e-01 1.919171959161758423e-02 1.795563846826553345e-01 -1.380223929882049561e-01 2.445396780967712402e-01 -1.314634978771209717e-01 -1.747517585754394531e-01 5.274609327316284180e-01 -3.249727487564086914e-01 3.594461083412170410e-02 -1.075826287269592285e-01 -1.084682345390319824e-02 -2.924341559410095215e-01 2.598780393600463867e-01 -1.889765262603759766e-01 8.697386085987091064e-02 -4.104579687118530273e-01 3.212999105453491211e-01 -2.781370580196380615e-01 -2.070728689432144165e-03 2.695449814200401306e-02 -2.388961315155029297e-01 4.035064280033111572e-01 2.787984907627105713e-01 3.163111805915832520e-01 3.481628596782684326e-01 1.774450987577438354e-01 -7.683570683002471924e-02 3.089110255241394043e-01 2.173529267311096191e-01
-2.610150873661041260e-01 -2.806594967842102051e-02 1.345152258872985840e-01 -2.822268307209014893e-01 5.241554379463195801e-01 -3.384492099285125732e-01 -2.421067096292972565e-02 -1.721640229225158691e-01 9.508792310953140259e-02 2.491185367107391357e-01 1.106155887246131897e-01 2.379545271396636963e-01 8.877143263816833496e-03 1.320819854736328125e-01 -6.813458353281021118e-02 3.132476806640625000e-01 3.248707354068756104e-01 1.672020405530929565e-01 -1.451233029365539551e-01 1.697779148817062378e-01 5.787421762943267822e-02 1.719682663679122925e-01 2.894480526447296143e-02 1.018254160881042480e-01 2.260724455118179321e-01 8.008264005184173584e-02 6.757815182209014893e-02 -4.507725834846496582e-01 -3.381429240107536316e-03 -2.102532386779785156e-01 -1.405221521854400635e-01 -3.095190823078155518e-01
4.045344591140747070e-01 5.079413950443267822e-02 -1.121838316321372986e-01 -7.715452462434768677e-02 -2.139281183481216431e-01 -1.027304902672767639e-01 3.549410998821258545e-01 -1.428867876529693604e-02 3.488717675209045410e-01 1.187820807099342346e-01 -3.129415214061737061e-03 -1.467214375734329224e-01 -2.794229388236999512e-01 1.543341875076293945e-01 -1.801339238882064819e-01 2.847816050052642822e-01 1.239296495914459229e-01 -5.023165345191955566e-01 -2.435691654682159424e-03 -1.258997321128845215e-01 -2.703299522399902344e-01 -1.712604016065597534e-01 -2.295970171689987183e-02 1.956345140933990479e-01 5.160408020019531250e-01 3.405339121818542480e-01 1.686298698186874390e-01 4.797599613666534424e-01 -1.149234361946582794e-02 -1.940014660358428955e-01 6.634721755981445312e-01 -1.582400649785995483e-01
-1.308804452419281006e-01 5.525681972503662109e-01 2.202306389808654785e-01 1.622864007949829102e-01 8.791138976812362671e-02 2.760648429393768311e-01 1.337424814701080322e-01 1.775571703910827637e-01 1.279036998748779297e-01 1.764207780361175537e-01 -4.367958605289459229e-01 -1.152071654796600342e-01 -4.592691659927368164e-01 -4.319698810577392578e-01 -1.203906722366809845e-02 3.949498236179351807e-01 -3.371790945529937744e-01 -5.463271960616111755e-02 -1.155075654387474060e-01 4.760303497314453125e-01 -2.200100421905517578e-01 -2.508116364479064941e-01 2.551748156547546387e-01 2.681660354137420654e-01 1.176987588405609131e-01 1.322383433580398560e-01 2.330910563468933105e-01 2.007288783788681030e-01 2.018894255161285400e-01 -6.281790137290954590e-02 1.207429766654968262e-01 -1.946318447589874268e-01
-8.367054164409637451e-02 3.566717207431793213e-01 2.575056254863739014e-01 -1.239666342735290527e-01 1.256673485040664673e-01 -1.629722416400909424e-01 1.155297607183456421e-01 -2.305931411683559418e-02 3.512052446603775024e-02 5.100130438804626465e-01 -2.886100113391876221e-01 -1.775510013103485107e-01 -7.669433951377868652e-03 6.102292239665985107e-02 -2.509992718696594238e-01 1.969734579324722290e-02 -3.880764544010162354e-01 -1.987815499305725098e-01 -4.687622189521789551e-01 -2.243550270795822144e-01 -6.274383664131164551e-01 1.676863282918930054e-01 1.212056279182434082e-01 -5.533257722854614258e-01 3.739379048347473145e-01 1.383125633001327515e-01 5.963529348373413086e-01 3.711140155792236328e-01 2.936622500419616699e-01 -9.114618599414825439e-02 5.587788224220275879e-01 1.594197005033493042e-01
-1.270273625850677490e-01 -5.321787297725677490e-02 -9.037706255912780762e-02 3.060833811759948730e-01 -1.952762454748153687e-01 4.209601879119873047e-01 -2.243872359395027161e-02 1.508813500404357910e-01 1.234567388892173767e-01 3.304842114448547363e-01 -6.174407899379730225e-03 -3.736557811498641968e-02 -2.538179755210876465e-01 -1.128842905163764954e-01 3.215407431125640869e-01 4.833413660526275635e-01 -3.978773951530456543e-02 6.490266323089599609e-02 -1.705459952354431152e-01 -8.886674046516418457e-02 -2.681646347045898438e-01 -2.847383730113506317e-02 -2.164031267166137695e-01 -3.772130310535430908e-01 -2.296698465943336487e-02 -1.921961084008216858e-03 -1.067795306444168091e-01 -1.801573336124420166e-01 2.001267522573471069e-01 6.293734908103942871e-02 5.377668514847755432e-02 -2.541857659816741943e-01
-3.216169402003288269e-02 9.491693228483200073e-02 -3.560077846050262451e-01 -2.501183152198791504e-01 4.279717206954956055e-01 -1.369440555572509766e-01 2.525730431079864502e-01 7.368180155754089355e-02 -8.611112833023071289e-03 2.508105039596557617e-01 -7.480291277170181274e-02 -2.620972394943237305e-01 1.506211608648300171e-02 -7.161981612443923950e-02 -4.236170649528503418e-01 3.175913542509078979e-02 -1.112054362893104553e-01 1.523500382900238037e-01 -2.384705543518066406e-01 -3.529421091079711914e-01 -4.195852279663085938e-01 3.144221007823944092e-01 -3.147333115339279175e-02 1.389971375465393066e-01 3.034650683403015137e-01 -1.517827808856964111e-01 3.664954379200935364e-02 3.022689819335937500e-01 2.741888910531997681e-02 -1.171177029609680176e-01 2.624109983444213867e-01 -3.349433541297912598e-01
2.945100963115692139e-01 5.325845628976821899e-02 -1.932385861873626709e-01 7.837354391813278198e-02 -1.121658682823181152e-01 1.485991328954696655e-01 3.375339806079864502e-01 -2.581354975700378418e-01 1.302380561828613281e-01 -1.828595101833343506e-01 -8.432891219854354858e-02 -3.513555526733398438e-01 -1.406153291463851929e-02 -1.707821786403656006e-01 4.475925117731094360e-02 -2.911770641803741455e-01 -3.128979355096817017e-02 3.069401904940605164e-02 -5.951484292745590210e-02 -8.757372200489044189e-02 -1.004474684596061707e-01 -1.063290089368820190e-01 -4.915110021829605103e-02 -6.702484935522079468e-02 -2.263314276933670044e-01 -1.484183520078659058e-01 -1.457240581512451172e-01 -9.519616141915321350e-03 -9.394811093807220459e-02 7.847596704959869385e-02 6.990548968315124512e-02 -8.358153700828552246e-02
-3.284940496087074280e-03 3.073562681674957275e-01 8.774508535861968994e-02 3.369662165641784668e-01 -1.356041282415390015e-01 -6.127332150936126709e-02 -6.121513247489929199e-02 -1.326759904623031616e-01 -1.469715833663940430e-01 -3.384374454617500305e-02 -2.600111663341522217e-01 -3.778051435947418213e-01 -5.090008378028869629e-01 8.392366766929626465e-02 -4.091749191284179688e-01 6.184321641921997070e-01 -9.230790287256240845e-02 -1.893676817417144775e-01 -1.332968473434448242e-01 -1.371425092220306396e-01 -4.078789800405502319e-02 -8.005318045616149902e-02 5.375966429710388184e-01 3.590359091758728027e-01 7.839255034923553467e-02 -8.905497938394546509e-02 3.123118281364440918e-01 2.392008453607559204e-01 4.888908267021179199e-01 7.996196299791336060e-02 3.090164661407470703e-01 -2.415014207363128662e-01
1.552180051803588867e-01 1.734258830547332764e-01 -3.487613052129745483e-02 -1.527070105075836182e-01 -1.080518066883087158e-01 -1.345707774162292480e-01 -1.525096222758293152e-02 -1.681226193904876709e-01 -3.970168232917785645e-01 1.597100198268890381e-01 -1.109911277890205383e-01 -2.579053342342376709e-01 1.643877327442169189e-01 3.654054552316665649e-02 -2.438940852880477905e-01 -1.588256359100341797e-01 -2.363708615303039551e-01 -1.240133345127105713e-01 -2.875348925590515137e-01 -1.960499286651611328e-01 -4.708290696144104004e-01 1.013783514499664307e-01 -1.090236753225326538e-01 -3.061998188495635986e-01 6.490160524845123291e-02 1.177824512124061584e-01 2.415274083614349365e-01 4.755572080612182617e-01 2.979664504528045654e-01 -1.986860036849975586e-01 1.376917511224746704e-01 1.133742183446884155e-02
2.442406266927719116e-01 4.286933690309524536e-02 1.238385811448097229e-01 9.407662600278854370e-02 -2.061175853013992310e-01 1.790288090705871582e-01 -1.666333526372909546e-01 7.181304693222045898e-02 -2.957238256931304932e-01 2.319865226745605469e-01 -4.403573572635650635e-01 1.736921817064285278e-02 -1.876198351383209229e-01 -1.630423963069915771e-01 7.820910215377807617e-02 2.552460432052612305e-01 -3.388462364673614502e-01 -1.952475607395172119e-01 -4.006666839122772217e-01 5.075722336769104004e-01 4.023446738719940186e-01 1.040860265493392944e-01 1.584338396787643433e-01 -1.138790845870971680e-01 1.347214579582214355e-01 4.833274334669113159e-02 3.802979290485382080e-01 -2.383412718772888184e-01 2.540517747402191162e-01 -3.403082787990570068e-01 -2.247709184885025024e-01 3.849573135375976562e-01
1.993015259504318237e-01 -3.247940912842750549e-02 -4.070033431053161621e-01 1.150138154625892639e-01 -3.409206867218017578e-02 -4.437122344970703125e-01 9.808860719203948975e-02 -4.285610914230346680e-01 -2.963295578956604004e-02 -3.611797839403152466e-02 4.946054816246032715e-01 1.466165781021118164e-01 -2.023971229791641235e-01 9.079783409833908081e-02 1.822260022163391113e-01 -2.099521458148956299e-01 2.546742260456085205e-01 4.960975050926208496e-01 -7.199056446552276611e-02 1.952547580003738403e-02 1.094741374254226685e-01 -1.031559258699417114e-01 2.383061349391937256e-01 -4.152522087097167969e-01 2.207215428352355957e-01 -1.376686096191406250e-01 5.476327612996101379e-02 -4.595245122909545898e-01 -5.250459536910057068e-02 5.185944214463233948e-02 1.641552448272705078e-01 -5.409600213170051575e-02
-1.674095690250396729e-01 1.322160959243774414e-01 1.571162790060043335e-02 5.630874261260032654e-02 -3.242114186286926270e-01 4.595874547958374023e-01 -1.412084400653839111e-01 1.103841960430145264e-01 -2.972300350666046143e-01 2.242567837238311768e-01 -4.961857497692108154e-01 -2.964669167995452881e-01 -3.231391608715057373e-01 -5.187852978706359863e-01 3.165964484214782715e-01 9.334892034530639648e-02 -3.512174189090728760e-01 7.021479308605194092e-02 -2.567015588283538818e-03 1.803986430168151855e-01 7.216054201126098633e-02 -1.881954073905944824e-02 3.115345239639282227e-01 -2.637549042701721191e-01 9.141507744789123535e-02 -8.854310959577560425e-02 3.264191150665283203e-01 -3.109143674373626709e-01 2.942421436309814453e-01 -5.390010774135589600e-03 -2.358061969280242920e-01 6.315693259239196777e-02
-1.199395358562469482e-01 -1.295653283596038818e-01 -1.852847337722778320e-01 3.063412010669708252e-01 -5.011512041091918945e-01 -1.957263648509979248e-01 1.625286042690277100e-01 -2.282323688268661499e-02 -6.791260838508605957e-02 1.056190952658653259e-01 -5.140953660011291504e-01 -1.278169453144073486e-01 -2.545424699783325195e-01 -2.649015784263610840e-01 -1.369694620370864868e-01 2.717779576778411865e-01 -1.231270655989646912e-01 -3.300814330577850342e-01 -3.856397271156311035e-01 4.150512814521789551e-02 2.227642834186553955e-01 2.897524535655975342e-01 2.328059077262878418e-01 -4.058819115161895752e-01 1.705454438924789429e-01 -5.437233299016952515e-02 -1.862851381301879883e-01 -8.634719252586364746e-02 -2.238342165946960449e-01 -1.728797256946563721e-01 1.579257249832153320e-01 3.853767737746238708e-02
-1.118756383657455444e-01 -2.490037977695465088e-01 -2.993487119674682617e-01 2.598101198673248291e-01 -4.577982425689697266e-01 -2.228506654500961304e-02 1.771239489316940308e-01 -2.325838357210159302e-01 -1.177854090929031372e-02 -1.440150886774063110e-01 -2.108588814735412598e-01 -4.583579599857330322e-01 -1.765678822994232178e-01 3.247698396444320679e-02 -2.751604616641998291e-01 -4.501559585332870483e-02 -1.664065122604370117e-01 -1.215958148241043091e-01 -2.370137572288513184e-01 -5.142808556556701660e-01 -6.201871111989021301e-02 5.155898630619049072e-03 -1.057721227407455444e-01 -6.083205342292785645e-01 -8.323541283607482910e-02 2.014271616935729980e-01 3.981140628457069397e-02 -1.846652328968048096e-01 3.001904189586639404e-01 9.965634346008300781e-02 5.755209326744079590e-01 -2.813289165496826172e-01
2.283221334218978882e-01 -7.373172789812088013e-03 -1.068677231669425964e-01 -9.662017226219177246e-02 2.323262020945549011e-02 -1.676644384860992432e-01 1.244948506355285645e-01 2.408800870180130005e-01 -2.856624126434326172e-02 -1.455414295196533203e-01 -2.947384119033813477e-01 6.358315795660018921e-02 -1.551850140094757080e-01 -1.998269259929656982e-01 -3.122125566005706787e-01 -5.731074512004852295e-02 2.413119375705718994e-01 -1.915305703878402710e-01 -2.637381851673126221e-01 4.700913280248641968e-02 7.904693484306335449e-02 3.117529749870300293e-01 1.413866728544235229e-01 3.985180556774139404e-01 2.641758136451244354e-02 3.080376088619232178e-01 -3.067323565483093262e-01 3.197479844093322754e-01 -1.106892675161361694e-01 3.060845658183097839e-02 -1.776861846446990967e-01 3.649399876594543457e-01
-1.347719877958297729e-01 7.067799568176269531e-02 2.494684457778930664e-01 -1.717937141656875610e-01 -6.482870876789093018e-02 -1.220051646232604980e-01 -1.687685698270797729e-01 3.160357475280761719e-02 -3.104060292243957520e-01 1.228975877165794373e-01 -4.110189080238342285e-01 8.635826408863067627e-03 3.422882407903671265e-02 1.847263425588607788e-02 -2.464950382709503174e-01 4.330403506755828857e-01 -3.107168674468994141e-01 -4.824505150318145752e-01 -4.895673692226409912e-02 -1.490153819322586060e-01 -2.133678793907165527e-01 3.047900199890136719e-01 5.173346996307373047e-01 7.014166563749313354e-03 2.601419687271118164e-01 -1.724915802478790283e-01 4.647980034351348877e-01 1.528629064559936523e-01 3.338129818439483643e-01 2.319021522998809814e-01 -3.302958235144615173e-02 1.415867656469345093e-01
7.682682946324348450e-03 -4.352634549140930176e-01 -9.639338403940200806e-02 -1.914721727371215820e-02 -7.849720120429992676e-02 -1.371819674968719482e-01 8.132419735193252563e-02 -4.695628881454467773e-01 -1.915234029293060303e-01 1.024350449442863464e-01 -1.092120483517646790e-01 4.318510740995407104e-02 -1.587241441011428833e-01 -7.069133222103118896e-02 8.296728134155273438e-02 -2.279461026191711426e-01 3.348925709724426270e-01 -4.831815883517265320e-02 -2.069239914417266846e-01 -1.310764998197555542e-01 -9.633627533912658691e-02 2.534968554973602295e-01 9.933393448591232300e-02 -5.381039530038833618e-02 3.277991712093353271e-01 2.550300359725952148e-01 -2.562038302421569824e-01 -8.342472463846206665e-02 -3.533353656530380249e-02 2.498862445354461670e-01 2.038126736879348755e-01 1.550445109605789185e-01
-1.077915132045745850e-01 3.319690823554992676e-01 1.807463169097900391e-01 1.214609816670417786e-01 -1.635108739137649536e-01 3.604579567909240723e-01 -4.126641154289245605e-01 -3.779634460806846619e-02 -3.965295553207397461e-01 -4.489542171359062195e-02 -5.202143192291259766e-01 -5.169522017240524292e-02 -2.911187410354614258e-01 -3.735540509223937988e-01 3.133448362350463867e-01 3.575019165873527527e-02 -6.149559020996093750e-01 -1.757988333702087402e-01 -8.488990366458892822e-02 3.938425183296203613e-01 2.315727770328521729e-01 -1.747996807098388672e-01 3.844688534736633301e-01 2.589070424437522888e-02 1.037953644990921021e-01 1.185142621397972107e-01 5.574508309364318848e-01 -8.696735650300979614e-02 1.163914799690246582e-01 4.864587634801864624e-02 -3.366971015930175781e-01 1.245519742369651794e-01
-3.242721855640411377e-01 1.724814772605895996e-01 1.237500086426734924e-01 -5.785850435495376587e-02 3.252978920936584473e-01 2.843346297740936279e-01 -1.939014792442321777e-01 1.457945257425308228e-01 1.348644793033599854e-01 5.771455913782119751e-02 -2.307104468345642090e-01 -1.007018163800239563e-01 9.954944252967834473e-03 5.841327831149101257e-02 3.482653945684432983e-02 -2.816578149795532227e-01 -4.934797286987304688e-01 -4.791092500090599060e-02 3.702690601348876953e-01 1.761710494756698608e-01 3.083667159080505371e-01 -4.196155071258544922e-01 -1.474951803684234619e-01 -3.696488216519355774e-02 -3.569585978984832764e-01 2.580561935901641846e-01 -4.041269049048423767e-02 1.499587148427963257e-01 -8.817657828330993652e-02 -1.144302189350128174e-01 -2.033477425575256348e-01 -1.195900514721870422e-01
8.295480161905288696e-03 -7.165549695491790771e-02 -6.947436928749084473e-02 3.496374785900115967e-01 -1.759852766990661621e-01 2.869580686092376709e-01 1.468266546726226807e-01 7.281353324651718140e-02 7.977917045354843140e-02 2.550122886896133423e-02 -1.030406355857849121e-02 4.775393754243850708e-02 -1.329087316989898682e-01 -2.203422188758850098e-01 2.606734931468963623e-01 1.020170599222183228e-01 4.171823561191558838e-01 -1.646802276372909546e-01 -7.947944104671478271e-02 2.626381814479827881e-01 7.209189236164093018e-02 1.661908328533172607e-01 -5.185023695230484009e-02 -1.991251558065414429e-01 -8.773872256278991699e-02 4.750554859638214111e-01 -2.252625524997711182e-01 6.849501281976699829e-02 -3.005344867706298828e-01 -1.581966131925582886e-02 2.013743668794631958e-01 3.544793725013732910e-01
1.374294757843017578e-01 -8.835320174694061279e-02 -1.456257998943328857e-01 3.939591050148010254e-01 -2.487034350633621216e-01 -8.496060967445373535e-02 2.985619604587554932e-01 -4.106570035219192505e-03 -7.776409387588500977e-02 2.047891020774841309e-01 -2.337167263031005859e-01 8.883903175592422485e-02 -9.492908418178558350e-02 -3.537750542163848877e-01 -2.996105141937732697e-02 2.617295384407043457e-01 1.889069378376007080e-02 5.462275072932243347e-02 -1.110690608620643616e-01 -2.324973940849304199e-01 1.681380122900009155e-01 2.261641025543212891e-01 -8.440205454826354980e-02 -2.101360075175762177e-02 2.108656428754329681e-02 1.160297468304634094e-01 -4.454151093959808350e-01 -1.542130708694458008e-01 -9.974943101406097412e-02 -9.889103472232818604e-02 1.464786082506179810e-01 1.047598421573638916e-01
1.672913581132888794e-01 2.027550041675567627e-01 -2.576943933963775635e-01 -1.130701154470443726e-01 2.069675773382186890e-01 -3.799930810928344727e-01 2.295011132955551147e-01 -1.336824893951416016e-01 -1.659018993377685547e-01 2.726455032825469971e-02 2.789103686809539795e-01 1.945233643054962158e-01 -1.608984172344207764e-02 4.338045716285705566e-01 1.113786995410919189e-01 -6.087500602006912231e-02 1.199644953012466431e-01 -1.798433959484100342e-01 -5.418583154678344727e-01 9.832134842872619629e-02 -3.588331043720245361e-01 1.118759810924530029e-01 -1.205438524484634399e-01 3.576861023902893066e-01 -3.724944218993186951e-02 2.572694420814514160e-01 -3.176282048225402832e-01 -5.364664196968078613e-01 -9.990215301513671875e-03 2.922585606575012207e-01 1.612619310617446899e-01 8.293142169713973999e-02
-3.033886104822158813e-02 3.188408911228179932e-01 -7.391504943370819092e-02 4.751245304942131042e-02 -3.814255595207214355e-01 -5.531769245862960815e-02 -2.898145914077758789e-01 5.165234208106994629e-02 -1.420784890651702881e-01 -3.305519521236419678e-01 -2.181372046470642090e-01 9.391958266496658325e-02 -2.022921741008758545e-01 1.268898695707321167e-01 -2.643062174320220947e-01 -4.955224990844726562e-01 6.522373110055923462e-02 3.366550430655479431e-02 5.219638347625732422e-01 -4.678417742252349854e-02 3.047592639923095703e-01 -2.830346822738647461e-01 4.873005151748657227e-01 1.761219203472137451e-01 3.745046257972717285e-02 7.680238038301467896e-02 1.064559370279312134e-01 1.362633109092712402e-01 -6.180868297815322876e-02 4.781340658664703369e-01 1.714999973773956299e-01 1.810564398765563965e-01
-1.971084028482437134e-01 -2.156734168529510498e-01 8.445362746715545654e-02 -1.211661845445632935e-02 1.934940218925476074e-01 5.889916419982910156e-02 6.562422960996627808e-02 -2.316972613334655762e-01 1.576238870620727539e-01 -1.291580051183700562e-01 -4.139588028192520142e-02 -4.269886910915374756e-01 -1.731078624725341797e-01 -7.464698702096939087e-02 -1.731563061475753784e-01 -2.048055827617645264e-02 6.837814301252365112e-02 -2.509746327996253967e-02 1.621479988098144531e-01 -1.458686888217926025e-01 1.202253699302673340e-01 -1.984674930572509766e-01 -8.326001465320587158e-02 -4.107563495635986328e-01 -2.418542951345443726e-01 1.083599403500556946e-01 1.169988960027694702e-01 -2.897797524929046631e-02 1.044363081455230713e-01 -1.195964515209197998e-01 -1.358175724744796753e-01 -9.500619024038314819e-02
-3.033706843852996826e-01 2.225829660892486572e-01 1.053893938660621643e-01 -1.046659499406814575e-01 1.670812666416168213e-01 1.732717454433441162e-02 8.341611362993717194e-03 1.218856275081634521e-01 -9.352505207061767578e-02 4.591034054756164551e-01 -4.192390292882919312e-02 -3.020011261105537415e-02 -1.474978625774383545e-01 -9.337650984525680542e-02 2.755438685417175293e-01 1.358802020549774170e-01 2.278915345668792725e-01 5.906435474753379822e-02 -2.842383682727813721e-01 3.639434874057769775e-01 -1.404401957988739014e-01 8.422579616308212280e-03 4.120075106620788574e-01 -8.339786529541015625e-02 6.456571817398071289e-02 -4.204671084880828857e-01 7.715205848217010498e-02 -3.547642230987548828e-01 -3.248875439167022705e-01 1.149719804525375366e-01 -1.927287429571151733e-01 -1.081796921789646149e-02
1.986922696232795715e-03 2.550060749053955078e-01 1.395835280418395996e-01 6.170226261019706726e-02 -7.654431462287902832e-02 -2.665789127349853516e-01 -4.634251445531845093e-02 3.950413316488265991e-02 1.257772147655487061e-01 1.444830000400543213e-01 -2.156428098678588867e-01 7.801588624715805054e-02 -3.709899187088012695e-01 -1.050408929586410522e-02 -1.142336055636405945e-01 7.844825387001037598e-01 -7.791318744421005249e-02 -2.545299828052520752e-01 -2.983106970787048340e-01 2.249038219451904297e-01 -1.210570782423019409e-01 7.188574969768524170e-02 4.468833208084106445e-01 4.303638935089111328e-01 4.094302058219909668e-01 -4.468366503715515137e-02 2.159302830696105957e-01 1.119268611073493958e-01 1.603962630033493042e-01 -6.974726915359497070e-03 1.959352344274520874e-01 -1.398958712816238403e-01
-4.505901932716369629e-01 1.552945375442504883e-01 1.209380105137825012e-01 -1.118173599243164062e-01 -2.802618145942687988e-01 2.444868087768554688e-01 -1.205094344913959503e-02 1.980189681053161621e-01 -3.175656795501708984e-01 3.932189047336578369e-01 -2.597247958183288574e-01 -4.616750478744506836e-01 -4.083383083343505859e-01 -2.034806013107299805e-01 3.297364413738250732e-01 7.039853930473327637e-02 -2.170827388763427734e-01 6.211370229721069336e-03 -9.039582312107086182e-02 3.862801194190979004e-02 -2.145427167415618896e-01 -8.519535511732101440e-02 3.947091102600097656e-01 -3.857103884220123291e-01 1.600797325372695923e-01 -2.902968227863311768e-01 1.879466027021408081e-01 -4.934354126453399658e-01 1.672970876097679138e-02 8.954640477895736694e-02 -3.249354660511016846e-03 -1.574136763811111450e-01
2.993935905396938324e-02 -1.041329652070999146e-01 2.674802839756011963e-01 -6.785766035318374634e-02 2.418287098407745361e-02 -3.220111876726150513e-02 -1.057143881916999817e-01 1.470541805028915405e-01 2.823732048273086548e-02 1.593032777309417725e-01 2.553195059299468994e-01 3.348655253648757935e-02 1.697450876235961914e-03 -1.834991872310638428e-01 1.199507527053356171e-02 6.096136569976806641e-02 -1.386536061763763428e-01 -1.052789576351642609e-02 -1.257453709840774536e-01 -2.208771742880344391e-02 -1.828698664903640747e-01 7.308270037174224854e-02 2.086134850978851318e-01 -5.280699580907821655e-02 -9.496857225894927979e-02 1.284876465797424316e-01 3.704773485660552979e-01 4.317864403128623962e-02 -1.163351833820343018e-01 -4.087376594543457031e-01 1.718029975891113281e-01 -4.032680690288543701e-01
-4.220103845000267029e-02 1.046932414174079895e-01 1.756009161472320557e-01 1.135261263698339462e-02 9.462765604257583618e-02 5.749495327472686768e-02 3.846369087696075439e-01 2.085547149181365967e-02 -9.055949747562408447e-03 2.067070007324218750e-01 -5.137034058570861816e-01 1.146873608231544495e-01 -2.501506209373474121e-01 -3.884074985980987549e-01 -2.187347114086151123e-01 1.223588213324546814e-01 -3.488098680973052979e-01 -7.972825318574905396e-02 -5.016276240348815918e-01 3.517668843269348145e-01 4.276476800441741943e-03 3.772740364074707031e-01 1.349017918109893799e-01 -9.977455735206604004e-01 4.001387357711791992e-01 2.743668556213378906e-01 7.382965087890625000e-02 -1.014358997344970703e-01 -1.709547191858291626e-01 -1.896901130676269531e-01 -1.532693207263946533e-01 2.574003934860229492e-01
-3.719305619597434998e-02 -6.474798321723937988e-01 -2.410578429698944092e-01 -2.613849937915802002e-05 -4.386402964591979980e-01 1.968037486076354980e-01 -3.407151438295841217e-03 -2.524544596672058105e-01 -4.866081476211547852e-01 -2.340651154518127441e-01 -4.201947450637817383e-01 -3.711018860340118408e-01 -4.216581583023071289e-01 8.614496886730194092e-02 2.826081775128841400e-02 1.276655122637748718e-02 -4.593805223703384399e-02 -2.051845043897628784e-01 -3.630847036838531494e-01 -2.943502664566040039e-01 -2.370537444949150085e-02 3.611428439617156982e-01 3.614898622035980225e-01 -3.244139850139617920e-01 3.097010850906372070e-01 -2.102627009153366089e-01 2.552933692932128906e-01 -9.531339257955551147e-02 1.022157669067382812e-01 2.452996075153350830e-01 2.370644360780715942e-03 -1.533573679625988007e-02
2.326745837926864624e-01 1.067937538027763367e-01 -2.471197843551635742e-01 4.386936500668525696e-02 1.663888692855834961e-01 5.439570546150207520e-02 -4.385823905467987061e-01 -5.866312980651855469e-02 -2.700680196285247803e-01 1.046998426318168640e-01 -2.934394180774688721e-01 -2.530348896980285645e-01 1.072295904159545898e-01 -1.681376248598098755e-02 -4.999792575836181641e-01 6.775782257318496704e-02 -1.240397170186042786e-01 9.663575887680053711e-02 -6.540045142173767090e-03 -4.897128045558929443e-01 8.743321895599365234e-02 1.832965165376663208e-01 1.859249174594879150e-01 1.098010540008544922e-01 -1.949330419301986694e-02 -2.300315797328948975e-01 3.051773309707641602e-01 6.544682383537292480e-02 4.657961726188659668e-01 1.531976759433746338e-01 7.912105321884155273e-02 1.036470308899879456e-01
-6.235071644186973572e-02 7.477726787328720093e-02 -2.705878913402557373e-01 -2.318156883120536804e-03 7.184693962335586548e-02 -1.924423873424530029e-01 -2.465192079544067383e-01 -3.502830266952514648e-01 -8.276666700839996338e-02 1.983179897069931030e-02 1.560537815093994141e-01 -2.833314538002014160e-01 4.099941253662109375e-02 -4.672449827194213867e-02 -1.117565408349037170e-01 -1.279634535312652588e-01 -9.497763961553573608e-02 1.275544762611389160e-01 -1.681323945522308350e-01 -4.710763096809387207e-01 -3.031846880912780762e-01 5.981286242604255676e-02 3.324014246463775635e-01 -2.179501056671142578e-01 9.176559746265411377e-02 3.789633512496948242e-03 4.197891652584075928e-01 -7.966705411672592163e-02 1.964803636074066162e-01 -8.220979571342468262e-02 2.684427499771118164e-01 -3.693772256374359131e-01
-2.871743738651275635e-01 4.030733108520507812e-01 -1.656665205955505371e-01 2.044371515512466431e-01 4.893823266029357910e-01 7.561430335044860840e-03 3.976904973387718201e-02 3.136088848114013672e-01 -1.870171874761581421e-01 2.787912786006927490e-01 -1.711877286434173584e-01 -2.566330879926681519e-02 -1.636944115161895752e-01 9.715466946363449097e-02 -1.824137270450592041e-01 -7.796549052000045776e-02 4.399933218955993652e-01 7.935146987438201904e-02 5.335599184036254883e-01 1.797500401735305786e-01 2.836848050355911255e-02 -1.154400035738945007e-02 2.648749351501464844e-01 1.933589577674865723e-02 -1.658739447593688965e-01 -1.091212630271911621e-01 -3.828013837337493896e-01 -9.759426862001419067e-02 -1.277681440114974976e-01 6.695128083229064941e-01 2.696162164211273193e-01 2.219006568193435669e-01
2.031092196702957153e-01 -6.841861605644226074e-01 -1.420923173427581787e-01 1.506036221981048584e-01 -9.986580908298492432e-02 -2.107602804899215698e-01 -4.015958309173583984e-02 -2.259330302476882935e-01 -3.191316127777099609e-01 1.023298874497413635e-01 -1.853109598159790039e-01 1.461260020732879639e-01 -5.655822902917861938e-02 2.165381610393524170e-01 3.054228611290454865e-02 -1.623317003250122070e-01 2.312887310981750488e-01 -3.067252635955810547e-01 -6.652486324310302734e-01 1.226551085710525513e-01 2.436354756355285645e-01 1.923588663339614868e-01 2.241126298904418945e-01 -1.479764580726623535e-01 4.173870980739593506e-01 5.287086963653564453e-02 7.384604215621948242e-02 -5.823456048965454102e-01 -2.462988719344139099e-03 -1.605117917060852051e-01 -5.058980360627174377e-02 4.523129761219024658e-02
-4.186217859387397766e-02 2.893387377262115479e-01 -7.475770264863967896e-02 3.471831679344177246e-01 -4.860935807228088379e-01 5.793970823287963867e-01 -2.005259692668914795e-01 1.744677573442459106e-01 -2.544831037521362305e-01 5.807691067457199097e-02 -4.336309134960174561e-01 -1.514203399419784546e-01 -1.131580621004104614e-01 -5.092045068740844727e-01 1.927534639835357666e-01 -8.020281046628952026e-02 -5.850590467453002930e-01 1.950378268957138062e-01 -2.322435379028320312e-03 6.921675056219100952e-02 3.071431815624237061e-02 -1.914614737033843994e-01 -1.270357966423034668e-01 -3.660205304622650146e-01 7.399195805191993713e-03 1.846507340669631958e-01 9.313865005970001221e-02 -1.903370767831802368e-01 4.098591804504394531e-01 4.223910719156265259e-02 -3.868598490953445435e-02 -1.708848625421524048e-01
8.794208616018295288e-02 -1.501224189996719360e-01 -1.550281643867492676e-01 9.923738241195678711e-02 -1.678176820278167725e-01 9.426893293857574463e-02 3.709702491760253906e-01 -3.056844472885131836e-01 1.502057164907455444e-02 -3.679721057415008545e-01 -2.071344852447509766e-01 -5.050888657569885254e-01 -1.700551509857177734e-01 -1.440557241439819336e-01 2.005438357591629028e-01 -4.501312226057052612e-02 6.260962784290313721e-02 -1.878153979778289795e-01 1.747260615229606628e-02 4.423841834068298340e-02 -3.389649093151092529e-02 -3.372597098350524902e-01 -2.757565975189208984e-01 -9.040190279483795166e-02 -1.454126238822937012e-01 -9.104198217391967773e-02 -9.746803343296051025e-02 1.436968892812728882e-01 -7.718187570571899414e-02 -2.857083827257156372e-02 -2.059001475572586060e-01 6.045474484562873840e-02
-3.633943200111389160e-01 -2.904332280158996582e-01 -1.672390997409820557e-01 -2.304380983114242554e-01 -3.535932898521423340e-01 -1.981042921543121338e-01 -7.024272531270980835e-02 -5.973324924707412720e-02 -3.513730168342590332e-01 1.515327394008636475e-01 -2.124030590057373047e-01 -1.642384082078933716e-01 -1.527921855449676514e-01 -2.506499737501144409e-02 4.621198400855064392e-03 2.363579869270324707e-01 -2.083368599414825439e-01 -1.999800950288772583e-01 -1.358357965946197510e-01 -3.140736818313598633e-01 -2.732176780700683594e-01 3.392373919486999512e-01 3.579140007495880127e-01 -4.162754118442535400e-02 2.230322547256946564e-02 -2.094024121761322021e-01 -9.717728197574615479e-02 1.832257956266403198e-02 -1.340930350124835968e-02 -1.764654368162155151e-02 3.889646753668785095e-02 -9.729536622762680054e-02
-1.166807115077972412e-01 -1.072737872600555420e-01 -1.767596304416656494e-01 2.805877029895782471e-01 -4.965189099311828613e-02 2.691844701766967773e-01 -6.915613263845443726e-02 1.859039813280105591e-01 1.982153058052062988e-01 5.626045912504196167e-02 1.953125596046447754e-01 -1.179214268922805786e-01 2.182605713605880737e-01 4.985326901078224182e-02 -8.803865313529968262e-02 2.468765676021575928e-01 -1.380358338356018066e-01 -9.361248463392257690e-02 -4.852338507771492004e-02 -2.259079515933990479e-01 -8.275856077671051025e-02 -1.155035793781280518e-01 -4.711090624332427979e-01 -5.625188350677490234e-01 -2.005870789289474487e-01 1.665157638490200043e-02 -4.144112765789031982e-02 -5.500908941030502319e-02 2.927173376083374023e-01 1.980728507041931152e-01 2.291740328073501587e-01 -6.994023174047470093e-02
-1.058510392904281616e-01 4.463414847850799561e-02 1.067608520388603210e-01 -3.346614539623260498e-02 -6.529636681079864502e-03 -2.002978920936584473e-01 4.358886182308197021e-01 1.168473958969116211e-01 2.752623856067657471e-01 2.908167988061904907e-02 7.004417479038238525e-02 1.774809360504150391e-01 -3.844769597053527832e-01 4.838066175580024719e-02 -4.130831360816955566e-02 5.037958621978759766e-01 2.439975440502166748e-01 -2.946377396583557129e-01 -7.937500625848770142e-02 -9.444990754127502441e-02 -9.511771798133850098e-02 4.014621973037719727e-01 9.766346216201782227e-02 1.032403856515884399e-01 6.212960928678512573e-02 -2.285637110471725464e-01 -3.824687302112579346e-01 3.952144682407379150e-01 -3.081371188163757324e-01 -1.386916190385818481e-01 -1.678562164306640625e-02 -5.695598199963569641e-02
-4.602280557155609131e-01 2.562306821346282959e-01 3.938968777656555176e-01 -4.327764734625816345e-02 2.166820764541625977e-01 -3.293806910514831543e-01 2.733412981033325195e-01 6.132958084344863892e-02 -9.563530236482620239e-02 6.586880087852478027e-01 -3.791219592094421387e-01 -9.794069081544876099e-02 -2.434278577566146851e-01 1.644625961780548096e-01 -2.180299013853073120e-01 4.004641473293304443e-01 7.471644133329391479e-02 -3.064325153827667236e-01 -6.097729802131652832e-01 1.760760545730590820e-01 -2.249552607536315918e-01 4.161576926708221436e-01 3.884011209011077881e-01 -4.836073517799377441e-01 4.516565203666687012e-01 -7.211586087942123413e-02 2.818253040313720703e-01 -1.802489012479782104e-01 4.314080253243446350e-02 -6.807038187980651855e-02 3.536615669727325439e-01 1.711587607860565186e-01
-1.034425646066665649e-01 3.186593949794769287e-01 -1.963511407375335693e-01 1.044615805149078369e-01 -2.012894302606582642e-01 2.528071403503417969e-03 2.821101844310760498e-01 -1.178273931145668030e-02 -1.167556717991828918e-01 -1.291917413473129272e-01 -3.284218311309814453e-01 -1.691781133413314819e-01 1.729489713907241821e-01 -2.788005173206329346e-01 -2.698653936386108398e-01 -2.770977318286895752e-01 4.409159719944000244e-01 9.627050161361694336e-02 5.965021252632141113e-02 3.099633753299713135e-01 -1.683435142040252686e-01 1.988565325736999512e-01 1.800905168056488037e-01 -3.204871416091918945e-01 1.374305933713912964e-01 2.511438429355621338e-01 4.319766536355018616e-02 1.037110239267349243e-01 8.668227493762969971e-02 5.090533494949340820e-01 2.247375696897506714e-01 2.548165619373321533e-01
-2.011987417936325073e-01 2.451823055744171143e-01 -2.274512052536010742e-01 -2.157323062419891357e-01 2.164866179227828979e-01 -9.127683937549591064e-02 2.636333107948303223e-01 -1.425279676914215088e-01 -1.448198854923248291e-01 2.013050615787506104e-01 -1.300594210624694824e-01 -4.075196087360382080e-01 -7.034175097942352295e-02 4.627985879778862000e-02 -3.872374594211578369e-01 -4.890059679746627808e-02 -8.387558907270431519e-02 1.109569966793060303e-01 -2.420268952846527100e-01 -1.617339253425598145e-01 -4.818493425846099854e-01 -1.410795748233795166e-02 -1.185548603534698486e-01 -1.106812208890914917e-01 1.779440641403198242e-01 -7.381196320056915283e-02 1.293221563100814819e-01 3.627102077007293701e-01 1.152532696723937988e-01 -6.638316810131072998e-02 2.800703644752502441e-01 -2.846167683601379395e-01
4.616979509592056274e-02 9.912144392728805542e-02 2.474843859672546387e-01 -2.780961394309997559e-01 2.735063731670379639e-01 -1.672679483890533447e-01 -6.918054819107055664e-02 1.045707911252975464e-01 -2.822920680046081543e-01 5.560945272445678711e-01 -1.825211048126220703e-01 -1.147565990686416626e-02 1.753346174955368042e-01 6.361076235771179199e-02 -2.413958609104156494e-01 7.442755252122879028e-02 1.274704188108444214e-01 1.696393340826034546e-01 1.592900753021240234e-01 -2.408590354025363922e-02 2.924107760190963745e-02 2.809887826442718506e-01 4.451462328433990479e-01 1.612037718296051025e-01 2.230722755193710327e-01 -1.874065846204757690e-01 -3.576990664005279541e-01 -1.777118891477584839e-01 9.531408548355102539e-02 1.027059927582740784e-01 5.494703724980354309e-02 2.498779594898223877e-01
-4.115998744964599609e-03 -9.903465211391448975e-02 -8.477809280157089233e-02 4.597122967243194580e-01 -2.666403055191040039e-01 4.048460721969604492e-02 3.108619451522827148e-01 3.800913691520690918e-02 -4.899954050779342651e-02 3.800842911005020142e-02 -1.900883615016937256e-01 -2.784146070480346680e-01 -2.535809203982353210e-02 -1.468851566314697266e-01 -1.730114370584487915e-01 1.381620019674301147e-01 1.418936997652053833e-02 -1.221676766872406006e-01 -2.010510265827178955e-01 -1.689621806144714355e-01 -1.274628937244415283e-01 4.800540208816528320e-01 3.042648434638977051e-01 -6.704240441322326660e-01 1.905775666236877441e-01 -1.326216105371713638e-02 1.767517924308776855e-01 -1.936423182487487793e-01 1.104426532983779907e-01 1.976484060287475586e-01 4.963765740394592285e-01 2.757484838366508484e-02
1.526338607072830200e-01 -1.250929832458496094e-01 8.735769987106323242e-02 1.843757182359695435e-01 -2.781642079353332520e-01 2.298667132854461670e-01 1.367750484496355057e-02 3.252195119857788086e-01 8.785099536180496216e-02 1.252298057079315186e-01 2.289833724498748779e-01 -1.165655702352523804e-01 1.803880184888839722e-02 1.248763278126716614e-01 4.879054129123687744e-01 3.292505741119384766e-01 4.403331279754638672e-01 -2.493220567703247070e-01 -9.787227213382720947e-02 1.549261659383773804e-01 -2.649115622043609619e-01 -2.532433271408081055e-01 8.027758449316024780e-03 1.963498443365097046e-01 -1.521678268909454346e-01 1.277635432779788971e-02 -9.178587794303894043e-02 1.039204746484756470e-01 -2.275926917791366577e-01 -1.692683547735214233e-01 2.599162235856056213e-02 -1.370775699615478516e-01
3.965285420417785645e-02 -2.903843298554420471e-02 -1.218591406941413879e-01 1.882252991199493408e-01 -1.893734484910964966e-01 -1.973557174205780029e-01 -2.141233086585998535e-01 -2.311933040618896484e-01 -8.422525227069854736e-02 -5.003893002867698669e-02 5.868417024612426758e-02 4.774012565612792969e-01 -2.115621864795684814e-01 -1.930466890335083008e-01 -1.218806952238082886e-03 3.587388694286346436e-01 3.291563093662261963e-01 -1.050510108470916748e-01 1.288495659828186035e-01 1.980985254049301147e-01 3.139514029026031494e-01 4.544497132301330566e-01 5.019699335098266602e-01 1.525583490729331970e-02 4.276597499847412109e-01 -5.384242534637451172e-02 -5.649913847446441650e-02 -5.953909754753112793e-01 -5.216711387038230896e-02 1.188296899199485779e-01 5.746989324688911438e-02 3.417671620845794678e-01
-6.056923791766166687e-02 -3.022506646811962128e-02 -1.308752894401550293e-01 -6.362335383892059326e-02 1.075400710105895996e-01 -5.688479542732238770e-02 1.324967481195926666e-03 4.171717166900634766e-01 2.969160676002502441e-01 9.035944938659667969e-03 3.763549029827117920e-03 5.643091350793838501e-02 2.523897588253021240e-02 1.122976690530776978e-01 -8.756503462791442871e-02 5.605591833591461182e-02 1.105707064270973206e-01 -3.776575922966003418e-01 -1.179911270737648010e-01 3.881344795227050781e-01 1.109734177589416504e-01 -2.205623984336853027e-01 -1.986698508262634277e-01 -1.983938366174697876e-01 -2.738033235073089600e-01 2.463160902261734009e-01 -9.872649610042572021e-02 7.744698226451873779e-02 -7.738740742206573486e-02 -1.198537051677703857e-01 1.570695638656616211e-01 1.894094049930572510e-02
1.969334110617637634e-02 -1.269825398921966553e-01 -1.920784413814544678e-01 1.842509508132934570e-01 -4.117116928100585938e-01 -2.424293756484985352e-02 5.417301505804061890e-02 4.007006883621215820e-01 -2.317874133586883545e-01 2.110351622104644775e-02 -3.941175639629364014e-01 -2.098188102245330811e-01 -6.282115727663040161e-02 -2.590358853340148926e-01 -1.736324727535247803e-01 7.192952930927276611e-02 -2.526163756847381592e-01 -5.283980816602706909e-02 -2.140052616596221924e-01 1.061927527189254761e-03 2.478065490722656250e-01 3.414437174797058105e-01 5.260561108589172363e-01 -4.821800887584686279e-01 -1.696510910987854004e-01 -2.977070510387420654e-01 -5.667982995510101318e-02 5.507457256317138672e-02 -3.942923247814178467e-02 -1.679043620824813843e-01 -1.300676316022872925e-01 1.799176186323165894e-01
-2.392587512731552124e-01 1.203000769019126892e-01 1.579400748014450073e-01 -1.651999168097972870e-02 4.257461428642272949e-01 -1.436321735382080078e-01 1.323101520538330078e-01 3.167690336704254150e-02 2.727323472499847412e-01 2.555387020111083984e-01 -7.261344045400619507e-02 4.516711086034774780e-02 -2.356658130884170532e-01 1.271785944700241089e-01 -3.281791508197784424e-01 2.500764131546020508e-01 7.850819826126098633e-02 5.992911756038665771e-04 2.649277448654174805e-02 1.315519809722900391e-01 1.045442670583724976e-01 -1.734361946582794189e-01 6.079042702913284302e-02 1.310539692640304565e-01 1.124382466077804565e-01 2.557465434074401855e-01 -2.143293917179107666e-01 5.986267700791358948e-02 -7.785998284816741943e-02 -2.372221052646636963e-01 1.433544978499412537e-02 -4.048369228839874268e-01
2.295305132865905762e-01 5.389644503593444824e-01 3.223553299903869629e-03 1.594498604536056519e-01 -2.556470632553100586e-01 1.228988170623779297e-02 2.517095208168029785e-01 3.588794916868209839e-02 2.671135663986206055e-01 -3.685267269611358643e-01 4.614587500691413879e-02 2.243438959121704102e-01 -7.100199460983276367e-01 -1.304637193679809570e-01 -1.604683548212051392e-01 -1.989866495132446289e-01 1.426395177841186523e-01 1.575982421636581421e-01 8.919014781713485718e-02 2.623085379600524902e-01 8.042454719543457031e-02 -3.354595899581909180e-01 3.073776364326477051e-01 1.427493989467620850e-01 -1.060250997543334961e-01 1.962774395942687988e-01 -5.220222845673561096e-02 3.529052436351776123e-01 -1.086721569299697876e-01 4.254001080989837646e-01 8.465760946273803711e-02 -5.700291320681571960e-02
-1.560034155845642090e-01 -1.720750927925109863e-01 -1.833655536174774170e-01 -1.119289547204971313e-01 9.703934192657470703e-02 4.135757684707641602e-02 5.144180059432983398e-01 -6.985905021429061890e-02 2.639324367046356201e-01 -1.599308401346206665e-01 -1.668341159820556641e-01 -4.739554822444915771e-01 -2.273528873920440674e-01 3.071406669914722443e-02 -1.800224035978317261e-01 7.388714700937271118e-02 -5.151133984327316284e-02 -1.540793329477310181e-01 1.055332645773887634e-01 -1.598049402236938477e-01 -3.681075274944305420e-01 -1.596626937389373779e-01 -4.791861474514007568e-01 5.316447839140892029e-02 -1.773467063903808594e-01 -9.723646193742752075e-02 -2.737054526805877686e-01 3.082563281059265137e-01 -1.852400228381156921e-02 -2.462023794651031494e-01 -1.421703994274139404e-01 -3.029837012290954590e-01
1.501716375350952148e-01 4.442393779754638672e-02 1.984144747257232666e-01 1.618946343660354614e-02 -4.672381281852722168e-02 8.660812675952911377e-02 -2.185605019330978394e-01 3.360240906476974487e-02 -5.062836408615112305e-02 8.594959229230880737e-02 -3.452699780464172363e-01 2.533850073814392090e-02 -2.580803036689758301e-01 -1.933873891830444336e-01 -1.328957974910736084e-01 5.395781397819519043e-01 4.957646131515502930e-03 -2.284272164106369019e-01 2.141060531139373779e-01 -3.568840771913528442e-02 6.221622228622436523e-02 3.660814166069030762e-01 2.153404504060745239e-01 2.391367256641387939e-01 1.043985337018966675e-01 -5.819873511791229248e-02 2.038706839084625244e-01 2.567470967769622803e-01 1.771696656942367554e-01 3.057472780346870422e-02 -7.391824573278427124e-02 2.843383550643920898e-01
8.037750422954559326e-02 -1.615320742130279541e-01 -7.369466871023178101e-02 -3.787754103541374207e-02 -1.676436513662338257e-01 4.985927045345306396e-02 -8.536282181739807129e-02 5.698484182357788086e-02 -3.425270318984985352e-01 -2.850476801395416260e-01 -8.893769234418869019e-02 2.547731995582580566e-02 -2.377301603555679321e-01 9.429354965686798096e-02 2.668587565422058105e-01 3.971692323684692383e-01 1.161533594131469727e-02 -3.804980814456939697e-01 -2.838964760303497314e-01 4.062712192535400391e-02 1.687969267368316650e-01 3.336040675640106201e-01 5.538855791091918945e-01 4.634551703929901123e-03 1.477376967668533325e-01 -4.369977712631225586e-01 4.212861880660057068e-02 -2.740958631038665771e-01 -1.509285569190979004e-01 -1.244392395019531250e-01 -3.967671096324920654e-01 7.176740467548370361e-02
-2.745500579476356506e-02 4.663781821727752686e-01 2.980635166168212891e-01 1.095841974020004272e-01 -6.602428853511810303e-02 3.019228577613830566e-02 1.630923300981521606e-01 -3.229126930236816406e-01 2.561493217945098877e-02 1.124624907970428467e-02 -1.786836981773376465e-01 1.346990466117858887e-01 -3.317278027534484863e-01 -7.213667035102844238e-02 -4.193527102470397949e-01 -2.077216207981109619e-01 -7.290396839380264282e-02 7.673846185207366943e-02 3.740620613098144531e-02 1.618522703647613525e-01 1.021866649389266968e-01 8.239829540252685547e-02 8.209778070449829102e-01 -5.759666562080383301e-01 5.234974250197410583e-02 2.702023088932037354e-01 3.374576270580291748e-01 4.017868638038635254e-01 -7.778618484735488892e-03 3.163385391235351562e-01 5.509159564971923828e-01 -9.561132639646530151e-02
1.757551878690719604e-01 1.062952205538749695e-01 1.266717910766601562e-01 -4.153794795274734497e-02 1.659116148948669434e-01 -7.164783775806427002e-02 -2.577354311943054199e-01 -1.619954407215118408e-02 -3.004033863544464111e-02 1.000629439949989319e-01 -3.611794114112854004e-01 1.745895296335220337e-02 5.285936594009399414e-02 -3.240130096673965454e-02 -5.843222141265869141e-01 2.090990543365478516e-01 2.313479781150817871e-02 -2.590254247188568115e-01 3.437536954879760742e-01 4.643011838197708130e-02 4.958258867263793945e-01 -1.517446935176849365e-01 2.835019528865814209e-01 -1.686819642782211304e-02 2.215100675821304321e-01 2.065645456314086914e-01 7.700629532337188721e-02 -6.076750531792640686e-02 2.356724143028259277e-01 1.745263040065765381e-01 2.986727356910705566e-01 9.080283343791961670e-02
1.956503987312316895e-01 1.017032638192176819e-01 1.890163719654083252e-01 3.263484314084053040e-02 -1.741588860750198364e-01 -2.421339899301528931e-01 1.071382034569978714e-02 -1.206719130277633667e-02 -2.587245106697082520e-01 -1.623675227165222168e-03 2.182905375957489014e-01 1.579966843128204346e-01 -2.043188363313674927e-02 3.718731105327606201e-01 1.177559345960617065e-01 3.521339893341064453e-01 1.019824966788291931e-01 -1.496978998184204102e-01 -3.223546445369720459e-01 2.815419137477874756e-01 -2.242312133312225342e-01 -3.710202127695083618e-02 3.504481017589569092e-01 4.081111252307891846e-01 1.567864120006561279e-01 -1.215254738926887512e-01 -1.411391496658325195e-01 -2.117986381053924561e-01 -4.113459959626197815e-03 -1.037921011447906494e-01 -1.412136852741241455e-01 -1.510073691606521606e-01
-1.845256835222244263e-01 -9.842706471681594849e-02 1.811534762382507324e-01 -4.346074908971786499e-02 -5.373189598321914673e-02 1.833083927631378174e-01 -1.135554015636444092e-01 9.080989658832550049e-02 -2.346847355365753174e-01 2.663349807262420654e-01 -4.214492142200469971e-01 -1.504944860935211182e-01 -1.458390057086944580e-01 -1.680230796337127686e-01 -6.968309730291366577e-02 5.625715851783752441e-01 -2.890782058238983154e-01 -8.986441791057586670e-02 -2.567448616027832031e-01 -1.821744441986083984e-02 -5.683949962258338928e-02 1.438300460577011108e-01 3.755604028701782227e-01 1.135129332542419434e-01 5.092434585094451904e-02 -2.461242973804473877e-01 1.905966252088546753e-01 3.458061814308166504e-02 2.538349032402038574e-01 -1.405873745679855347e-01 -1.926281750202178955e-01 6.607075780630111694e-02
1.499656885862350464e-01 -2.667150497436523438e-01 -7.856193929910659790e-02 1.905058175325393677e-01 -1.650278121232986450e-01 1.942549347877502441e-01 -6.802001595497131348e-02 2.388414740562438965e-02 4.669339954853057861e-02 1.043545976281166077e-01 2.299283444881439209e-01 -3.878616094589233398e-01 2.330925017595291138e-01 1.550405323505401611e-01 2.755401134490966797e-01 2.060573101043701172e-01 3.439405262470245361e-01 -2.049745619297027588e-01 -3.420107066631317139e-02 -2.735177576541900635e-01 -9.174703061580657959e-02 1.239972263574600220e-01 -2.352195084095001221e-01 -3.523530066013336182e-01 -1.486775875091552734e-01 -8.871004730463027954e-02 1.539999246597290039e-02 -3.400552570819854736e-01 2.165414392948150635e-01 1.066714823246002197e-01 4.255629703402519226e-02 2.028503082692623138e-02
1.191030442714691162e-01 -2.189406752586364746e-01 1.249241828918457031e-01 1.375349164009094238e-01 -1.461188197135925293e-01 -3.884154260158538818e-01 -2.353967130184173584e-01 -3.360747098922729492e-01 -1.397285461425781250e-01 1.778199523687362671e-02 1.863411813974380493e-01 -3.090829402208328247e-02 -1.677244901657104492e-01 8.392266929149627686e-02 1.544948667287826538e-01 4.931299984455108643e-01 3.720438778400421143e-01 -5.182970315217971802e-03 -2.659643888473510742e-01 1.033162325620651245e-01 1.306869685649871826e-01 2.171491086483001709e-01 7.147116214036941528e-02 3.113388419151306152e-01 1.106138825416564941e-01 -2.616589069366455078e-01 -1.516983956098556519e-01 -3.362433016300201416e-01 1.143175661563873291e-01 -1.560437828302383423e-01 -2.515778839588165283e-01 7.795526180416345596e-03
2.488799244165420532e-01 -4.008417204022407532e-02 5.976578593254089355e-02 1.574496626853942871e-01 -7.250860333442687988e-02 -5.785458534955978394e-02 -2.299861758947372437e-01 -5.902484804391860962e-02 5.096564441919326782e-02 -1.526278406381607056e-01 4.566358774900436401e-02 -1.649666130542755127e-01 -3.444001674652099609e-01 7.678594440221786499e-02 1.393139064311981201e-01 3.775219619274139404e-01 -1.944285035133361816e-01 1.349198967218399048e-01 -2.856250107288360596e-01 -9.967743605375289917e-02 1.072756946086883545e-01 -2.485488206148147583e-01 1.002661287784576416e-01 5.496266484260559082e-01 -3.086878955364227295e-01 3.491906076669692993e-02 1.460576653480529785e-01 8.745685964822769165e-02 3.650441765785217285e-01 -3.158032894134521484e-01 -2.595276534557342529e-01 -3.950311243534088135e-01
7.495620846748352051e-02 -2.102012634277343750e-01 -1.497686505317687988e-01 -3.328166902065277100e-02 -1.124813258647918701e-01 -5.302748456597328186e-02 -1.340947598218917847e-01 -7.322773337364196777e-02 -4.649406373500823975e-01 -5.798516273498535156e-01 1.904846727848052979e-01 2.872340977191925049e-01 -8.488199114799499512e-02 3.649584054946899414e-01 5.846718698740005493e-02 -1.553439199924468994e-01 1.971265524625778198e-01 -7.459975779056549072e-02 3.413945436477661133e-01 -3.142498135566711426e-01 8.470633625984191895e-02 1.851369142532348633e-01 5.059654116630554199e-01 7.487717270851135254e-02 2.326107174158096313e-01 -2.300480455160140991e-01 3.221640363335609436e-02 -3.213280141353607178e-01 4.908914491534233093e-02 4.685408473014831543e-01 -1.673036664724349976e-01 -2.681380882859230042e-02
2.118150889873504639e-02 -1.497914493083953857e-01 -1.212458536028862000e-01 -3.967719078063964844e-01 -4.880691319704055786e-02 -5.192645639181137085e-02 -2.117454707622528076e-01 3.093370795249938965e-02 -3.502623736858367920e-01 -3.092312440276145935e-02 -4.566553533077239990e-01 -4.715586453676223755e-02 -2.519537135958671570e-02 2.451599836349487305e-01 -2.041689455509185791e-01 2.304559051990509033e-01 -1.205319091677665710e-01 -4.036057591438293457e-01 -3.962180390954017639e-02 -1.469542831182479858e-01 -4.070771485567092896e-02 6.994806230068206787e-02 3.731447458267211914e-01 1.605403870344161987e-01 3.526655733585357666e-01 -2.475406527519226074e-01 -7.071748375892639160e-02 1.870349794626235962e-01 -4.526271298527717590e-02 3.226307034492492676e-01 -2.161295413970947266e-01 1.553230732679367065e-01
2.254018038511276245e-01 -1.316125690937042236e-01 1.449820101261138916e-01 -1.719575971364974976e-01 7.974222302436828613e-03 -3.561541810631752014e-02 2.447368577122688293e-03 -5.175511538982391357e-02 -3.155405819416046143e-01 3.387656509876251221e-01 -4.067776501178741455e-01 7.051289081573486328e-03 8.462172746658325195e-02 -1.912703514099121094e-01 -3.797869980335235596e-01 7.805861532688140869e-03 1.320803910493850708e-02 8.443251252174377441e-02 -8.550886064767837524e-03 -2.480534836649894714e-03 7.162061333656311035e-02 3.421848416328430176e-01 3.060472607612609863e-01 -2.505880035459995270e-02 3.040294945240020752e-01 1.890970021486282349e-01 -4.141039550304412842e-01 6.900767236948013306e-02 8.658556640148162842e-02 2.393401712179183960e-01 1.305412650108337402e-01 3.364512920379638672e-01
3.228584825992584229e-01 1.043867245316505432e-01 -4.055148661136627197e-01 2.631692960858345032e-02 -2.135918587446212769e-01 -2.193274050951004028e-01 -2.398089766502380371e-01 -3.053852915763854980e-01 5.132749676704406738e-03 -1.927942633628845215e-01 3.623449802398681641e-01 -3.496379777789115906e-02 -8.048244565725326538e-02 -6.119046360254287720e-02 8.451145142316818237e-02 -3.604260981082916260e-01 -2.421111464500427246e-01 5.057161450386047363e-01 1.750870943069458008e-01 -6.122621297836303711e-01 -1.053206920623779297e-01 7.052764296531677246e-02 4.394561648368835449e-01 -3.474723994731903076e-01 -1.374603956937789917e-01 -3.468067049980163574e-01 1.727839410305023193e-01 -4.179389774799346924e-02 -1.924654468894004822e-02 5.037277936935424805e-03 3.169245421886444092e-01 -1.273579299449920654e-01
-1.008236408233642578e-02 -6.952627003192901611e-02 2.098983824253082275e-01 -2.124452441930770874e-01 4.192834496498107910e-01 4.189708828926086426e-02 1.014937181025743484e-02 -1.336493194103240967e-01 -5.184067040681838989e-02 1.936523616313934326e-01 -3.445494472980499268e-01 1.842275559902191162e-01 -1.790014654397964478e-02 -6.152173876762390137e-02 -2.632768154144287109e-01 2.993742227554321289e-01 1.657453179359436035e-01 1.663632690906524658e-01 2.318650484085083008e-02 1.057785451412200928e-01 1.889731287956237793e-01 5.169548094272613525e-04 -1.195139586925506592e-01 8.809198439121246338e-02 1.675632596015930176e-01 9.026438742876052856e-02 -4.476907104253768921e-02 3.117851316928863525e-01 1.216956675052642822e-01 -1.350706815719604492e-02 -3.256827890872955322e-01 1.016577854752540588e-01
2.604863643646240234e-01 4.452044516801834106e-02 -1.909665167331695557e-01 2.782667428255081177e-02 -2.711732387542724609e-01 -1.586822867393493652e-01 9.110005199909210205e-02 -5.297422409057617188e-02 1.297602951526641846e-01 -8.348403126001358032e-02 3.907931149005889893e-01 -3.370166942477226257e-02 -2.251141667366027832e-01 -1.331486403942108154e-01 4.111128300428390503e-02 -5.369430035352706909e-02 -3.147353231906890869e-01 1.759318411350250244e-01 9.503690153360366821e-02 -5.892120003700256348e-01 -2.877452075481414795e-01 2.822229564189910889e-01 3.662354350090026855e-01 -3.258551657199859619e-01 -1.814983785152435303e-03 -4.408829510211944580e-01 -1.298702694475650787e-02 -1.651668176054954529e-02 -3.464829325675964355e-01 -1.832297444343566895e-01 3.812806606292724609e-01 -2.208133935928344727e-01
3.907411098480224609e-01 -1.086850538849830627e-01 4.751945436000823975e-01 1.000729948282241821e-01 -3.130901604890823364e-02 -3.853287100791931152e-01 -4.198507368564605713e-01 -2.920818924903869629e-01 7.294499129056930542e-02 2.540042400360107422e-01 2.986312806606292725e-01 2.193779647350311279e-01 5.973542928695678711e-01 1.410918533802032471e-01 1.911379247903823853e-01 -1.875921487808227539e-01 -1.629370152950286865e-01 1.208975911140441895e-01 7.305964827537536621e-04 5.646004527807235718e-02 1.858005523681640625e-01 -8.411318063735961914e-02 1.670666038990020752e-01 1.959912329912185669e-01 -1.629883199930191040e-01 5.298806428909301758e-01 4.572192430496215820e-01 -1.836180686950683594e-01 2.861098647117614746e-01 -3.961281478404998779e-01 1.884373575448989868e-01 -5.457825213670730591e-02
-2.447751164436340332e-02 1.569744050502777100e-01 -7.095238566398620605e-02 2.681198716163635254e-02 2.685950398445129395e-01 5.170294642448425293e-01 2.177987247705459595e-01 -6.049561500549316406e-02 4.361313283443450928e-01 -1.308275759220123291e-01 -3.013125658035278320e-01 -1.293446570634841919e-01 -1.271507441997528076e-01 -2.731723487377166748e-01 -2.618662454187870026e-02 -3.897930681705474854e-02 -3.734531700611114502e-01 9.300407767295837402e-02 4.332137107849121094e-01 -1.413882374763488770e-01 -3.141690492630004883e-01 -2.537460327148437500e-01 -1.086996644735336304e-01 -1.086608171463012695e-01 -2.490218728780746460e-02 3.006838858127593994e-01 1.992504000663757324e-01 3.908424675464630127e-01 1.683783158659934998e-02 1.378535926342010498e-01 -6.677611172199249268e-02 -1.293234974145889282e-01
-2.083662897348403931e-01 4.169416129589080811e-01 -3.138979524374008179e-02 1.342466007918119431e-02 -4.337469935417175293e-01 -1.102825701236724854e-01 -9.566025435924530029e-02 2.393379658460617065e-01 -1.753859817981719971e-01 -8.439622819423675537e-03 -2.312535047531127930e-01 -1.111610233783721924e-01 4.255872964859008789e-02 -1.103673949837684631e-01 -1.105781272053718567e-01 -3.223144114017486572e-01 1.449040472507476807e-01 -1.456802636384963989e-01 1.093791350722312927e-01 3.226816058158874512e-01 2.048865556716918945e-01 -1.913502365350723267e-01 3.869164884090423584e-01 -1.912938505411148071e-01 -1.895683556795120239e-01 5.090697854757308960e-02 2.583633661270141602e-01 3.361807763576507568e-01 -3.068026527762413025e-02 2.766020298004150391e-01 2.520401030778884888e-03 2.926092445850372314e-01
-1.190476864576339722e-01 4.215444624423980713e-02 -1.174779906868934631e-01 1.389922481030225754e-02 -6.880329847335815430e-01 2.257192730903625488e-01 -3.288891017436981201e-01 -1.833130568265914917e-01 -1.747758686542510986e-01 -1.250997185707092285e-02 -6.373345851898193359e-01 -1.556100994348526001e-01 -1.337790042161941528e-01 -5.333006381988525391e-01 3.440332710742950439e-01 -3.624442815780639648e-01 2.951620146632194519e-02 -1.606223285198211670e-01 -2.011772692203521729e-01 6.537845134735107422e-01 3.948934972286224365e-01 -1.054913699626922607e-01 1.531509608030319214e-01 -5.276890993118286133e-01 9.420166909694671631e-02 1.806294359266757965e-02 4.689765274524688721e-01 -3.326838836073875427e-02 -1.013383269309997559e-01 3.238554298877716064e-02 -4.003323912620544434e-01 2.622891664505004883e-01
-3.994933068752288818e-01 2.947475016117095947e-01 1.459527313709259033e-01 -2.370150685310363770e-01 2.033642977476119995e-01 -9.051321446895599365e-02 6.894452869892120361e-02 5.056690424680709839e-02 2.700558900833129883e-01 1.070235297083854675e-01 -2.110629975795745850e-01 1.687024533748626709e-01 -4.708079695701599121e-01 -8.652523159980773926e-03 -4.309149086475372314e-01 1.401141881942749023e-01 1.538935303688049316e-01 -3.624669909477233887e-01 2.723248004913330078e-01 1.202248930931091309e-01 2.827987670898437500e-01 1.775268763303756714e-01 4.186580181121826172e-01 -1.105134040117263794e-01 3.646538779139518738e-02 2.492034994065761566e-02 -8.472430706024169922e-02 3.416422903537750244e-01 -1.919612735509872437e-01 3.492445945739746094e-01 1.559095531702041626e-01 2.190589010715484619e-01
-3.061895370483398438e-01 2.268573045730590820e-01 -2.384217083454132080e-02 4.339435696601867676e-02 8.216439187526702881e-02 1.409633010625839233e-01 -2.210673317313194275e-02 2.039221972227096558e-01 -1.852597445249557495e-01 3.564807772636413574e-01 -1.111720725893974304e-01 6.117390841245651245e-02 -1.319638192653656006e-01 -3.127174973487854004e-01 1.953909099102020264e-01 4.822146147489547729e-02 -7.164392620325088501e-02 1.803873777389526367e-01 7.293480634689331055e-02 3.501337468624114990e-01 5.866062641143798828e-02 1.843420416116714478e-01 2.091326862573623657e-01 -2.761487662792205811e-01 -1.611208468675613403e-01 7.400149479508399963e-03 -4.091090857982635498e-01 -2.415257692337036133e-01 -2.134036123752593994e-01 -1.776481270790100098e-01 -3.766750693321228027e-01 4.508120194077491760e-02
1.033089905977249146e-01 -1.374300867319107056e-01 -2.250616252422332764e-02 -1.348623931407928467e-01 1.299095749855041504e-01 1.394373029470443726e-01 2.634707689285278320e-01 1.941050738096237183e-01 5.098291039466857910e-01 3.132142722606658936e-01 -1.251708716154098511e-02 -1.073436141014099121e-01 2.380252629518508911e-02 -6.218694150447845459e-02 -4.479797556996345520e-03 2.329605221748352051e-01 -7.927528768777847290e-02 -2.787605524063110352e-01 -5.045500993728637695e-01 2.648189067840576172e-01 -1.761867702007293701e-01 1.030567586421966553e-01 -2.330741882324218750e-01 -3.219076395034790039e-01 1.832756847143173218e-01 1.857499182224273682e-01 3.478347063064575195e-01 1.077475696802139282e-01 -3.999974206089973450e-02 -1.955945789813995361e-01 1.646231263875961304e-01 4.719171300530433655e-02
-7.087059319019317627e-02 1.829871237277984619e-01 9.126137197017669678e-02 -7.534757256507873535e-02 3.516661524772644043e-01 2.370602190494537354e-01 -2.435572743415832520e-01 1.556843370199203491e-01 -7.931694388389587402e-02 3.859065473079681396e-03 -4.609626233577728271e-01 -1.788810342550277710e-01 -1.923108845949172974e-02 -1.677062511444091797e-01 -5.140649080276489258e-01 -1.491135358810424805e-02 -2.419413328170776367e-01 -5.136133730411529541e-02 4.539678394794464111e-01 -1.207720935344696045e-01 5.127866268157958984e-01 -2.433436512947082520e-01 -2.945476025342941284e-02 5.513459444046020508e-03 -1.313539296388626099e-01 8.070415258407592773e-02 2.318927943706512451e-01 2.111945003271102905e-01 3.493717908859252930e-01 8.831907063722610474e-02 -9.636747837066650391e-02 1.468646079301834106e-01
-1.260695606470108032e-02 4.161240160465240479e-01 -3.124477565288543701e-01 -2.339153736829757690e-01 1.271521300077438354e-01 2.651137858629226685e-02 1.433048993349075317e-01 -1.372440159320831299e-01 -5.891464278101921082e-02 3.059129714965820312e-01 -2.708780020475387573e-02 -5.561945438385009766e-01 4.968951642513275146e-02 8.926414698362350464e-02 -4.631953835487365723e-01 -7.943195849657058716e-02 -3.022828102111816406e-01 1.785669475793838501e-03 -7.408807426691055298e-02 -5.992480516433715820e-01 -6.083469390869140625e-01 1.663111522793769836e-02 -2.892247587442398071e-02 -5.404682457447052002e-02 7.042685896158218384e-02 -1.300702393054962158e-01 3.583878874778747559e-01 5.594861507415771484e-01 4.945452809333801270e-01 2.908933162689208984e-02 4.197993874549865723e-01 -1.216926053166389465e-01
4.481645226478576660e-01 -1.679264903068542480e-01 -1.452860534191131592e-01 1.331837922334671021e-01 -3.171893954277038574e-01 -2.305283993482589722e-01 -8.720555901527404785e-02 3.911167383193969727e-03 -1.678998768329620361e-01 2.334662079811096191e-01 1.453815251588821411e-01 3.562840074300765991e-02 -1.595424711704254150e-01 -1.798364222049713135e-01 3.422459959983825684e-01 4.241652786731719971e-03 2.712111771106719971e-01 -1.374182254076004028e-01 -3.425637781620025635e-01 1.860446333885192871e-01 5.548309087753295898e-01 3.023706376552581787e-01 1.544674336910247803e-01 9.975634515285491943e-03 -2.822774276137351990e-02 -1.418711990118026733e-01 -2.080543898046016693e-02 -4.139289259910583496e-01 -4.046627581119537354e-01 -5.109913349151611328e-01 -1.375610232353210449e-01 3.760318458080291748e-01
-7.439310848712921143e-02 2.856220006942749023e-01 -1.511494517326354980e-01 -2.370961606502532959e-01 -8.310011029243469238e-02 -6.082795262336730957e-01 -8.659069240093231201e-02 -3.480114340782165527e-01 -1.709575355052947998e-01 1.138319745659828186e-01 5.792888253927230835e-02 -1.730693429708480835e-01 -1.347328722476959229e-01 8.032783865928649902e-03 -4.775656461715698242e-01 5.207690596580505371e-01 2.672373950481414795e-01 -6.267011165618896484e-02 1.457308828830718994e-01 -4.356520622968673706e-02 5.303727835416793823e-02 2.840645015239715576e-01 9.331407397985458374e-02 3.684606254100799561e-01 3.008098155260086060e-02 -5.725930333137512207e-01 -2.524688243865966797e-01 -3.512580692768096924e-01 1.784491166472434998e-02 9.106898307800292969e-02 1.480973139405250549e-02 1.348468065261840820e-01
1.808526962995529175e-01 2.540512681007385254e-01 3.316260278224945068e-01 1.750040650367736816e-01 -1.421943157911300659e-01 1.055764704942703247e-01 -1.035373806953430176e-01 -2.786307930946350098e-01 -3.876188024878501892e-02 2.965679168701171875e-01 -2.959122359752655029e-01 1.799937486648559570e-01 -4.433020949363708496e-01 1.327192485332489014e-01 1.399263925850391388e-02 1.231625676155090332e-03 6.913959980010986328e-02 -1.929252743721008301e-01 -2.766652107238769531e-01 5.395237207412719727e-01 2.800870239734649658e-01 -4.472942650318145752e-01 3.074511289596557617e-01 -1.720905862748622894e-02 5.379553437232971191e-01 3.316418528556823730e-01 3.529684841632843018e-01 2.611774504184722900e-01 -5.266052857041358948e-02 7.238211482763290405e-02 1.391547918319702148e-01 4.741390794515609741e-02
7.659372687339782715e-02 2.744625508785247803e-01 -2.576564252376556396e-02 -6.658469140529632568e-02 -2.067096382379531860e-01 1.881555914878845215e-01 -2.442083507776260376e-02 -3.923441767692565918e-01 1.417748928070068359e-01 -3.559224009513854980e-01 1.309204697608947754e-01 2.894404530525207520e-01 1.259795278310775757e-01 3.955876231193542480e-01 -5.508879199624061584e-03 -3.518100082874298096e-01 7.203023880720138550e-02 8.855953812599182129e-02 1.518957689404487610e-02 -1.833345554769039154e-02 -1.977371424436569214e-01 -1.674691289663314819e-01 1.743236556649208069e-02 -2.486161738634109497e-01 -6.134383752942085266e-02 1.161838248372077942e-01 4.345747828483581543e-01 3.614101111888885498e-01 -1.860196739435195923e-01 6.922054886817932129e-01 1.558235436677932739e-01 1.535962149500846863e-02
-1.173748373985290527e-01 1.193479076027870178e-01 2.505058050155639648e-01 6.359690427780151367e-02 2.483099251985549927e-01 -1.895522475242614746e-01 3.140240609645843506e-01 3.423583507537841797e-01 4.289194047451019287e-01 1.838692128658294678e-01 -1.926977634429931641e-01 2.197574824094772339e-02 5.686797201633453369e-02 -1.008048132061958313e-01 -3.073189258575439453e-01 2.526157498359680176e-01 -4.961953312158584595e-02 -1.599522978067398071e-01 -2.250861823558807373e-01 1.497801691293716431e-01 1.646823883056640625e-01 3.427725434303283691e-01 1.302785798907279968e-02 -3.479186594486236572e-01 -2.128127589821815491e-02 -1.283698379993438721e-01 1.275081485509872437e-01 2.921402752399444580e-01 -3.898607790470123291e-01 -3.772281855344772339e-02 2.059936895966529846e-02 2.188925296068191528e-01
2.515237927436828613e-01 -1.518306434154510498e-01 1.379934996366500854e-01 -3.670810721814632416e-03 -1.298574358224868774e-01 5.031292140483856201e-02 -2.726393640041351318e-01 1.023519784212112427e-01 2.373811900615692139e-01 2.086736559867858887e-01 1.687635779380798340e-01 1.648855209350585938e-01 2.634919285774230957e-01 -7.544580847024917603e-02 2.960958778858184814e-01 -1.856454312801361084e-01 -1.076703444123268127e-01 1.323770582675933838e-01 1.634016036987304688e-01 6.479766219854354858e-02 4.386109113693237305e-01 -1.249093562364578247e-01 -1.677172780036926270e-01 4.355838596820831299e-01 -2.334033101797103882e-01 2.895583212375640869e-01 3.346935808658599854e-01 1.340040713548660278e-01 -3.658141568303108215e-02 -4.747892618179321289e-01 -2.133015543222427368e-01 -9.302292764186859131e-02
-1.697755455970764160e-01 -8.499293029308319092e-02 -1.553196460008621216e-02 5.887677893042564392e-02 -7.989980280399322510e-02 2.986763417720794678e-02 4.089433252811431885e-01 -3.046829104423522949e-01 -9.044816344976425171e-02 -2.068641781806945801e-02 -1.677960455417633057e-01 -3.923142254352569580e-01 -2.675084471702575684e-01 1.877247914671897888e-02 -2.388170957565307617e-01 -1.268990635871887207e-01 2.212942540645599365e-01 1.485654711723327637e-01 -1.592068970203399658e-01 -2.206054776906967163e-01 -3.269653618335723877e-01 3.793709874153137207e-01 3.453049063682556152e-01 -4.427672624588012695e-01 2.342709302902221680e-01 6.308969110250473022e-02 1.110703498125076294e-01 -6.633307784795761108e-02 1.426144838333129883e-01 5.426440834999084473e-01 3.923913836479187012e-01 -8.708202093839645386e-02
-8.539535105228424072e-03 2.475522756576538086e-01 -3.673738241195678711e-02 6.761939264833927155e-03 -5.105109214782714844e-01 -1.267701983451843262e-01 -7.438651472330093384e-02 7.494416087865829468e-02 -2.445847541093826294e-02 5.864516645669937134e-02 -3.204584121704101562e-01 -9.897753596305847168e-03 -4.921873807907104492e-01 -2.275376021862030029e-01 1.373808979988098145e-01 2.315993607044219971e-01 -4.543316364288330078e-01 -2.743678539991378784e-02 2.265817523002624512e-01 3.705380856990814209e-02 1.055480539798736572e-02 -2.866672277450561523e-01 2.937441170215606689e-01 1.934768557548522949e-01 2.116160392761230469e-01 1.743700206279754639e-01 -1.322230398654937744e-01 -5.449838563799858093e-02 3.735699877142906189e-02 3.978458046913146973e-02 1.333515197038650513e-01 -2.412199229001998901e-01
-1.676608920097351074e-01 2.604955136775970459e-01 -1.147386506199836731e-01 1.320129726082086563e-02 3.010355234146118164e-01 -1.695404648780822754e-01 2.985658049583435059e-01 -3.067389726638793945e-01 2.301949262619018555e-01 2.850660979747772217e-01 -1.141764596104621887e-01 -8.731836825609207153e-02 -1.175383999943733215e-01 -1.654689311981201172e-01 -3.962163031101226807e-01 2.475578784942626953e-01 1.948812752962112427e-01 1.935138553380966187e-01 4.365907013416290283e-01 -1.167111843824386597e-01 7.601416110992431641e-02 3.606561943888664246e-02 -1.039783507585525513e-01 -1.417939215898513794e-01 1.328114718198776245e-01 -3.832151293754577637e-01 -1.180835440754890442e-02 1.284422278404235840e-01 1.298375576734542847e-01 1.927194595336914062e-01 1.429696232080459595e-01 1.623468548059463501e-01
1.844540238380432129e-01 2.211558222770690918e-01 1.605628132820129395e-01 2.057580202817916870e-01 -5.762006342411041260e-02 7.193429768085479736e-02 3.454299569129943848e-01 5.448877066373825073e-02 1.099590584635734558e-01 1.142502799630165100e-01 -8.418861776590347290e-02 -1.043162494897842407e-01 -2.658810019493103027e-01 -1.977768540382385254e-01 -1.027942970395088196e-01 -9.842308610677719116e-02 -4.359923303127288818e-02 8.317992091178894043e-02 -1.435221135616302490e-01 2.310862690210342407e-01 6.944246590137481689e-02 -9.574170410633087158e-02 2.126249819993972778e-01 -1.792389303445816040e-01 -1.031820476055145264e-01 2.064882069826126099e-01 -1.019749790430068970e-01 3.114075064659118652e-01 -3.239052295684814453e-01 -1.523891687393188477e-01 1.731181144714355469e-01 -1.017587110400199890e-01
