-3.103521168231964111e-01 2.329467833042144775e-01 4.739160537719726562e-01 1.083324253559112549e-01 3.292060494422912598e-01 -1.608037948608398438e-01 -1.389315277338027954e-01 -3.037676215171813965e-01 -1.281964182853698730e-01 2.710876464843750000e-01 -1.210291907191276550e-01 1.704754829406738281e-01 -2.235166579484939575e-01 1.776417791843414307e-01 -5.846320837736129761e-02 1.721125692129135132e-01 -2.012155950069427490e-01 1.366377472877502441e-01 -1.784938275814056396e-01 1.415210515260696411e-01 -1.195884048938751221e-01 -2.780075967311859131e-01 3.547458648681640625e-01 -1.373126357793807983e-01 2.670611441135406494e-01 1.428404897451400757e-01 4.747126996517181396e-01 1.293835490942001343e-01 3.753370419144630432e-02 1.115021631121635437e-01 -8.354456722736358643e-02 -2.739586532115936279e-01
-5.312701687216758728e-02 2.619939744472503662e-01 -1.254768073558807373e-01 -1.118408590555191040e-01 1.213759481906890869e-01 1.225563287734985352e-01 -5.738664045929908752e-02 -1.127931252121925354e-01 -2.171689867973327637e-01 1.950581073760986328e-01 -2.790950238704681396e-01 -3.162769675254821777e-01 1.689859479665756226e-02 -9.358253329992294312e-02 -1.859317272901535034e-01 -1.981401443481445312e-02 -1.526508331298828125e-01 -1.131961792707443237e-01 -1.598487198352813721e-01 -3.323335945606231689e-01 -5.944018363952636719e-01 1.221662610769271851e-01 4.636815935373306274e-02 -1.488116979598999023e-01 9.659419953823089600e-02 -1.306630577892065048e-02 3.375493586063385010e-01 3.199445009231567383e-01 3.816095888614654541e-01 1.558138132095336914e-01 4.269726276397705078e-01 4.949457198381423950e-02
2.105920612812042236e-01 -1.560069471597671509e-01 2.941127121448516846e-02 3.079161643981933594e-01 -2.697660923004150391e-01 -1.123007461428642273e-01 8.248761296272277832e-02 -2.354077994823455811e-03 4.256957769393920898e-02 6.080355495214462280e-02 -1.451064646244049072e-01 7.388710230588912964e-02 1.085823923349380493e-01 -1.468862295150756836e-01 1.919116675853729248e-01 1.315741539001464844e-01 3.872495144605636597e-02 -3.107789456844329834e-01 -4.761840403079986572e-01 1.406354308128356934e-01 -1.610120236873626709e-01 4.430099129676818848e-01 2.796687483787536621e-01 -3.190905749797821045e-01 3.381427526473999023e-01 1.658341437578201294e-01 3.680520057678222656e-01 -1.305958181619644165e-01 -1.975129395723342896e-01 -1.894803643226623535e-01 4.139297902584075928e-01 3.205471932888031006e-01
2.825795672833919525e-02 -2.333030700683593750e-01 3.277817741036415100e-02 6.959987431764602661e-02 1.080003827810287476e-01 -4.157271981239318848e-02 -4.939450696110725403e-02 -2.400066107511520386e-01 -2.072688639163970947e-01 1.535822749137878418e-01 1.377807855606079102e-01 2.501942962408065796e-02 1.480766832828521729e-01 4.914543032646179199e-02 1.883379369974136353e-01 -3.769852519035339355e-01 2.688027620315551758e-01 1.808990910649299622e-02 -3.252724707126617432e-01 -5.567902699112892151e-04 -1.418446302413940430e-01 2.364896833896636963e-01 2.525834739208221436e-01 -1.741398125886917114e-01 3.556367158889770508e-01 8.979901671409606934e-02 1.929952204227447510e-01 -2.749282717704772949e-01 -3.003192320466041565e-02 3.309274613857269287e-01 1.548257619142532349e-01 2.278054654598236084e-01
1.634367406368255615e-01 1.863230466842651367e-01 2.600136697292327881e-01 2.899997308850288391e-02 1.573929563164710999e-02 1.143443584442138672e-01 -4.203738868236541748e-01 -4.049842357635498047e-01 -1.939698159694671631e-01 2.180736660957336426e-01 -6.725641340017318726e-02 2.794636487960815430e-01 1.021763235330581665e-01 -9.228069335222244263e-02 -6.830833107233047485e-02 -1.922814846038818359e-01 -2.016417086124420166e-01 1.668552458286285400e-01 -1.682684719562530518e-01 1.362123787403106689e-01 -7.424745708703994751e-02 6.389752030372619629e-02 4.081449806690216064e-01 -8.875019848346710205e-02 -1.666625961661338806e-03 4.081311225891113281e-01 5.282554626464843750e-01 2.983624637126922607e-01 9.906618297100067139e-02 1.013891398906707764e-01 5.390908941626548767e-02 1.125521436333656311e-01
-1.015663743019104004e-01 -2.013865709304809570e-01 -3.225481510162353516e-01 1.459644082933664322e-02 -5.210184454917907715e-01 -1.710698008537292480e-01 -2.549208998680114746e-01 -8.693742752075195312e-02 -7.440157234668731689e-02 -1.780058741569519043e-01 -3.657290041446685791e-01 7.196003943681716919e-02 -1.467639356851577759e-01 -3.887071311473846436e-01 2.032049931585788727e-02 2.785897552967071533e-01 -2.113582938909530640e-02 -1.164045333862304688e-01 1.916671097278594971e-01 -2.934831082820892334e-01 1.325317174196243286e-01 5.917085409164428711e-01 5.698601007461547852e-01 2.460262477397918701e-01 1.845475584268569946e-01 -1.035880222916603088e-01 -2.596914023160934448e-02 -1.578879058361053467e-01 5.275415256619453430e-02 2.226564884185791016e-01 1.283956617116928101e-01 2.172692716121673584e-01
6.841165572404861450e-02 -2.944671511650085449e-01 7.757414877414703369e-02 -2.066903375089168549e-02 1.112806424498558044e-02 1.834843307733535767e-02 1.181042194366455078e-01 -8.833797276020050049e-02 -3.262047171592712402e-01 3.440537750720977783e-01 -1.018388047814369202e-01 -2.038246393203735352e-01 -4.043206572532653809e-03 -1.509749889373779297e-02 -1.307001113891601562e-01 1.500828713178634644e-01 1.608111560344696045e-01 7.362201809883117676e-02 -1.592778265476226807e-01 -2.746407389640808105e-01 -1.519146710634231567e-01 4.900626540184020996e-01 4.306223690509796143e-01 -1.456255316734313965e-01 3.330463767051696777e-01 -7.775539159774780273e-02 -1.573355048894882202e-01 -2.481078207492828369e-01 1.535369455814361572e-01 1.641042530536651611e-01 3.063564896583557129e-01 1.067244634032249451e-01
-7.964277267456054688e-02 1.159686818718910217e-01 -3.279305249452590942e-02 7.218020968139171600e-03 -5.859400331974029541e-02 2.704370617866516113e-01 2.559979557991027832e-01 3.253262042999267578e-01 6.228892207145690918e-01 1.028475835919380188e-01 -2.025806009769439697e-01 6.486500054597854614e-02 -6.007688492536544800e-02 -2.231303751468658447e-01 1.684054285287857056e-01 1.873546689748764038e-01 -1.046518981456756592e-02 -2.917897701263427734e-01 8.266130089759826660e-02 -1.226051896810531616e-01 -2.825312614440917969e-01 2.656675279140472412e-01 -8.882644772529602051e-02 -5.574188828468322754e-01 5.305320024490356445e-01 -3.641399443149566650e-01 4.035695493221282959e-01 1.256121844053268433e-01 -1.384818404912948608e-01 -1.045885980129241943e-01 2.601432204246520996e-01 -9.823740273714065552e-02
-2.141078263521194458e-01 1.291154921054840088e-01 -3.257607668638229370e-02 -1.283307075500488281e-01 -3.179228901863098145e-01 3.455581516027450562e-02 -1.615486145019531250e-01 9.735810756683349609e-02 -1.512638926506042480e-01 2.868138253688812256e-02 -4.730177670717239380e-02 -2.957265675067901611e-01 1.258667558431625366e-02 3.756219893693923950e-02 2.747385799884796143e-01 -1.068058088421821594e-01 3.821501433849334717e-01 4.097339883446693420e-02 2.292582988739013672e-01 -7.020375132560729980e-02 3.713781386613845825e-02 -1.495781987905502319e-01 1.504044532775878906e-01 7.421512901782989502e-02 -9.303368628025054932e-02 -2.321085929870605469e-01 2.540698051452636719e-01 3.286443054676055908e-01 -1.106797307729721069e-01 3.254819512367248535e-01 -4.167267680168151855e-02 8.225961774587631226e-02
-6.099027767777442932e-02 6.940923631191253662e-04 1.851125061511993408e-01 -1.254442930221557617e-01 3.102559968829154968e-02 6.903196871280670166e-02 -1.501129716634750366e-01 -2.403692454099655151e-01 -2.533515989780426025e-01 1.060418114066123962e-01 8.504609018564224243e-02 -1.393883526325225830e-01 1.340030729770660400e-01 9.930457919836044312e-03 2.832053303718566895e-01 -2.173862159252166748e-01 3.159703314304351807e-01 2.476837858557701111e-02 -1.553190946578979492e-01 1.004138309508562088e-02 -1.569368243217468262e-01 1.116585135459899902e-01 2.330804318189620972e-01 7.879331707954406738e-02 1.714262813329696655e-01 -8.153051882982254028e-02 1.191823929548263550e-01 1.079411059617996216e-01 -1.425634175539016724e-01 4.187142848968505859e-01 -8.099759370088577271e-02 1.574357151985168457e-01
9.766642749309539795e-02 1.400106251239776611e-01 3.872272744774818420e-02 -2.134057581424713135e-01 1.881659775972366333e-01 -4.984640777111053467e-01 -1.824698299169540405e-01 -2.421260438859462738e-02 -1.807047054171562195e-02 3.469035029411315918e-03 7.246649265289306641e-02 3.230243623256683350e-01 9.477026760578155518e-03 -1.787441223859786987e-02 -2.180342078208923340e-01 4.972299039363861084e-01 2.252534031867980957e-01 1.225724816322326660e-01 1.303974390029907227e-01 -8.746935054659843445e-03 2.104025781154632568e-01 2.647649347782135010e-01 4.255010187625885010e-01 5.026638507843017578e-01 8.817327022552490234e-02 -1.312350034713745117e-01 -3.325451612472534180e-01 -2.833126783370971680e-01 1.535761207342147827e-01 2.053589746356010437e-02 -3.058221638202667236e-01 2.657452970743179321e-02
1.072899848222732544e-01 3.890607506036758423e-02 -5.745112895965576172e-01 -1.999882757663726807e-01 7.490716874599456787e-02 -5.806615576148033142e-02 1.486276984214782715e-01 -2.749733924865722656e-01 -1.744266748428344727e-01 -2.802004665136337280e-02 3.204953372478485107e-01 -3.506444394588470459e-01 1.446790993213653564e-02 6.746120750904083252e-03 -1.422472149133682251e-01 -2.997094690799713135e-01 -3.164900094270706177e-02 3.682079911231994629e-01 -2.293461859226226807e-01 -2.889175415039062500e-01 -3.324205279350280762e-01 1.608509570360183716e-01 -7.576321065425872803e-02 -1.304891854524612427e-01 -3.405411913990974426e-02 -2.895206809043884277e-01 -2.722220420837402344e-01 4.951875656843185425e-02 -1.783119887113571167e-02 -9.021118283271789551e-02 1.455538347363471985e-02 -2.788162827491760254e-01
-2.418813258409500122e-01 7.248936891555786133e-01 4.395631849765777588e-01 8.126728981733322144e-02 2.122613191604614258e-01 -1.993744671344757080e-01 1.575313359498977661e-01 1.697277575731277466e-01 4.133994877338409424e-02 9.165329486131668091e-02 -1.453820168972015381e-01 2.947876453399658203e-01 -3.686971664428710938e-01 -1.630527973175048828e-01 -3.629907369613647461e-01 5.228469967842102051e-01 -2.723371982574462891e-02 -2.076573818922042847e-01 -3.062438219785690308e-03 5.779200196266174316e-01 -3.506809100508689880e-02 1.692262664437294006e-02 5.427106618881225586e-01 4.479654133319854736e-03 1.464340835809707642e-01 2.587897516787052155e-02 -1.292563527822494507e-01 3.365430980920791626e-02 -3.500769659876823425e-02 1.059378087520599365e-01 1.528989672660827637e-01 -2.267864942550659180e-01
1.939788833260536194e-02 6.416785717010498047e-02 1.778998672962188721e-01 6.941745430231094360e-02 -4.359296709299087524e-02 -2.168037444353103638e-01 -5.811952948570251465e-01 -1.972284615039825439e-01 -1.206016838550567627e-01 2.395752817392349243e-02 -3.236395865678787231e-02 3.999033570289611816e-01 -1.000098511576652527e-01 -6.650529801845550537e-02 2.337667047977447510e-01 3.396578878164291382e-02 -7.416128367185592651e-02 -7.728359103202819824e-02 2.371848374605178833e-02 2.076490670442581177e-01 3.368252813816070557e-01 1.730083301663398743e-02 3.659513294696807861e-01 -2.418972402811050415e-01 4.453139901161193848e-01 7.605992257595062256e-02 7.845658659934997559e-01 -3.868851959705352783e-01 1.823742538690567017e-01 -1.201387792825698853e-01 -3.308254480361938477e-01 -6.528819352388381958e-02
-1.068350970745086670e-01 2.374795675277709961e-01 2.951456308364868164e-01 8.060326427221298218e-02 9.567815810441970825e-02 -3.769906163215637207e-01 4.734734818339347839e-02 -5.585626512765884399e-02 -2.255277335643768311e-01 6.160156726837158203e-01 -1.913839578628540039e-01 1.651255488395690918e-01 -1.610519737005233765e-02 2.392562627792358398e-01 -2.405819594860076904e-01 2.537234127521514893e-01 -1.758061349391937256e-02 -7.351812720298767090e-02 -5.644363164901733398e-01 3.138853907585144043e-01 -1.435154676437377930e-01 2.568519115447998047e-01 1.375728994607925415e-01 -2.905203700065612793e-01 5.097600817680358887e-01 1.138549223542213440e-01 3.510687947273254395e-01 -1.679236143827438354e-01 3.153290450572967529e-01 -2.735855877399444580e-01 3.380427062511444092e-01 2.349949777126312256e-01
-2.536610066890716553e-01 4.389847069978713989e-02 1.290325820446014404e-01 -3.205130100250244141e-01 4.418370723724365234e-01 -4.607900083065032959e-01 4.744843579828739166e-03 -1.870744526386260986e-01 7.412783801555633545e-03 2.711443901062011719e-01 8.391849696636199951e-02 1.653850674629211426e-01 -7.075630128383636475e-03 1.774257719516754150e-01 -2.136772722005844116e-01 3.974477350711822510e-01 4.088718593120574951e-01 1.299595981836318970e-01 -8.982393145561218262e-02 1.486643254756927490e-01 8.042566478252410889e-02 3.104654848575592041e-01 6.821826845407485962e-02 1.207806915044784546e-01 2.982702255249023438e-01 2.161617018282413483e-02 -5.515468865633010864e-02 -4.798090159893035889e-01 6.201132014393806458e-02 -3.212113976478576660e-01 -1.693902760744094849e-01 -1.546820849180221558e-01
3.803765773773193359e-01 5.827486515045166016e-02 -1.283302903175354004e-01 -1.030650511384010315e-01 -2.179238647222518921e-01 -1.540552526712417603e-01 3.037256896495819092e-01 1.390664279460906982e-02 3.700976371765136719e-01 -1.068845391273498535e-03 3.872070834040641785e-02 -8.062388002872467041e-02 -3.097643852233886719e-01 1.921032667160034180e-01 -6.357933580875396729e-02 2.704905867576599121e-01 6.447286903858184814e-02 -4.970479011535644531e-01 -2.865101397037506104e-02 -1.965799629688262939e-01 -3.580113351345062256e-01 -2.661743573844432831e-02 -4.761408269405364990e-02 1.937407553195953369e-01 3.325439393520355225e-01 3.598933517932891846e-01 1.396217346191406250e-01 5.756694078445434570e-01 8.039288222789764404e-03 -1.063505858182907104e-01 6.549003720283508301e-01 -1.477186679840087891e-01
-1.733156889677047729e-01 5.811461210250854492e-01 2.121332883834838867e-01 2.467461526393890381e-01 1.838824898004531860e-02 3.487474024295806885e-01 1.227866113185882568e-01 1.802438199520111084e-01 9.899594634771347046e-02 2.070031464099884033e-01 -5.200247168540954590e-01 -1.965246498584747314e-01 -4.852933287620544434e-01 -4.476697444915771484e-01 -4.284822195768356323e-02 4.209168851375579834e-01 -3.322271704673767090e-01 -6.674681603908538818e-02 -9.060962498188018799e-02 4.766909182071685791e-01 -4.873348772525787354e-02 -2.027056217193603516e-01 2.853151261806488037e-01 1.215366572141647339e-01 1.749842017889022827e-01 6.309950351715087891e-02 2.736196517944335938e-01 1.443692296743392944e-01 2.848627567291259766e-01 -8.853501081466674805e-02 9.010264277458190918e-02 -1.497873067855834961e-01
-3.859643042087554932e-01 7.095760107040405273e-02 -5.640826821327209473e-01 -1.086348220705986023e-01 2.584360241889953613e-01 -6.303556263446807861e-02 4.779781401157379150e-01 -3.315945863723754883e-01 2.605182528495788574e-01 -1.883193552494049072e-01 3.783793449401855469e-01 -3.910103142261505127e-01 -1.622103154659271240e-03 3.083362057805061340e-02 7.513178139925003052e-02 -2.805000841617584229e-01 -2.756953984498977661e-02 4.917328357696533203e-01 5.320409536361694336e-01 -5.278716683387756348e-01 -1.963963806629180908e-01 -1.278389096260070801e-01 -9.647290408611297607e-02 -3.618474006652832031e-01 -1.684315949678421021e-01 -7.437485456466674805e-01 -2.616516500711441040e-02 -2.260199189186096191e-01 1.433448791503906250e-01 2.503712177276611328e-01 -3.043333627283573151e-02 -7.645794004201889038e-02
-1.947833001613616943e-01 -1.665966808795928955e-01 -3.329111635684967041e-01 1.624405086040496826e-01 -4.922206401824951172e-01 1.044408977031707764e-01 -1.910748481750488281e-01 -3.981683775782585144e-02 -1.867763996124267578e-01 1.642016172409057617e-01 -6.290025264024734497e-02 -2.748074233531951904e-01 -1.180441826581954956e-01 1.720809340476989746e-01 3.527891933917999268e-01 1.469113230705261230e-01 -1.563874185085296631e-01 -5.220551788806915283e-02 -5.075348913669586182e-02 -1.722663491964340210e-01 7.615819573402404785e-02 -1.762409210205078125e-01 -3.177897930145263672e-01 -2.259373813867568970e-01 -1.925080865621566772e-01 -3.508264571428298950e-02 -1.323590725660324097e-01 -5.100201368331909180e-01 2.407765984535217285e-01 -7.105307281017303467e-02 -3.591501712799072266e-02 -2.146395444869995117e-01
-2.260391563177108765e-01 8.910179883241653442e-02 -2.830468490719795227e-02 -1.465056836605072021e-01 2.824609279632568359e-01 -3.713124394416809082e-01 3.674080967903137207e-02 1.020881161093711853e-02 -9.224151819944381714e-02 2.034276127815246582e-01 -7.160600274801254272e-02 -4.663760215044021606e-02 -1.085575073957443237e-01 3.129720687866210938e-02 -1.573527902364730835e-01 2.112759649753570557e-01 6.726276129484176636e-02 -9.851664304733276367e-02 -3.851177096366882324e-01 -1.949927508831024170e-01 -4.785557985305786133e-01 3.439102768898010254e-01 1.269606947898864746e-01 -9.195967018604278564e-02 5.187973976135253906e-01 -1.448750048875808716e-01 1.558112502098083496e-01 1.262623816728591919e-02 8.117133378982543945e-02 -1.172280311584472656e-01 2.130043655633926392e-01 -2.971391081809997559e-01
-8.528877794742584229e-02 -1.329912059009075165e-02 -1.772097647190093994e-01 -3.813676163554191589e-02 2.333794385194778442e-01 1.058059036731719971e-01 -1.563794463872909546e-01 -3.529083728790283203e-01 5.349157005548477173e-02 -1.805416643619537354e-01 -3.493713587522506714e-02 -6.490967869758605957e-01 1.922789365053176880e-01 1.466830447316169739e-02 -2.222126573324203491e-01 -1.550383567810058594e-01 -1.599703431129455566e-01 2.119546085596084595e-01 2.061266899108886719e-01 -6.077934503555297852e-01 -1.490933299064636230e-01 -1.552395075559616089e-01 -1.125687807798385620e-01 -1.242651641368865967e-01 -3.916604220867156982e-01 -1.245040968060493469e-01 2.665978074073791504e-01 1.323328763246536255e-01 3.597119450569152832e-01 2.124139294028282166e-02 -3.395078331232070923e-02 -1.885775476694107056e-01
3.749732673168182373e-01 8.641742914915084839e-02 -1.750408709049224854e-01 5.582058057188987732e-02 -1.027279794216156006e-01 1.368054598569869995e-01 1.962352842092514038e-01 -2.323054336011409760e-02 2.687124013900756836e-01 -2.039607167243957520e-01 -1.705297529697418213e-01 -2.021582797169685364e-02 -2.533316314220428467e-01 -3.762374520301818848e-01 1.374585367739200592e-02 -7.374086230993270874e-02 -3.202213943004608154e-01 -1.284241229295730591e-01 2.300545573234558105e-01 -1.610858738422393799e-01 -1.511378213763237000e-02 -8.376327157020568848e-02 1.261422038078308105e-01 -2.089320570230484009e-01 -2.335142940282821655e-01 1.016774550080299377e-01 1.523017138242721558e-01 1.380433291196823120e-01 6.334375590085983276e-03 2.492988556623458862e-01 9.908103942871093750e-02 1.150994747877120972e-01
2.882584370672702789e-02 1.809427440166473389e-01 -6.513946503400802612e-02 2.354243770241737366e-04 9.694417566061019897e-02 4.808083176612854004e-02 3.655961528420448303e-02 1.137998700141906738e-01 -3.208943605422973633e-01 2.264555394649505615e-01 -3.510548472404479980e-01 -4.274349510669708252e-01 -8.694473654031753540e-02 -1.101157292723655701e-01 -3.275628983974456787e-01 2.544202208518981934e-01 -1.424661278724670410e-02 -6.195816770195960999e-02 -3.090187907218933105e-01 -2.360529005527496338e-01 -2.302149385213851929e-01 4.613274931907653809e-01 1.529690027236938477e-01 4.658039659261703491e-03 1.535259932279586792e-01 -2.990674078464508057e-01 1.459193527698516846e-01 3.974809944629669189e-01 1.825230270624160767e-01 -1.624360680580139160e-01 1.445623785257339478e-01 5.972248688340187073e-02
-4.718312323093414307e-01 2.129094302654266357e-01 4.356682896614074707e-01 1.120614483952522278e-01 3.614785149693489075e-02 -1.708644330501556396e-01 4.434390924870967865e-03 -4.318132996559143066e-02 -3.250397741794586182e-03 4.034555554389953613e-01 -1.304876506328582764e-01 -9.176636487245559692e-02 -2.393454611301422119e-01 8.396108448505401611e-02 2.541445791721343994e-01 1.281127333641052246e-01 -1.416267156600952148e-01 -1.258513629436492920e-01 -6.695812344551086426e-01 2.798869013786315918e-01 1.252403110265731812e-01 -6.293074786663055420e-02 4.089350700378417969e-01 -3.116645216941833496e-01 2.291216105222702026e-01 -1.627598404884338379e-01 6.987457275390625000e-01 -3.777664899826049805e-01 -9.973837435245513916e-02 -1.557510793209075928e-01 -6.218830123543739319e-02 -1.092628464102745056e-01
3.382566571235656738e-01 -4.204788804054260254e-01 -3.779570758342742920e-02 6.587358564138412476e-02 2.942636609077453613e-02 -3.881088793277740479e-01 -1.966369003057479858e-01 -3.966593742370605469e-01 -1.228459924459457397e-01 -3.669835999608039856e-02 3.452729284763336182e-01 -9.798251092433929443e-02 4.992751777172088623e-02 2.367160320281982422e-01 1.737835109233856201e-01 1.273361742496490479e-01 2.335009276866912842e-01 2.648456692695617676e-01 -1.048454493284225464e-01 4.245316237211227417e-02 4.764362573623657227e-01 -2.961690127849578857e-01 -1.129144281148910522e-01 9.518308937549591064e-02 -1.656729280948638916e-01 -3.366617485880851746e-03 3.989408537745475769e-02 -4.604744613170623779e-01 1.627447307109832764e-01 -2.742625176906585693e-01 -1.593189239501953125e-01 -1.064215973019599915e-01
-1.186600476503372192e-01 2.882948219776153564e-01 1.548164486885070801e-01 -4.679777100682258606e-02 -3.043599128723144531e-01 -1.257647722959518433e-01 -2.941354736685752869e-02 5.433570593595504761e-03 -5.367048084735870361e-03 4.574851393699645996e-01 -9.282546490430831909e-02 -3.690059185028076172e-01 3.842689096927642822e-02 6.992809474468231201e-03 9.365446865558624268e-02 -4.895299673080444336e-02 -3.076523542404174805e-03 -4.101293981075286865e-01 -3.663464188575744629e-01 7.029999494552612305e-01 7.832203805446624756e-02 -2.532666027545928955e-01 1.122223287820816040e-01 -4.421087205410003662e-01 -1.390531510114669800e-01 6.541362404823303223e-02 3.584691286087036133e-01 -1.254325062036514282e-01 -8.462430536746978760e-02 -2.210887968540191650e-01 1.928460225462913513e-02 -2.051629591733217239e-03
-1.666504889726638794e-01 4.564746320247650146e-01 2.104698121547698975e-01 4.853790998458862305e-02 -4.873566329479217529e-02 2.725119590759277344e-01 1.765487641096115112e-01 3.052029609680175781e-01 -5.317389965057373047e-03 4.988573193550109863e-01 -3.438007533550262451e-01 -1.604775488376617432e-01 -2.907330691814422607e-01 -1.607553958892822266e-01 -2.473464794456958771e-02 7.228250801563262939e-02 -1.878971606492996216e-02 1.723407208919525146e-01 6.313525140285491943e-02 2.609667479991912842e-01 -3.372376039624214172e-02 -6.418813019990921021e-03 5.178525447845458984e-01 -3.317849040031433105e-01 2.188531905412673950e-01 -2.293477058410644531e-01 3.101646527647972107e-02 1.168553456664085388e-01 -9.146489202976226807e-02 3.072265386581420898e-01 2.790591418743133545e-01 4.327553138136863708e-02
-1.637231707572937012e-01 -1.796665191650390625e-01 -3.144738078117370605e-01 3.828586935997009277e-01 -5.190823078155517578e-01 7.853679358959197998e-02 1.697625964879989624e-01 -8.753630518913269043e-02 -7.819411903619766235e-02 -6.881166994571685791e-02 -2.473321557044982910e-01 -2.404831945896148682e-01 -2.240562289953231812e-01 -1.763671338558197021e-01 -3.038498386740684509e-02 -2.313239127397537231e-02 -2.067031562328338623e-01 1.073496043682098389e-01 -3.158725425601005554e-02 -5.462958812713623047e-01 -1.384544968605041504e-01 1.094449162483215332e-01 -2.413132041692733765e-02 -3.299920856952667236e-01 -4.297291859984397888e-02 2.136197127401828766e-02 -1.540179550647735596e-01 1.038454920053482056e-01 1.082551851868629456e-02 1.776177883148193359e-01 5.182002782821655273e-01 -1.143542677164077759e-01
-1.161577105522155762e-01 1.495351791381835938e-01 -8.146926760673522949e-02 -5.463507026433944702e-02 2.781801819801330566e-01 -5.318671464920043945e-03 1.117849275469779968e-01 4.688904285430908203e-01 -2.841080725193023682e-02 2.028092443943023682e-01 -2.882396876811981201e-01 -7.494456321001052856e-02 1.199013739824295044e-02 -9.938678890466690063e-02 -4.069381654262542725e-01 9.158879518508911133e-03 4.199496284127235413e-02 -6.290487945079803467e-04 3.639642596244812012e-01 -3.609196096658706665e-02 2.524397671222686768e-01 -1.793124154210090637e-02 2.256887257099151611e-01 1.646742224693298340e-02 -4.148709177970886230e-01 -8.017517626285552979e-02 -3.645873963832855225e-01 2.736890316009521484e-01 6.722569465637207031e-02 1.688032895326614380e-01 6.819282472133636475e-02 1.254335343837738037e-01
2.549174427986145020e-01 4.717812687158584595e-02 3.552848696708679199e-01 9.187614917755126953e-02 -2.629132866859436035e-01 7.180184125900268555e-02 -4.323358088731765747e-02 2.794886231422424316e-01 1.879156529903411865e-01 6.342679262161254883e-05 4.186980724334716797e-01 1.651134192943572998e-01 1.127604395151138306e-01 5.135156214237213135e-02 2.535874545574188232e-01 2.147449553012847900e-01 7.532412558794021606e-02 -1.563828736543655396e-01 -1.481690853834152222e-01 -8.044670522212982178e-02 -4.098890125751495361e-01 -1.296244189143180847e-02 3.430640399456024170e-01 -2.235065698623657227e-01 -2.016523927450180054e-01 -7.510895282030105591e-02 3.638455271720886230e-01 1.790638566017150879e-01 -3.473980128765106201e-01 1.725377887487411499e-02 2.164453119039535522e-01 -8.473794162273406982e-02
-2.418175190687179565e-01 -6.443831324577331543e-01 -2.404716312885284424e-01 7.491377741098403931e-02 4.774129986763000488e-01 -1.046890392899513245e-01 -4.675784409046173096e-01 -1.753672659397125244e-01 -3.517169952392578125e-01 -3.698500990867614746e-01 -1.009814441204071045e-02 3.239743709564208984e-01 -2.974841743707656860e-02 3.349776268005371094e-01 -5.793633311986923218e-02 1.235904023051261902e-01 3.343031406402587891e-01 -3.003675937652587891e-01 3.785394132137298584e-01 -3.954771757125854492e-01 7.426609396934509277e-01 1.742037534713745117e-01 2.951335608959197998e-01 -3.968494236469268799e-01 3.957506716251373291e-01 -3.891504406929016113e-01 -2.515686750411987305e-01 -5.578009486198425293e-01 1.137606203556060791e-01 5.206493735313415527e-01 -2.064151614904403687e-01 2.485379725694656372e-01
-1.736391484737396240e-01 -5.801897495985031128e-02 1.667467057704925537e-01 -2.765748500823974609e-01 -2.450483292341232300e-01 -7.166564464569091797e-04 -3.724863827228546143e-01 -8.306407928466796875e-02 -2.910052537918090820e-01 1.468435674905776978e-02 -3.357672393321990967e-01 -1.892068237066268921e-01 -4.997519403696060181e-02 -4.252225160598754883e-02 2.484561800956726074e-01 4.666057825088500977e-01 -3.800628185272216797e-01 -2.600119411945343018e-01 -9.310330450534820557e-02 -1.659676879644393921e-01 -1.638864576816558838e-01 2.882898971438407898e-02 2.479104250669479370e-01 2.470838427543640137e-01 1.235559303313493729e-02 -2.932963371276855469e-01 1.872735023498535156e-01 8.935350924730300903e-02 1.617718636989593506e-01 -1.161185652017593384e-02 -3.600044250488281250e-01 -1.120360195636749268e-02
1.538694649934768677e-01 -1.754267215728759766e-01 1.805328130722045898e-01 6.555328518152236938e-02 -6.016206145286560059e-01 -3.322038426995277405e-02 -4.310860633850097656e-01 -1.683973520994186401e-01 -6.246333941817283630e-02 3.019854128360748291e-01 -1.075949743390083313e-01 -3.254637122154235840e-04 4.922665655612945557e-02 -2.847170829772949219e-02 6.176989674568176270e-01 -1.016328111290931702e-01 -7.380135357379913330e-03 -3.447995483875274658e-01 -7.208758592605590820e-02 4.573372602462768555e-01 3.186246454715728760e-01 -2.907689213752746582e-01 -1.109087169170379639e-01 1.325079947710037231e-01 -2.981020137667655945e-03 1.957241594791412354e-01 4.160594940185546875e-01 4.993867874145507812e-02 -1.550082564353942871e-01 -5.510626435279846191e-01 -2.360616028308868408e-01 2.298816144466400146e-01
1.225053369998931885e-01 2.255159616470336914e-01 -2.062322199344635010e-02 1.470101028680801392e-01 -7.153497636318206787e-02 -1.288457214832305908e-02 4.132137596607208252e-01 -1.171923801302909851e-02 1.823921799659729004e-01 -1.496458798646926880e-01 -7.502939552068710327e-02 1.184991225600242615e-01 -8.057054132223129272e-02 -2.528448402881622314e-02 7.086057960987091064e-02 1.819673180580139160e-01 2.670959830284118652e-01 -1.586592756211757660e-02 -3.114010095596313477e-01 -1.267750710248947144e-01 -3.463075160980224609e-01 3.652677834033966064e-01 1.472274512052536011e-01 7.884103059768676758e-02 9.909100830554962158e-02 1.247583106160163879e-01 -2.852681465446949005e-02 2.088031917810440063e-01 -2.526987791061401367e-01 4.688132405281066895e-01 5.478160977363586426e-01 1.901734173297882080e-01
-5.149618163704872131e-02 -4.257369786500930786e-02 -2.727417647838592529e-01 2.726609110832214355e-01 -4.386757612228393555e-01 1.340104043483734131e-01 -1.352838724851608276e-01 4.734221100807189941e-02 -4.209326207637786865e-01 -3.068809956312179565e-02 -1.085599735379219055e-01 1.985891163349151611e-02 -1.589954942464828491e-01 -2.218980789184570312e-01 3.244635462760925293e-01 -2.390708327293395996e-01 2.026746571063995361e-01 -8.716231584548950195e-02 3.437139838933944702e-02 1.080309450626373291e-01 1.857019364833831787e-01 4.076341986656188965e-01 4.819550812244415283e-01 -1.185431182384490967e-01 7.823707908391952515e-02 -7.485342770814895630e-02 1.268901675939559937e-01 -1.229828000068664551e-01 -2.770923674106597900e-01 2.987543120980262756e-02 1.091086491942405701e-02 5.092950463294982910e-01
2.178291529417037964e-01 -4.472163319587707520e-01 2.007211446762084961e-01 -1.674465090036392212e-02 -1.907587200403213501e-01 -7.113169133663177490e-02 -3.028151392936706543e-01 -9.103065729141235352e-02 -4.979507923126220703e-01 -9.240588545799255371e-02 -1.949302256107330322e-01 1.774048060178756714e-02 7.665154337882995605e-02 2.750164866447448730e-01 2.230336964130401611e-01 4.750307798385620117e-01 -1.590534150600433350e-01 -1.910790801048278809e-01 -1.811852753162384033e-01 -1.268655210733413696e-01 -1.341652274131774902e-01 8.972363173961639404e-02 2.744246423244476318e-01 3.356634378433227539e-01 8.802973479032516479e-02 -2.777508795261383057e-01 -5.956284701824188232e-03 -1.022455021739006042e-01 1.232731938362121582e-01 8.759959042072296143e-02 -2.825167477130889893e-01 -8.218370378017425537e-02
1.746965646743774414e-01 6.414182484149932861e-03 2.008754611015319824e-01 -2.224276363849639893e-01 -1.406558156013488770e-01 -1.971510499715805054e-01 2.362122759222984314e-04 1.199043095111846924e-01 -2.971256077289581299e-01 -1.629367917776107788e-01 -8.732522279024124146e-02 8.656977862119674683e-02 9.640973806381225586e-02 2.248367071151733398e-01 -9.290350228548049927e-02 3.553127944469451904e-01 -2.384049296379089355e-01 -1.749439239501953125e-01 -5.912805348634719849e-02 -1.953766047954559326e-01 -4.564850628376007080e-01 2.304961904883384705e-02 4.150896370410919189e-01 4.594884216785430908e-01 4.782916978001594543e-02 -1.062275171279907227e-01 -8.889853954315185547e-03 8.824597299098968506e-02 3.224649727344512939e-01 2.032382041215896606e-01 -1.801998317241668701e-01 -2.520614266395568848e-01
1.538753956556320190e-01 -2.309194765985012054e-02 -1.437790989875793457e-01 2.245219796895980835e-02 -2.077134996652603149e-01 1.080148369073867798e-01 1.314225047826766968e-01 -3.288303613662719727e-01 6.885951012372970581e-02 4.152365028858184814e-03 5.464003235101699829e-02 3.318219631910324097e-02 -2.180935293436050415e-01 4.986135289072990417e-02 2.413126230239868164e-01 -3.787500411272048950e-02 1.365612149238586426e-01 1.578409373760223389e-01 -1.601891815662384033e-01 1.781926006078720093e-01 -1.319025754928588867e-01 -3.427483439445495605e-01 3.113001585006713867e-04 -4.018006622791290283e-01 3.094171285629272461e-01 1.955922096967697144e-01 1.627999395132064819e-01 9.314521402120590210e-02 4.767651483416557312e-02 -2.068434357643127441e-01 5.433721467852592468e-02 -2.318238914012908936e-01
-1.251952648162841797e-01 2.204314172267913818e-01 -2.298768609762191772e-03 1.568807810544967651e-01 -5.694767236709594727e-01 1.000345796346664429e-01 -2.626394629478454590e-01 -2.781097218394279480e-02 -3.901244997978210449e-01 -2.723016440868377686e-01 -1.447851061820983887e-01 1.216278225183486938e-02 -2.552783191204071045e-01 3.380523920059204102e-01 1.323845982551574707e-01 -4.408627152442932129e-01 -1.658443212509155273e-01 1.008268445730209351e-01 5.408859848976135254e-01 -2.352137863636016846e-01 2.386454939842224121e-01 -2.529743015766143799e-01 5.061825513839721680e-01 -9.339240193367004395e-02 -9.502325952053070068e-02 -3.416307568550109863e-01 2.805467844009399414e-01 8.079606294631958008e-02 -1.577594429254531860e-01 4.622369706630706787e-01 8.454923331737518311e-02 1.747346967458724976e-01
-2.151059061288833618e-01 9.008195251226425171e-02 1.548102200031280518e-01 -6.540087610483169556e-02 3.113912940025329590e-01 9.767025709152221680e-03 5.778809636831283569e-02 -5.843467637896537781e-02 -8.348179608583450317e-02 5.393384695053100586e-01 -8.499965816736221313e-02 1.168098822236061096e-01 -2.376924604177474976e-01 1.413896679878234863e-02 1.552570164203643799e-01 4.276444315910339355e-01 2.299240827560424805e-01 -3.871543332934379578e-02 -1.786584556102752686e-01 3.505012094974517822e-01 -1.697938889265060425e-01 1.671567708253860474e-01 2.761412560939788818e-01 -1.646767407655715942e-01 4.886243343353271484e-01 -1.882018297910690308e-01 -1.288167014718055725e-02 -3.271328806877136230e-01 -1.819538697600364685e-02 9.930157661437988281e-02 2.695450782775878906e-01 1.593371853232383728e-02
1.718575954437255859e-01 1.059461459517478943e-01 2.165217399597167969e-01 2.860247790813446045e-01 -3.243480920791625977e-01 9.635521471500396729e-02 2.525924146175384521e-01 1.248810440301895142e-01 3.969328105449676514e-02 4.065574109554290771e-01 -1.604125201702117920e-01 2.045127749443054199e-02 -1.315003931522369385e-01 -5.074544548988342285e-01 -1.763623803853988647e-01 4.296149909496307373e-01 -4.795433282852172852e-01 3.480335772037506104e-01 -9.895315766334533691e-02 -5.546248555183410645e-01 -1.544063687324523926e-01 1.011122018098831177e-01 -2.482745796442031860e-02 4.574356600642204285e-02 2.333513349294662476e-01 2.997209131717681885e-01 -3.521214798092842102e-02 -7.260278612375259399e-02 6.421760916709899902e-01 -1.479025632143020630e-01 4.232021570205688477e-01 -3.128271102905273438e-01
-1.046818941831588745e-01 3.150619566440582275e-01 4.152645543217658997e-02 -1.938292011618614197e-02 -1.455160230398178101e-01 -3.215083479881286621e-01 -2.388239800930023193e-01 -3.632134199142456055e-01 -1.882909834384918213e-01 -2.252011299133300781e-01 -6.527125090360641479e-02 -5.590467154979705811e-02 -1.873274892568588257e-01 -6.425661593675613403e-02 -1.205586940050125122e-01 5.327160954475402832e-01 -9.802500158548355103e-02 -3.186438977718353271e-02 3.607562929391860962e-02 -1.030442714691162109e-01 -1.462429016828536987e-02 2.993388175964355469e-01 4.753222465515136719e-01 -3.397068381309509277e-02 1.422566771507263184e-01 -2.936816513538360596e-01 2.132787704467773438e-01 -9.599775075912475586e-02 2.022176980972290039e-01 1.982096731662750244e-01 -4.232672974467277527e-02 -2.910396829247474670e-02
-1.840732693672180176e-01 2.553835511207580566e-01 2.470571696758270264e-01 8.063061535358428955e-02 -1.809441000223159790e-01 1.938056647777557373e-01 1.344569474458694458e-01 1.719979196786880493e-01 -6.903719156980514526e-02 4.705634117126464844e-01 -4.573560655117034912e-01 -5.233100056648254395e-02 -3.421109914779663086e-01 -4.698373377323150635e-01 -1.710250526666641235e-01 4.762586355209350586e-01 -2.996279299259185791e-01 -1.542439460754394531e-01 -4.179455041885375977e-01 3.675086498260498047e-01 -1.104956865310668945e-02 3.718491196632385254e-01 4.095969796180725098e-01 -4.071309864521026611e-01 4.165804088115692139e-01 -1.112977601587772369e-02 3.656665682792663574e-01 -1.982258409261703491e-01 4.169777929782867432e-01 -5.708707869052886963e-02 3.799262270331382751e-02 4.400565847754478455e-02
-1.553089916706085205e-01 -3.401539921760559082e-01 8.968739211559295654e-02 5.215592309832572937e-02 -7.016743719577789307e-02 3.394197672605514526e-02 2.374487072229385376e-01 -4.207487702369689941e-01 -2.827070951461791992e-01 6.263747811317443848e-03 6.208916381001472473e-02 -4.132607579231262207e-01 -9.004905819892883301e-02 7.093740254640579224e-02 8.648682385683059692e-02 -2.063445448875427246e-01 2.689602971076965332e-01 7.030192017555236816e-02 -2.575108408927917480e-01 -3.008502721786499023e-01 -2.888857126235961914e-01 3.616375327110290527e-01 2.617672383785247803e-01 -3.723579049110412598e-01 2.384510487318038940e-01 -8.503775298595428467e-02 1.592001169919967651e-01 -2.536934614181518555e-01 1.263946741819381714e-01 5.381640195846557617e-01 2.505982816219329834e-01 -7.918287813663482666e-02
1.378182023763656616e-01 -1.045796573162078857e-01 -6.915826350450515747e-02 5.334948189556598663e-03 1.680356562137603760e-01 -1.834553480148315430e-01 -5.603229999542236328e-02 -2.742353081703186035e-01 -8.243426680564880371e-02 -1.636099964380264282e-01 -1.788760721683502197e-02 -3.140981495380401611e-01 -2.614465728402137756e-02 2.273015677928924561e-01 -3.522309064865112305e-01 2.027374207973480225e-01 1.424790769815444946e-01 7.715437561273574829e-03 9.717418998479843140e-02 -1.776076257228851318e-01 2.933271974325180054e-02 -2.835620939731597900e-01 -1.654216200113296509e-01 3.095685243606567383e-01 -2.343033701181411743e-01 -1.125085055828094482e-01 -4.493286088109016418e-02 -9.757580235600471497e-03 3.570639193058013916e-01 6.741353124380111694e-02 -9.018717706203460693e-02 -1.694001853466033936e-01
1.642491109669208527e-02 5.685434490442276001e-02 -6.792230904102325439e-02 -7.543230056762695312e-02 4.155324026942253113e-02 2.576186060905456543e-01 -8.877380192279815674e-02 -3.330398201942443848e-01 4.366098344326019287e-02 -1.979113370180130005e-02 -2.231310606002807617e-01 -2.948552668094635010e-01 8.029170334339141846e-03 -1.832873374223709106e-02 -1.203518211841583252e-01 -8.419247716665267944e-02 1.661294698715209961e-01 -3.106042742729187012e-02 1.547406911849975586e-01 -1.319888979196548462e-01 -1.663778722286224365e-01 -9.670715779066085815e-02 -8.537821471691131592e-02 -3.732394799590110779e-02 -3.990217670798301697e-02 -5.282958596944808960e-02 2.315613031387329102e-01 2.696537375450134277e-01 9.579686820507049561e-02 1.152846813201904297e-01 1.061987429857254028e-01 -4.240539669990539551e-02
2.743155360221862793e-01 -1.856276094913482666e-01 5.303443223237991333e-02 -3.662426397204399109e-02 -2.654564380645751953e-01 -3.948837220668792725e-01 -1.864910274744033813e-01 5.893784761428833008e-02 1.416977941989898682e-01 1.899566352367401123e-01 2.221831381320953369e-01 1.711132526397705078e-01 1.686934381723403931e-01 1.741294264793395996e-01 2.519237101078033447e-01 -8.982839435338973999e-02 -2.206727862358093262e-01 1.958432421088218689e-02 2.284727692604064941e-01 -2.026306688785552979e-01 9.831196069717407227e-02 -2.626916766166687012e-01 -3.478942811489105225e-01 7.918666601181030273e-01 -1.194008439779281616e-01 4.807872176170349121e-01 -9.517763555049896240e-02 -2.224835455417633057e-01 2.706834673881530762e-01 -2.741511762142181396e-01 2.626908123493194580e-01 -1.742412298917770386e-01
1.289347261190414429e-01 -7.533509135246276855e-01 1.202722191810607910e-01 3.848085552453994751e-02 -1.685301959514617920e-01 -1.372631490230560303e-01 -1.744983345270156860e-01 -2.514599561691284180e-01 -2.679792940616607666e-01 -1.965283602476119995e-01 -1.400602161884307861e-01 5.641927570104598999e-02 8.261163532733917236e-02 3.000043034553527832e-01 2.111848145723342896e-01 -1.017985865473747253e-01 1.874614506959915161e-02 -2.684407234191894531e-01 -2.734333574771881104e-01 -3.534578680992126465e-01 -9.040421247482299805e-02 3.049250543117523193e-01 1.686904132366180420e-01 -1.461979001760482788e-03 2.571000754833221436e-01 -1.945633739233016968e-01 3.945333063602447510e-01 -2.954342961311340332e-01 9.884721040725708008e-02 1.066382229328155518e-01 -7.321084290742874146e-02 -7.158260792493820190e-02
4.351229593157768250e-02 6.458985805511474609e-02 4.081465303897857666e-04 2.815443277359008789e-01 2.831719070672988892e-02 1.559066176414489746e-01 3.803835809230804443e-01 1.469266563653945923e-01 -2.819571271538734436e-02 4.070227742195129395e-01 9.570258855819702148e-02 -4.472482502460479736e-01 5.928888916969299316e-03 -2.836157381534576416e-02 -1.289912909269332886e-01 8.956079930067062378e-02 4.820121526718139648e-01 2.284423559904098511e-01 7.698770612478256226e-02 -1.240100339055061340e-02 -2.920028865337371826e-01 3.108304142951965332e-01 2.915808558464050293e-01 -2.079314887523651123e-01 -5.694009736180305481e-02 -6.158139556646347046e-02 -4.212023317813873291e-02 -2.993346452713012695e-01 1.741171181201934814e-01 1.777341365814208984e-01 3.711471557617187500e-01 1.754541099071502686e-01
1.147823780775070190e-01 -1.871501095592975616e-02 -1.787374019622802734e-01 1.200727745890617371e-01 -2.476950138807296753e-01 -1.101187542080879211e-01 4.837013185024261475e-01 -3.248190879821777344e-01 1.879371702671051025e-03 -4.126284718513488770e-01 2.020836994051933289e-02 -3.007069528102874756e-01 -1.637750715017318726e-01 -2.336429059505462646e-01 2.748487591743469238e-01 -1.768615841865539551e-01 -2.169261872768402100e-02 -9.920773655176162720e-02 2.877607196569442749e-02 1.701021194458007812e-01 -5.109822005033493042e-02 -3.146869540214538574e-01 -1.726795583963394165e-01 -2.848659083247184753e-02 -7.110533118247985840e-02 -6.928324699401855469e-02 -2.653816640377044678e-01 -1.431981474161148071e-01 -3.013387322425842285e-01 1.476643234491348267e-02 -1.169621348381042480e-01 7.934670150279998779e-02
-9.256274998188018799e-02 -3.867985680699348450e-02 -2.288405597209930420e-01 -2.700373530387878418e-01 1.171821355819702148e-02 -1.643251180648803711e-01 -1.562957912683486938e-01 4.992130398750305176e-02 -2.351306676864624023e-01 -4.691004753112792969e-03 -2.411717474460601807e-01 9.347832947969436646e-02 -2.948567271232604980e-01 1.976352334022521973e-01 -1.184938028454780579e-01 1.482664942741394043e-01 5.311640352010726929e-02 -3.829936981201171875e-01 -7.777781039476394653e-02 -4.898618161678314209e-02 5.334375053644180298e-02 9.857844561338424683e-03 4.598870277404785156e-01 2.578860521316528320e-01 2.048519551753997803e-01 -1.568316817283630371e-01 -2.002920657396316528e-01 9.288679063320159912e-02 -2.370349019765853882e-01 2.564092576503753662e-01 -1.321836411952972412e-01 -1.242440426722168922e-03
2.728297710418701172e-01 -3.848776593804359436e-02 -1.065791025757789612e-01 -1.051630303263664246e-01 -2.806535959243774414e-01 -9.273082017898559570e-03 2.090087682008743286e-01 -2.068227976560592651e-01 1.816063523292541504e-01 -2.566190063953399658e-02 4.431116580963134766e-01 -1.962324082851409912e-01 2.172943800687789917e-01 3.371501863002777100e-01 2.002984434366226196e-01 9.330823272466659546e-02 1.091933920979499817e-01 -1.739851087331771851e-01 -2.092824876308441162e-01 -4.682265222072601318e-02 -3.702043890953063965e-01 -2.119473665952682495e-01 -4.317473471164703369e-01 -3.765251487493515015e-02 -2.818699777126312256e-01 3.655862808227539062e-01 4.897395148873329163e-02 -5.625363811850547791e-02 1.168364882469177246e-01 1.692022234201431274e-01 2.670766115188598633e-01 -1.488390564918518066e-01
-1.341198086738586426e-01 6.973419785499572754e-01 2.029486000537872314e-01 1.356281936168670654e-01 -3.920828551054000854e-02 2.744919955730438232e-01 -1.761025041341781616e-01 4.081625491380691528e-02 7.027142494916915894e-02 -1.250176727771759033e-01 -5.025295615196228027e-01 -4.533842206001281738e-03 -5.300913453102111816e-01 -2.011627256870269775e-01 -1.056041382253170013e-02 7.568887621164321899e-02 -4.721546769142150879e-01 -2.738006412982940674e-01 1.755092740058898926e-01 2.712485492229461670e-01 9.021869301795959473e-02 -3.646940290927886963e-01 4.346585273742675781e-01 2.714560031890869141e-01 1.168833374977111816e-01 7.889705896377563477e-02 3.243579566478729248e-01 4.547845125198364258e-01 1.062153875827789307e-01 4.150916337966918945e-01 4.808018729090690613e-02 -8.134469389915466309e-02
4.327110350131988525e-01 1.230200305581092834e-01 -9.804616123437881470e-02 7.877924479544162750e-03 -4.202260375022888184e-01 -5.346179008483886719e-03 -2.826912701129913330e-01 -2.947187423706054688e-01 -3.781617581844329834e-01 7.104212790727615356e-02 -2.684041857719421387e-02 -4.470574110746383667e-02 2.383160740137100220e-01 6.120544672012329102e-02 -1.129697114229202271e-01 -7.268191128969192505e-02 -2.178783714771270752e-01 -5.633492767810821533e-02 -1.478543877601623535e-01 -2.426119595766067505e-01 -2.917525768280029297e-01 2.097815871238708496e-01 -3.374522924423217773e-02 -7.836684584617614746e-02 1.236124783754348755e-01 3.632903695106506348e-01 3.492208421230316162e-01 3.579474091529846191e-01 4.183856844902038574e-01 -2.976867556571960449e-01 -8.135949075222015381e-02 1.479201614856719971e-01
-1.718359291553497314e-01 -1.336472034454345703e-01 -1.047883555293083191e-01 -1.084794010967016220e-02 -1.167553663253784180e-01 -1.024388596415519714e-01 1.775617599487304688e-01 4.121939092874526978e-02 -2.574519813060760498e-01 2.812882661819458008e-01 -3.611592948436737061e-01 -1.679292619228363037e-01 -1.057975143194198608e-01 -2.756992578506469727e-01 -2.263844311237335205e-01 -5.425134301185607910e-02 -1.024464592337608337e-01 6.464507430791854858e-03 -2.626292705535888672e-01 -3.528919070959091187e-03 -4.201661795377731323e-02 2.150404751300811768e-01 2.081135809421539307e-01 -3.348893821239471436e-01 1.459140330553054810e-01 8.000922948122024536e-02 -3.735651373863220215e-01 -8.669522404670715332e-02 -6.121080368757247925e-02 5.190524086356163025e-02 2.927220985293388367e-02 6.524431705474853516e-02
2.082251310348510742e-01 1.464891135692596436e-01 6.588660180568695068e-03 -2.462648600339889526e-02 1.128772720694541931e-01 6.728686392307281494e-02 3.325804471969604492e-01 -2.874561548233032227e-01 -2.469238638877868652e-01 1.451721042394638062e-02 1.207761391997337341e-01 -9.326060861349105835e-02 -3.186568021774291992e-01 1.244447007775306702e-01 -1.875679939985275269e-01 -1.601139456033706665e-02 9.385109692811965942e-02 1.732234954833984375e-01 -4.138209819793701172e-01 2.843608260154724121e-01 -1.768711507320404053e-01 -3.922930061817169189e-01 1.557005047798156738e-01 -1.198169440031051636e-01 2.881936915218830109e-02 2.909374833106994629e-01 -1.089460216462612152e-02 4.396139681339263916e-01 -1.549047697335481644e-02 1.742054820060729980e-01 1.722640097141265869e-01 -2.939244806766510010e-01
3.575078248977661133e-01 6.025470048189163208e-02 -2.851904332637786865e-01 7.244781404733657837e-02 -1.798248291015625000e-01 -7.297077775001525879e-02 1.819115132093429565e-01 -1.041984185576438904e-02 1.621118783950805664e-01 -1.587350666522979736e-01 8.037149906158447266e-03 8.540344983339309692e-02 -3.480222076177597046e-02 1.033125370740890503e-01 1.504183113574981689e-01 -3.932759165763854980e-03 3.074957132339477539e-01 -3.135822713375091553e-01 -4.326787218451499939e-02 -7.937166839838027954e-03 -1.509221345186233521e-01 5.561650916934013367e-02 -2.527788281440734863e-01 2.931112051010131836e-01 5.606997758150100708e-02 5.386964678764343262e-01 -1.285510659217834473e-01 5.444496497511863708e-02 -7.467208057641983032e-02 1.657192111015319824e-01 4.104844033718109131e-01 3.163269758224487305e-01
-1.139403134584426880e-01 -5.857460498809814453e-01 -4.846856743097305298e-02 -1.948497444391250610e-01 -3.872771263122558594e-01 -1.149869859218597412e-01 -7.272783666849136353e-02 -8.799537271261215210e-02 -3.464240729808807373e-01 -2.962835133075714111e-01 -3.521475195884704590e-01 -1.329962462186813354e-01 -1.554131805896759033e-01 2.108731269836425781e-01 -5.059365928173065186e-02 2.371749877929687500e-01 -4.363672733306884766e-01 -1.310871690511703491e-01 -1.571316868066787720e-01 -5.965780615806579590e-01 -3.339217007160186768e-01 2.406499385833740234e-01 4.202463328838348389e-01 1.615149378776550293e-01 8.685930073261260986e-02 -3.328612148761749268e-01 1.745609641075134277e-01 -6.560096889734268188e-02 2.451900541782379150e-01 2.745897173881530762e-01 -1.017132624983787537e-01 -2.461440265178680420e-01
2.969748973846435547e-01 -3.065624460577964783e-02 -1.793904900550842285e-01 4.173122346401214600e-01 -4.452893733978271484e-01 -3.591087162494659424e-01 1.496658474206924438e-01 8.451509475708007812e-02 4.502470195293426514e-01 -6.127891689538955688e-02 -1.137798279523849487e-02 1.583335995674133301e-01 -1.861774921417236328e-01 -1.087580248713493347e-01 1.310213059186935425e-01 3.968684971332550049e-01 1.205435693264007568e-01 -1.846028119325637817e-01 2.755974978208541870e-02 -3.497343957424163818e-01 -4.829684644937515259e-02 2.609934806823730469e-01 -3.325057029724121094e-02 6.470360755920410156e-01 -1.812162548303604126e-01 2.248183488845825195e-01 -2.202920168638229370e-01 2.912901639938354492e-01 -2.394025027751922607e-01 -1.524671912193298340e-03 4.638363718986511230e-01 1.610954701900482178e-01
1.386253237724304199e-01 -1.425959169864654541e-02 -6.170160323381423950e-02 8.615650236606597900e-02 2.039301395416259766e-02 -5.608551204204559326e-02 -4.390058219432830811e-01 -2.308239787817001343e-01 -9.320871531963348389e-02 -1.439283043146133423e-01 3.531223535537719727e-02 5.174949765205383301e-01 -2.605598568916320801e-01 -9.825196117162704468e-02 1.496819593012332916e-02 2.961315810680389404e-01 1.801207661628723145e-01 -5.365441739559173584e-02 2.852239012718200684e-01 1.742082536220550537e-01 2.706856429576873779e-01 2.307330071926116943e-01 4.180118739604949951e-01 -1.148233376443386078e-02 6.508395671844482422e-01 1.454256474971771240e-01 1.919741779565811157e-01 -5.206012725830078125e-01 2.329515814781188965e-01 3.022902309894561768e-01 1.456600129604339600e-01 2.532450854778289795e-01
-4.352571368217468262e-01 2.412121593952178955e-01 3.648324608802795410e-01 -1.197048202157020569e-01 2.800822257995605469e-01 -2.847234606742858887e-01 -8.782604336738586426e-02 1.861863136291503906e-01 2.113470435142517090e-02 3.947307169437408447e-01 -4.757918417453765869e-01 1.979233324527740479e-02 -7.826327532529830933e-02 -6.455808132886886597e-02 -3.349176049232482910e-01 6.205963492393493652e-01 -5.742495507001876831e-02 -2.379578799009323120e-01 -3.061521351337432861e-01 8.914064615964889526e-02 1.268829405307769775e-01 2.410832047462463379e-01 4.644759297370910645e-01 3.376885503530502319e-02 3.928695917129516602e-01 -1.892750263214111328e-01 1.561529636383056641e-01 -5.085666105151176453e-02 1.078418940305709839e-01 -1.693534106016159058e-01 -1.420579254627227783e-01 -1.142056509852409363e-01
2.496193163096904755e-02 -9.756346791982650757e-02 -1.702239513397216797e-01 1.630351245403289795e-01 -4.020590782165527344e-01 1.422680020332336426e-01 1.146780252456665039e-01 -9.367896616458892822e-02 6.477575749158859253e-02 1.276339888572692871e-01 8.171322196722030640e-02 -3.200793862342834473e-01 -2.538296207785606384e-02 1.106313914060592651e-01 8.763564378023147583e-02 2.902682498097419739e-02 -8.422434329986572266e-03 -8.886803686618804932e-02 -1.527427881956100464e-01 -3.081950247287750244e-01 -1.900621056556701660e-01 -1.388958543539047241e-01 -2.983827590942382812e-01 -2.997164130210876465e-01 -2.679327130317687988e-01 3.511569201946258545e-01 -1.265669800341129303e-02 -2.970594763755798340e-01 3.162948489189147949e-01 1.373309046030044556e-01 3.537665009498596191e-01 -1.207648888230323792e-01
-6.162375584244728088e-02 2.580554783344268799e-01 1.589974761009216309e-01 -2.360238693654537201e-02 5.513000115752220154e-02 -1.522405743598937988e-01 3.041252121329307556e-02 6.355299800634384155e-02 6.920479983091354370e-02 2.191722989082336426e-01 4.529554024338722229e-02 7.961184531450271606e-02 -2.290195971727371216e-01 3.506301641464233398e-01 3.747595101594924927e-02 5.117541179060935974e-02 -3.072589635848999023e-03 -2.905669212341308594e-01 -1.055921614170074463e-01 3.534727096557617188e-01 1.401979476213455200e-01 -3.168065547943115234e-01 3.268451243638992310e-02 2.925246655941009521e-01 -2.001720294356346130e-02 1.614584177732467651e-01 -2.513646781444549561e-01 1.451304852962493896e-01 -2.587165534496307373e-01 -3.203272819519042969e-03 2.239551022648811340e-02 -1.080262809991836548e-01
-4.648168683052062988e-01 -2.292850017547607422e-01 2.112090885639190674e-01 -2.362647354602813721e-01 1.378713548183441162e-01 -2.617621719837188721e-01 3.446851372718811035e-01 -2.624231576919555664e-01 1.755280792713165283e-01 1.155914366245269775e-02 -9.929702430963516235e-02 -7.868330180644989014e-02 -2.113278657197952271e-01 6.595347076654434204e-03 -6.879816949367523193e-02 5.610873103141784668e-01 2.085514962673187256e-01 -3.708514869213104248e-01 -2.796717733144760132e-02 1.129079461097717285e-01 -1.266010105609893799e-01 1.914965957403182983e-01 -1.270664185285568237e-01 -3.676526993513107300e-02 1.099705994129180908e-01 -3.101207315921783447e-01 -3.330537676811218262e-01 2.343912571668624878e-01 -2.653103768825531006e-01 -2.428084015846252441e-01 -2.553696632385253906e-01 -1.057937517762184143e-01
6.968015432357788086e-02 -4.639275372028350830e-03 8.363632857799530029e-02 8.027008175849914551e-02 1.565488129854202271e-01 -3.486596047878265381e-01 -9.360559284687042236e-02 -1.023489534854888916e-01 -4.485674947500228882e-02 -1.226069107651710510e-01 2.008899152278900146e-01 4.828693717718124390e-02 -2.367568016052246094e-01 -1.269018650054931641e-01 1.048785746097564697e-01 4.660382568836212158e-01 1.167316734790802002e-01 9.423191845417022705e-02 -4.596450328826904297e-01 9.684374928474426270e-02 -1.420021951198577881e-01 1.311536580324172974e-01 3.162225484848022461e-01 1.220885515213012695e-01 3.162048459053039551e-01 -1.332077383995056152e-01 8.280664682388305664e-02 -1.810702234506607056e-01 1.453691124916076660e-01 -1.836296319961547852e-01 -1.039413288235664368e-01 -3.918678462505340576e-01
3.063216991722583771e-02 1.431106030941009521e-01 4.368939250707626343e-02 6.151176057755947113e-03 5.487445741891860962e-02 -2.141698747873306274e-01 1.054129227995872498e-01 1.817445904016494751e-01 2.971812188625335693e-01 6.334713846445083618e-02 1.094842851161956787e-01 3.813642263412475586e-01 1.359700411558151245e-02 -4.514420926570892334e-01 -4.128768295049667358e-02 1.501179486513137817e-01 6.331092864274978638e-02 2.333542555570602417e-01 -9.056515991687774658e-03 -4.916313104331493378e-03 1.418579518795013428e-01 6.211292147636413574e-01 2.493082582950592041e-01 5.450391396880149841e-02 1.418631672859191895e-01 -3.339841216802597046e-02 1.543183326721191406e-01 6.046357378363609314e-02 -3.406653404235839844e-01 -2.047519981861114502e-01 -5.788751691579818726e-02 1.597930938005447388e-01
-2.110905945301055908e-03 4.661642014980316162e-02 1.506527662277221680e-01 3.242925703525543213e-01 -1.093009412288665771e-01 1.991400867700576782e-02 1.067441478371620178e-01 2.719417959451675415e-02 3.061375021934509277e-01 2.819352447986602783e-01 -7.983324676752090454e-02 6.646872311830520630e-02 4.445809125900268555e-02 -2.892388403415679932e-01 5.182956904172897339e-02 5.377388000488281250e-01 3.039655089378356934e-01 1.390235275030136108e-01 -3.074506819248199463e-01 1.132626533508300781e-01 -4.978718981146812439e-02 6.869185566902160645e-01 3.099147975444793701e-01 2.048909291625022888e-02 1.437173783779144287e-01 -3.441426455974578857e-01 2.241018414497375488e-01 1.631017923355102539e-01 -1.135686933994293213e-01 7.792846858501434326e-02 2.843298316001892090e-01 4.647440612316131592e-01
-2.044995874166488647e-01 1.923356652259826660e-01 2.638075947761535645e-01 9.572151117026805878e-03 4.145090579986572266e-01 2.564203739166259766e-02 1.558542698621749878e-01 -1.032965630292892456e-01 4.033715277910232544e-02 6.979326009750366211e-01 -3.318825662136077881e-01 1.075845435261726379e-01 -2.013457566499710083e-01 -8.437646180391311646e-02 -2.909948825836181641e-01 4.731149226427078247e-02 6.588995456695556641e-04 1.273969709873199463e-01 -4.364566206932067871e-01 3.397873938083648682e-01 -1.139321923255920410e-01 1.850447058677673340e-01 2.562100589275360107e-01 -4.445331394672393799e-01 2.688495814800262451e-01 2.740547060966491699e-01 5.515382885932922363e-01 1.023772954940795898e-01 1.116311699151992798e-01 -1.301419734954833984e-01 2.403720468282699585e-01 1.804935485124588013e-01
-3.257650434970855713e-01 8.269514888525009155e-02 2.789648473262786865e-01 -2.419672906398773193e-02 2.358646988868713379e-01 -2.689614892005920410e-01 -4.039821326732635498e-01 -1.278485953807830811e-01 -3.609247207641601562e-01 -5.755294486880302429e-02 -2.661231160163879395e-01 1.159889325499534607e-01 -9.238121658563613892e-02 2.541104555130004883e-01 -2.751727700233459473e-01 3.696055114269256592e-01 -2.173210382461547852e-01 -1.954592019319534302e-01 -6.221091002225875854e-02 -4.595468193292617798e-02 2.560109645128250122e-02 -1.222730800509452820e-02 4.240980446338653564e-01 -5.794525891542434692e-02 3.180190920829772949e-01 -6.039384007453918457e-02 3.919132053852081299e-01 -5.666148290038108826e-02 2.258683443069458008e-01 2.432727515697479248e-01 -1.145229935646057129e-01 -1.358507871627807617e-01
3.785834610462188721e-01 -2.274045720696449280e-02 -2.635768428444862366e-02 1.643986254930496216e-01 -3.195719718933105469e-01 -3.826970979571342468e-02 -2.034813910722732544e-01 3.163040429353713989e-02 1.964359879493713379e-01 -1.361426711082458496e-02 2.686182558536529541e-01 3.483487367630004883e-01 2.814934849739074707e-01 -6.424840539693832397e-03 3.821918368339538574e-01 -5.202575027942657471e-02 -1.126772090792655945e-01 -2.175979763269424438e-01 -2.194856703281402588e-01 -1.007360816001892090e-01 -1.927947103977203369e-01 4.589458703994750977e-01 2.163053154945373535e-01 -2.559934742748737335e-02 1.226384490728378296e-01 -3.899172320961952209e-02 4.668272435665130615e-01 -3.011748939752578735e-02 -2.757512629032135010e-01 -1.043463200330734253e-01 2.060165852308273315e-01 2.811434268951416016e-01
2.937325835227966309e-01 3.894499242305755615e-01 2.489387392997741699e-01 2.006021142005920410e-01 -9.122878313064575195e-02 -1.460507661104202271e-01 1.362775415182113647e-01 2.967006564140319824e-01 1.282770037651062012e-01 4.044449925422668457e-01 -1.658264398574829102e-01 1.929206550121307373e-01 -4.534075036644935608e-02 3.078307583928108215e-02 -1.781388223171234131e-01 2.648895680904388428e-01 -1.350041478872299194e-02 -1.943307965993881226e-01 3.006963431835174561e-02 3.522692918777465820e-01 1.337746530771255493e-02 6.684234738349914551e-02 2.482903003692626953e-01 1.290704011917114258e-01 3.041146099567413330e-01 2.861915528774261475e-01 1.393001526594161987e-01 -3.507121000438928604e-03 -1.909542828798294067e-01 -2.151299417018890381e-01 6.028880476951599121e-01 2.055753022432327271e-01
-3.541980311274528503e-02 -1.395257413387298584e-01 -2.799715995788574219e-01 1.327290236949920654e-01 -1.824633926153182983e-01 -6.263136863708496094e-02 -2.972431778907775879e-01 8.474795520305633545e-02 1.962195932865142822e-01 -1.844538003206253052e-01 9.241291880607604980e-02 -1.234839558601379395e-01 3.927634954452514648e-01 7.924256473779678345e-02 -3.766655549407005310e-02 7.645431160926818848e-02 4.069748520851135254e-01 -3.031288087368011475e-01 -8.506162464618682861e-02 6.948537379503250122e-02 1.875593066215515137e-01 -9.239456057548522949e-02 -1.570391207933425903e-01 -3.676067590713500977e-01 -2.213883996009826660e-01 -1.177657023072242737e-01 1.824227422475814819e-01 1.116552390158176422e-02 9.229201078414916992e-02 2.954234182834625244e-01 1.578699648380279541e-01 1.755305230617523193e-01
2.436467260122299194e-01 4.248721152544021606e-02 -2.609379962086677551e-02 2.305039465427398682e-01 -2.765601128339767456e-02 4.274196922779083252e-03 -1.658093482255935669e-01 -1.922553181648254395e-01 7.769799977540969849e-02 -2.395641505718231201e-01 6.592994183301925659e-02 -2.553483843803405762e-02 -4.273237586021423340e-01 -2.394821941852569580e-01 4.838174581527709961e-02 9.391443431377410889e-02 2.445945441722869873e-01 1.015094667673110962e-01 2.558710277080535889e-01 6.766480207443237305e-02 2.372412383556365967e-01 -3.176314532756805420e-01 2.708400785923004150e-01 2.199873328208923340e-01 3.870852291584014893e-02 6.671960651874542236e-02 1.594905704259872437e-01 -2.490375339984893799e-01 5.190804973244667053e-02 2.739698290824890137e-01 1.387218758463859558e-02 -1.301580965518951416e-01
-1.981358975172042847e-02 3.681885302066802979e-01 1.425760686397552490e-01 1.603391766548156738e-02 4.225687980651855469e-01 -1.072264313697814941e-01 -2.092891186475753784e-02 1.928081363439559937e-02 -4.726653918623924255e-02 3.082646131515502930e-01 -2.506203353404998779e-01 1.202759370207786560e-01 4.893462359905242920e-02 -1.285099089145660400e-01 -6.047586798667907715e-01 1.248154342174530029e-01 -1.110218390822410583e-01 2.476919144392013550e-01 -4.478159174323081970e-02 -1.070366241037845612e-02 1.161665618419647217e-01 1.258196681737899780e-01 3.087943792343139648e-01 -1.988658308982849121e-02 1.675757467746734619e-01 1.175085529685020447e-01 3.192360699176788330e-01 1.462408751249313354e-01 3.157820105552673340e-01 -5.103728175163269043e-02 2.682885825634002686e-01 -1.303788870573043823e-01
1.079352498054504395e-01 9.498767554759979248e-03 -3.205994963645935059e-01 -8.773358538746833801e-03 -2.136736065149307251e-01 6.462275981903076172e-02 1.833182722330093384e-01 -1.974454820156097412e-01 1.837716400623321533e-01 -3.871325850486755371e-01 8.037976920604705811e-03 2.777312397956848145e-01 -7.720772624015808105e-01 2.338761836290359497e-02 1.542915850877761841e-01 -1.746642887592315674e-01 1.754998266696929932e-01 4.885665699839591980e-02 -2.749215066432952881e-01 -3.127845376729965210e-02 -1.291141510009765625e-01 8.120773732662200928e-02 3.223725259304046631e-01 -5.094628334045410156e-01 3.208731412887573242e-01 -1.519589126110076904e-01 1.102392226457595825e-01 -2.273051999509334564e-02 -1.024228781461715698e-01 3.344093263149261475e-01 1.266969889402389526e-01 -1.060224696993827820e-02
-1.612747162580490112e-01 -5.909503251314163208e-02 -1.221943274140357971e-01 -1.511173099279403687e-01 -4.917640984058380127e-02 2.030124366283416748e-01 -9.182318300008773804e-02 3.569994121789932251e-02 -3.051875233650207520e-01 -7.269428670406341553e-02 -3.863129913806915283e-01 8.859515190124511719e-03 -4.500882029533386230e-01 -1.230513527989387512e-01 1.170799434185028076e-01 2.732441425323486328e-01 1.024278253316879272e-02 -2.073078304529190063e-01 -1.991372108459472656e-01 7.858306169509887695e-02 1.651936322450637817e-01 1.223735511302947998e-01 5.921137332916259766e-01 -2.018041461706161499e-01 3.600744605064392090e-01 -2.270978987216949463e-01 1.215661466121673584e-01 -1.486492455005645752e-01 -1.843417882919311523e-01 1.701506376266479492e-01 -2.160876691341400146e-01 9.825781732797622681e-02
2.493447810411453247e-02 -1.642264127731323242e-01 -3.471399843692779541e-01 1.711387038230895996e-01 -4.621366411447525024e-02 1.307272166013717651e-01 -2.187263071537017822e-01 -9.546312689781188965e-02 -4.003148078918457031e-01 7.421313971281051636e-02 -8.006069809198379517e-02 1.020832359790802002e-02 7.267427444458007812e-02 -3.675280213356018066e-01 4.174561202526092529e-01 -3.678892552852630615e-01 4.922492206096649170e-01 -7.279030978679656982e-02 -2.184894084930419922e-01 2.317889928817749023e-01 3.219211697578430176e-01 4.915465712547302246e-01 1.959144920110702515e-01 -5.651795864105224609e-02 6.905319541692733765e-02 -9.049519151449203491e-02 -1.408481597900390625e-01 -6.191318035125732422e-01 -2.643843591213226318e-01 8.525870740413665771e-03 -4.415423274040222168e-01 4.188028573989868164e-01
2.511283382773399353e-03 1.456277072429656982e-01 9.415578842163085938e-02 1.016998812556266785e-01 1.626884192228317261e-01 4.568406343460083008e-01 2.633305490016937256e-01 1.277958452701568604e-01 1.025501266121864319e-01 -1.574621349573135376e-02 -4.854291975498199463e-01 -2.544194459915161133e-01 2.535064518451690674e-02 -9.854377061128616333e-02 -1.678444296121597290e-01 -7.529196888208389282e-02 -6.667864918708801270e-01 -1.160556972026824951e-01 -6.240011006593704224e-02 2.424336969852447510e-01 6.778737902641296387e-02 -3.889020979404449463e-01 -2.952321171760559082e-01 -1.862073391675949097e-01 -2.058225870132446289e-01 4.177953600883483887e-01 -1.037590205669403076e-01 1.973210275173187256e-01 2.268524467945098877e-01 -2.664934098720550537e-01 -8.247408270835876465e-02 -1.366567797958850861e-02
1.657511889934539795e-01 1.984727680683135986e-01 6.935032084584236145e-03 2.109843641519546509e-01 1.092249527573585510e-02 1.293246597051620483e-01 1.828401684761047363e-01 -6.224623322486877441e-02 2.145909965038299561e-01 6.732498854398727417e-02 5.767320096492767334e-02 5.258615016937255859e-01 -1.146282702684402466e-01 -5.300726294517517090e-01 1.347214728593826294e-01 7.611820101737976074e-02 -6.009880453348159790e-02 2.178906649351119995e-01 9.394824504852294922e-03 3.744894862174987793e-01 7.100628316402435303e-02 3.961155712604522705e-01 2.804885506629943848e-01 -3.834888637065887451e-01 4.377894997596740723e-01 1.230702176690101624e-01 2.665516138076782227e-01 6.148031353950500488e-02 -2.405689209699630737e-01 -5.136929452419281006e-03 2.063727527856826782e-01 3.461593687534332275e-01
-2.316647022962570190e-01 -5.417313426733016968e-02 -2.206284403800964355e-01 1.528328005224466324e-02 3.352375030517578125e-01 -2.155577689409255981e-01 -1.084065884351730347e-01 -1.784942150115966797e-01 -3.386661410331726074e-03 -6.601176410913467407e-02 -2.393583059310913086e-01 -3.645734786987304688e-01 2.060542851686477661e-01 1.368976756930351257e-02 -2.234184741973876953e-01 6.728708744049072266e-02 -2.936153858900070190e-02 2.406822592020034790e-01 -1.111936196684837341e-01 -3.233771026134490967e-01 -1.504342630505561829e-02 6.217621639370918274e-02 -1.509270519018173218e-01 6.216363981366157532e-02 -2.596542239189147949e-03 -4.336587786674499512e-01 8.605426549911499023e-02 -2.817231118679046631e-01 2.194355428218841553e-01 -2.220623791217803955e-01 -2.126868516206741333e-01 -2.869536578655242920e-01
-8.196625113487243652e-02 -4.033882170915603638e-02 3.702527284622192383e-01 -7.495132088661193848e-02 4.556666314601898193e-02 -2.129882425069808960e-01 -3.046509027481079102e-01 -5.772675201296806335e-02 -3.193973004817962646e-01 2.234522700309753418e-01 -3.105005323886871338e-01 3.955835103988647461e-02 1.653103977441787720e-01 1.967623233795166016e-01 -2.619982063770294189e-01 5.908329486846923828e-01 2.221822738647460938e-03 -1.331537216901779175e-01 -4.968861490488052368e-02 7.541624456644058228e-02 6.864112615585327148e-02 1.448836922645568848e-01 1.841077059507369995e-01 2.431662976741790771e-01 2.002878934144973755e-01 -1.277561187744140625e-01 3.432631492614746094e-04 1.131991855800151825e-03 2.841709852218627930e-01 -4.152343422174453735e-02 -2.348046898841857910e-01 9.871788322925567627e-03
-5.242673680186271667e-02 4.166457355022430420e-01 1.881425082683563232e-01 -1.407806724309921265e-01 -8.886033296585083008e-02 -1.607755124568939209e-01 -1.503188163042068481e-01 -1.974491626024246216e-01 -1.789524853229522705e-01 4.304672479629516602e-01 -3.050340414047241211e-01 3.603165447711944580e-01 -6.488499045372009277e-02 -2.707071006298065186e-01 -1.465745419263839722e-01 -2.025469243526458740e-01 -2.795934379100799561e-01 -9.780313819646835327e-02 -5.878816246986389160e-01 6.872395277023315430e-01 1.388084739446640015e-01 2.879503965377807617e-01 4.929758906364440918e-01 -5.048474073410034180e-01 3.373841345310211182e-01 4.176897704601287842e-01 4.588875770568847656e-01 -1.500059515237808228e-01 5.607829615473747253e-02 -9.596881270408630371e-02 1.352514922618865967e-01 3.431346118450164795e-01
8.627639710903167725e-02 6.151424348354339600e-02 2.193327546119689941e-01 -3.179898485541343689e-02 -2.887445092201232910e-01 7.132269442081451416e-02 2.109844386577606201e-01 3.059129416942596436e-02 1.376207470893859863e-01 4.590353965759277344e-01 -8.864084631204605103e-02 -1.332708597183227539e-01 -1.508361250162124634e-01 -2.488529980182647705e-01 2.398113608360290527e-01 3.183166682720184326e-01 -4.780013114213943481e-02 2.817482873797416687e-02 -1.331949681043624878e-01 5.789461731910705566e-02 -4.081388711929321289e-01 -9.087429195642471313e-02 -1.082894355058670044e-01 4.170979186892509460e-02 1.601856201887130737e-01 2.425807863473892212e-01 -1.051365435123443604e-01 1.030677706003189087e-01 -1.842392235994338989e-02 -2.268875241279602051e-01 1.958041340112686157e-01 -1.564877033233642578e-01
-1.188606396317481995e-02 -1.706575229763984680e-02 4.196883738040924072e-02 -5.402749404311180115e-02 -7.509149312973022461e-01 9.590576589107513428e-02 -8.543809503316879272e-02 -9.888251870870590210e-02 -2.333290576934814453e-01 3.435067832469940186e-03 -3.638239502906799316e-01 -2.684595286846160889e-01 -3.016555011272430420e-01 -6.981079280376434326e-02 2.993384003639221191e-01 2.676098048686981201e-02 -2.967050969600677490e-01 -1.524281054735183716e-01 -1.958353519439697266e-01 4.319262504577636719e-02 -1.820888817310333252e-01 -3.574509024620056152e-01 1.750798374414443970e-01 -3.126293420791625977e-01 8.184390515089035034e-02 3.358644247055053711e-02 4.421055316925048828e-01 2.509982287883758545e-01 5.201559141278266907e-02 7.448530942201614380e-02 7.738320529460906982e-02 -1.829685866832733154e-01
-2.071371525526046753e-01 1.506931185722351074e-01 1.309177130460739136e-01 9.516569226980209351e-02 -4.864604026079177856e-02 9.949402511119842529e-02 -1.608683913946151733e-01 -3.195507824420928955e-02 -1.307341605424880981e-01 8.176439255475997925e-02 -2.968816161155700684e-01 2.314776778221130371e-01 -1.988380402326583862e-01 -3.662689030170440674e-01 2.607998251914978027e-01 1.178763210773468018e-01 1.359262913465499878e-01 -6.411269307136535645e-02 -2.966236174106597900e-01 4.074330329895019531e-01 4.491646885871887207e-01 4.450250267982482910e-01 3.301549255847930908e-01 -2.832070291042327881e-01 3.581343591213226318e-01 -2.149591445922851562e-01 2.639729380607604980e-01 -5.360361933708190918e-01 -2.688344120979309082e-01 -2.996779680252075195e-01 -2.295465320348739624e-01 1.591806709766387939e-01
-7.972729206085205078e-02 1.874160394072532654e-02 3.011459298431873322e-02 -2.567980587482452393e-01 -6.267803907394409180e-02 -9.005597233772277832e-02 -2.730641365051269531e-01 -7.160792499780654907e-02 -3.345396220684051514e-01 4.439179301261901855e-01 -2.427916526794433594e-01 -1.378543674945831299e-01 6.300614774227142334e-02 -2.948887646198272705e-03 3.109230659902095795e-02 -6.278001517057418823e-02 5.110427737236022949e-02 -1.899942755699157715e-01 -1.251045167446136475e-01 1.836438477039337158e-01 9.582893550395965576e-02 1.449448764324188232e-01 4.116568565368652344e-01 -7.413484156131744385e-02 3.545943498611450195e-01 -1.978186219930648804e-01 -2.288929186761379242e-02 -2.847859263420104980e-01 -1.567891091108322144e-01 2.494864165782928467e-02 -1.519540250301361084e-01 1.854787319898605347e-01
-1.271489411592483521e-01 2.726676762104034424e-01 3.045258522033691406e-01 9.434507042169570923e-02 3.592233359813690186e-02 3.530107438564300537e-01 1.625660359859466553e-01 2.125026434659957886e-01 2.680574655532836914e-01 3.338952958583831787e-01 -3.990237414836883545e-01 -2.359092831611633301e-01 -1.547995358705520630e-01 -1.121546402573585510e-01 -2.886942625045776367e-01 1.641195714473724365e-01 -1.278184950351715088e-01 -2.693682909011840820e-01 -4.019934237003326416e-01 3.957139551639556885e-01 1.123624444007873535e-01 1.923885047435760498e-01 9.304935485124588013e-02 -1.132765054702758789e+00 3.696607053279876709e-01 1.297469437122344971e-01 6.025385260581970215e-01 -1.406775116920471191e-01 1.641378551721572876e-02 -1.350794583559036255e-01 1.459733396768569946e-01 2.304152399301528931e-01
-3.323540985584259033e-01 1.433884352445602417e-02 3.352954089641571045e-01 -1.077591106295585632e-01 4.149616956710815430e-01 -2.185218483209609985e-01 1.779819279909133911e-02 -1.383005976676940918e-01 -1.496587097644805908e-01 5.664021968841552734e-01 -3.574756681919097900e-01 -3.299713879823684692e-02 5.447939038276672363e-02 1.969816982746124268e-01 -2.877953350543975830e-01 4.333106577396392822e-01 2.596848309040069580e-01 -7.062150537967681885e-02 -8.943265676498413086e-02 1.393066942691802979e-01 9.600059688091278076e-02 1.309674233198165894e-01 -7.173700630664825439e-02 -1.240666303783655167e-02 3.076241910457611084e-01 -9.696182608604431152e-02 8.667001128196716309e-02 2.486005425453186035e-02 1.080919653177261353e-01 -1.327612996101379395e-01 1.938680931925773621e-02 4.725018143653869629e-02
-1.864391416311264038e-01 1.733854711055755615e-01 -2.539102733135223389e-01 -1.246012747287750244e-01 3.857042789459228516e-01 -1.104665324091911316e-01 -1.199551299214363098e-01 -8.074051141738891602e-02 -1.616940796375274658e-01 1.683315336704254150e-01 -7.622211426496505737e-02 -5.211718082427978516e-01 2.819541692733764648e-01 2.473285794258117676e-02 -4.132466018199920654e-01 -3.861098736524581909e-02 -1.098450347781181335e-01 1.109576374292373657e-01 1.821635663509368896e-01 -7.794386148452758789e-01 -4.710071384906768799e-01 2.401288151741027832e-01 7.610312104225158691e-02 -8.079282939434051514e-02 -2.894275262951850891e-02 -2.426333427429199219e-01 3.048169314861297607e-01 1.547865420579910278e-01 5.506139993667602539e-01 1.057535186409950256e-01 2.697337269783020020e-01 -1.926668286323547363e-01
2.214307934045791626e-01 8.837299793958663940e-02 5.556580424308776855e-02 5.739596858620643616e-02 -1.617246866226196289e-02 -4.970930218696594238e-01 -3.173747956752777100e-01 -2.981070280075073242e-01 -9.103893488645553589e-02 1.445475220680236816e-01 1.248460710048675537e-01 -5.562944710254669189e-02 3.680786490440368652e-01 2.937770485877990723e-01 -3.489679992198944092e-01 3.578203916549682617e-01 1.036420911550521851e-01 7.497696578502655029e-02 3.160671293735504150e-01 -6.706641912460327148e-01 -1.358077228069305420e-01 4.567602872848510742e-01 1.269918978214263916e-01 1.027001291513442993e-01 -1.468552276492118835e-03 -3.519915044307708740e-02 3.390325903892517090e-01 -2.730588614940643311e-02 7.094378471374511719e-01 -8.963993191719055176e-02 4.230056107044219971e-01 -1.903107389807701111e-02
-4.116007313132286072e-02 -1.506255865097045898e-01 7.370308041572570801e-02 -1.954544335603713989e-03 2.151257693767547607e-01 2.107073664665222168e-01 7.118790596723556519e-02 -1.306835412979125977e-01 -8.525620400905609131e-02 2.225263118743896484e-01 -1.024733856320381165e-01 -1.407127380371093750e-01 -2.140236645936965942e-02 -6.101270765066146851e-02 -7.561244070529937744e-02 -8.425148576498031616e-02 1.158523783087730408e-01 8.707883954048156738e-02 -1.461824029684066772e-01 1.122985333204269409e-01 -1.988857239484786987e-01 1.038846820592880249e-01 -7.844096422195434570e-02 -1.532929837703704834e-01 3.512450680136680603e-02 1.242066696286201477e-01 1.654074490070343018e-01 3.639495968818664551e-01 -8.213068544864654541e-02 -1.778285503387451172e-01 2.652315422892570496e-02 3.761336952447891235e-02
-1.291745603084564209e-01 2.061188817024230957e-01 2.223132848739624023e-01 -1.271104067564010620e-01 1.244297996163368225e-01 1.317275613546371460e-01 3.820506036281585693e-01 2.343446463346481323e-01 2.510472238063812256e-01 2.375967502593994141e-01 -1.037200614809989929e-01 -8.484304696321487427e-02 -2.774150967597961426e-01 -5.793931335210800171e-02 -3.016675710678100586e-01 9.498794376850128174e-02 1.375364214181900024e-01 -4.009697437286376953e-01 -2.889678254723548889e-02 4.498197138309478760e-01 -8.305204659700393677e-02 -2.134090512990951538e-01 7.754411548376083374e-03 -2.391984462738037109e-01 -9.960037469863891602e-02 6.141440868377685547e-01 -4.579423367977142334e-02 3.222660422325134277e-01 -1.470176279544830322e-01 -1.136801689863204956e-01 1.409640312194824219e-01 -1.284317225217819214e-01
3.409247696399688721e-01 6.989932060241699219e-02 -8.904207497835159302e-03 -1.557499170303344727e-03 -3.531312942504882812e-01 1.961082220077514648e-01 -1.608054637908935547e-01 -2.834438383579254150e-01 9.977156668901443481e-02 -3.262909352779388428e-01 6.932084262371063232e-02 3.316219747066497803e-01 5.494503676891326904e-02 2.205696702003479004e-01 1.560897082090377808e-01 -3.900636732578277588e-01 -2.300540506839752197e-01 -8.587185293436050415e-03 -5.826875567436218262e-04 -1.951495856046676636e-01 -2.128759175539016724e-01 -3.736297413706779480e-02 1.170622408390045166e-01 -2.731094360351562500e-01 -9.572006762027740479e-02 1.072642728686332703e-01 3.534128963947296143e-01 3.374042809009552002e-01 -3.878454566001892090e-01 3.037761151790618896e-01 4.867925122380256653e-02 1.286054216325283051e-02
4.397810697555541992e-01 1.744035184383392334e-01 -1.786489486694335938e-01 1.232991591095924377e-01 -3.177696466445922852e-01 -2.149698883295059204e-01 5.204468220472335815e-02 -1.601969599723815918e-01 -9.382933378219604492e-03 -5.408041179180145264e-02 4.765855967998504639e-01 3.775683343410491943e-01 -2.568727731704711914e-01 1.115614548325538635e-02 3.077619671821594238e-01 -1.407551169395446777e-01 2.012844979763031006e-01 1.008572131395339966e-01 -2.704094052314758301e-01 3.130095079541206360e-02 -5.504003167152404785e-02 2.336642742156982422e-01 4.801278114318847656e-01 8.715979754924774170e-02 6.843733787536621094e-02 2.129991352558135986e-01 -7.284444570541381836e-02 -1.236410439014434814e-01 -1.851707398891448975e-01 3.055370226502418518e-02 1.620675623416900635e-01 -1.802335307002067566e-02
2.184408158063888550e-01 2.106037735939025879e-01 3.070114850997924805e-01 1.681657731533050537e-01 -3.758308291435241699e-01 -3.527858853340148926e-01 -2.552521601319313049e-02 -1.462440788745880127e-01 -1.918035745620727539e-01 2.128598690032958984e-01 1.310034692287445068e-01 6.053300946950912476e-02 9.355179965496063232e-03 3.018095195293426514e-01 2.758170962333679199e-01 2.533166706562042236e-01 -3.124137222766876221e-01 -1.976623386144638062e-01 -6.782714128494262695e-01 5.863209962844848633e-01 -6.998316198587417603e-02 -2.799671292304992676e-01 2.973134815692901611e-01 7.323695719242095947e-02 2.119469344615936279e-01 1.408686488866806030e-01 1.484427154064178467e-01 -3.339466154575347900e-01 -9.435816109180450439e-02 -4.062980115413665771e-01 2.418279200792312622e-01 -9.079740941524505615e-02
1.223820000886917114e-01 -2.986546605825424194e-02 -3.883454948663711548e-02 -7.313324511051177979e-02 1.027658581733703613e-01 -2.024380415678024292e-01 1.596552729606628418e-01 -9.409815073013305664e-02 -2.246965765953063965e-01 -1.909897476434707642e-02 2.002646401524543762e-02 -2.076463401317596436e-01 9.441071748733520508e-02 3.374761343002319336e-01 -1.721088439226150513e-01 -3.694089949131011963e-01 2.056798040866851807e-01 -7.908159494400024414e-02 2.077642828226089478e-02 -1.141837388277053833e-01 -1.466625332832336426e-01 1.163127645850181580e-02 7.477944344282150269e-02 7.024471461772918701e-02 1.377692371606826782e-01 2.275684326887130737e-01 -1.323086917400360107e-01 -2.231056801974773407e-02 2.019841223955154419e-02 4.173499643802642822e-01 3.386770486831665039e-01 1.791359484195709229e-01
-7.069282233715057373e-02 -2.107754945755004883e-01 -1.589101925492286682e-02 -7.865179330110549927e-02 -5.551522970199584961e-02 1.192039847373962402e-01 -3.933622315526008606e-02 9.190955758094787598e-02 -3.296206891536712646e-01 6.649110466241836548e-02 -1.152097508311271667e-01 -1.378300338983535767e-01 -8.712793886661529541e-02 1.202886179089546204e-01 1.588514298200607300e-01 3.605639636516571045e-01 1.575504094362258911e-01 -2.162120938301086426e-01 -3.875887393951416016e-01 -4.899581521749496460e-02 -5.413314700126647949e-02 2.935692369937896729e-01 4.394141733646392822e-01 1.040439009666442871e-01 1.038681864738464355e-01 -4.576264321804046631e-01 -8.044303953647613525e-02 -9.373366832733154297e-02 -2.457291483879089355e-01 -1.115476787090301514e-01 -3.523232638835906982e-01 1.339745149016380310e-02
2.132612913846969604e-01 2.909029722213745117e-01 1.395889520645141602e-01 1.886610090732574463e-01 4.118233174085617065e-02 -2.093398422002792358e-01 3.815812766551971436e-01 -1.268437951803207397e-01 1.151545271277427673e-01 3.716050833463668823e-02 2.647195011377334595e-02 7.066581398248672485e-02 -3.443277478218078613e-01 2.291581965982913971e-02 -3.399696052074432373e-01 5.119870230555534363e-02 7.767976820468902588e-02 -2.781115472316741943e-04 -9.438319504261016846e-02 4.139035642147064209e-01 2.759727090597152710e-02 -3.266701698303222656e-01 8.920874446630477905e-02 4.933855310082435608e-02 -7.210361957550048828e-02 3.422535061836242676e-01 -1.552325487136840820e-01 2.232135981321334839e-01 -2.247711420059204102e-01 3.950996324419975281e-02 1.734904497861862183e-01 4.931345582008361816e-03
-9.480129927396774292e-03 1.692366898059844971e-01 3.201198279857635498e-01 -6.251465529203414917e-02 -3.949226438999176025e-02 -4.295004904270172119e-01 -2.701953053474426270e-01 -2.158382683992385864e-01 -2.592762112617492676e-01 3.096823096275329590e-01 -2.064749896526336670e-01 2.194460034370422363e-01 1.049019694328308105e-01 1.890374720096588135e-01 -1.031810194253921509e-01 3.525581359863281250e-01 -3.335324227809906006e-01 7.468909025192260742e-03 -3.861915767192840576e-01 1.265958994626998901e-01 -1.767387241125106812e-01 -3.862486034631729126e-02 2.361622899770736694e-01 1.925948262214660645e-01 3.232239186763763428e-01 1.197426989674568176e-01 4.783755242824554443e-01 6.561969220638275146e-02 3.764612078666687012e-01 -2.922784537076950073e-02 6.905227899551391602e-02 -1.026996821165084839e-01
