1.844279468059539795e-04 2.203382849693298340e-01 -6.260320544242858887e-02 -2.096557319164276123e-01 -2.153988182544708252e-02 -3.400741815567016602e-01 4.411494731903076172e-02 9.508152306079864502e-02 -5.464956164360046387e-02 7.490721344947814941e-02 9.461889415979385376e-02 1.886999607086181641e-01 4.847767055034637451e-01 -2.757912129163742065e-02 -1.881096065044403076e-01 -2.709464430809020996e-01 -2.430577576160430908e-02 2.359506785869598389e-01 2.515558004379272461e-01 -8.568453788757324219e-02 -2.137504145503044128e-02 3.315410614013671875e-01 1.203918904066085815e-01 1.140671372413635254e-01 2.093683741986751556e-02 1.056786403059959412e-01 -2.324182987213134766e-01 1.052709743380546570e-01 1.789426058530807495e-01 3.624863177537918091e-02 -1.099436357617378235e-01 2.836939394474029541e-01
-1.120155602693557739e-01 6.510059535503387451e-02 -1.109412088990211487e-01 -3.530435264110565186e-02 -1.144571974873542786e-01 1.308558881282806396e-01 7.897114381194114685e-03 -1.215099841356277466e-01 8.985100686550140381e-02 5.116291344165802002e-02 -1.942031681537628174e-01 -1.106754690408706665e-01 -3.086190298199653625e-02 -5.794448405504226685e-02 -9.231301397085189819e-02 9.424722194671630859e-02 -1.036138832569122314e-01 -2.635584473609924316e-01 -5.236001312732696533e-02 -3.154753744602203369e-01 -3.923296332359313965e-01 -8.576795458793640137e-02 -1.040517836809158325e-01 -2.038511931896209717e-01 1.103210300207138062e-01 -4.272736608982086182e-02 -2.097606658935546875e-03 1.548340171575546265e-01 9.800891578197479248e-02 1.013864725828170776e-01 1.917892992496490479e-01 -1.312273442745208740e-01
5.791407078504562378e-03 -2.048904895782470703e-01 -6.396032869815826416e-03 -2.402676455676555634e-02 1.357414573431015015e-02 -2.124391868710517883e-02 -9.412851184606552124e-02 -5.299722403287887573e-02 -1.851086691021919250e-02 3.226000815629959106e-02 -1.261450350284576416e-02 -2.266597375273704529e-02 6.136307865381240845e-02 1.333005353808403015e-02 3.846526145935058594e-02 -4.973530024290084839e-02 3.008946403861045837e-02 -2.734640426933765411e-02 -1.202308908104896545e-01 -9.329742938280105591e-02 -2.631406113505363464e-02 3.397376090288162231e-02 5.325520783662796021e-02 6.854309141635894775e-02 -4.062529280781745911e-02 -1.213673725724220276e-01 5.417501926422119141e-02 -1.572123616933822632e-01 -7.432951778173446655e-02 -5.761811137199401855e-02 -1.784100532531738281e-01 -2.132966071367263794e-01
8.752568066120147705e-02 -4.014666378498077393e-01 7.710972428321838379e-02 -2.730467915534973145e-01 9.955573827028274536e-03 -2.643101215362548828e-01 -1.482798904180526733e-01 3.060642257332801819e-02 -3.538949489593505859e-01 -1.872319579124450684e-01 7.149457931518554688e-03 2.946040928363800049e-01 1.870658993721008301e-01 1.348569542169570923e-01 1.124442368745803833e-01 -1.485043615102767944e-01 -2.844552099704742432e-01 -5.122371762990951538e-02 9.641711413860321045e-02 -7.059898227453231812e-02 2.134723067283630371e-01 2.045119404792785645e-01 4.195834994316101074e-01 2.453416138887405396e-01 -1.358513832092285156e-01 -2.443390488624572754e-01 3.516745567321777344e-01 -3.424305617809295654e-01 7.809156179428100586e-02 -7.538327574729919434e-02 -3.825986385345458984e-01 -7.126570492982864380e-02
7.229430228471755981e-02 7.892183959484100342e-02 1.259413659572601318e-01 -1.708692461252212524e-01 -1.709024012088775635e-01 -2.798213958740234375e-01 -8.745611645281314850e-03 3.270414099097251892e-02 -2.847425267100334167e-02 4.155506193637847900e-02 1.025482192635536194e-01 7.434524595737457275e-02 3.678112328052520752e-01 -6.119249761104583740e-02 -2.136930376291275024e-01 -1.228623837232589722e-01 8.214540779590606689e-02 2.631007730960845947e-01 1.965665221214294434e-01 -1.365929841995239258e-01 1.251716911792755127e-02 6.035794317722320557e-02 5.124077945947647095e-02 2.485917061567306519e-01 -1.340490952134132385e-02 1.250875890254974365e-01 -1.482010483741760254e-01 6.020861864089965820e-02 1.334115564823150635e-01 -4.522361606359481812e-02 -2.508004605770111084e-01 1.269424110651016235e-01
1.050949748605489731e-02 -1.653017103672027588e-01 -8.524051308631896973e-02 8.303820341825485229e-02 1.289945095777511597e-01 6.332077085971832275e-03 -1.983384341001510620e-01 -3.053132444620132446e-02 2.013924717903137207e-02 -5.359500646591186523e-02 -6.155173480510711670e-02 -4.180070012807846069e-02 -1.006927192211151123e-01 1.352385804057121277e-02 1.379816979169845581e-01 -5.566246807575225830e-03 -5.922050774097442627e-02 -8.146788179874420166e-02 -3.572165966033935547e-01 6.691942363977432251e-02 1.629425585269927979e-02 -1.509669274091720581e-01 -7.644107937812805176e-02 4.097086563706398010e-02 3.195526823401451111e-02 -7.221164554357528687e-02 6.083789467811584473e-02 -2.676346004009246826e-01 -1.570984572172164917e-01 2.924749255180358887e-02 -1.126472875475883484e-01 -3.665597736835479736e-01
-8.235672116279602051e-02 -2.473590970039367676e-01 1.509565711021423340e-01 -8.340377360582351685e-02 -1.926114410161972046e-02 -1.724307686090469360e-01 -4.979437589645385742e-02 -6.078399717807769775e-02 -9.837868809700012207e-02 9.037776291370391846e-02 1.714713871479034424e-01 7.716538012027740479e-02 1.486555039882659912e-01 6.690856069326400757e-02 -2.360714972019195557e-02 -1.176689416170120239e-01 6.916128844022750854e-02 -3.141224384307861328e-03 1.593726873397827148e-01 -1.224584504961967468e-01 1.356700211763381958e-01 6.697865575551986694e-02 1.392766237258911133e-01 1.098182201385498047e-01 -7.293301820755004883e-02 -6.738756597042083740e-02 1.733995378017425537e-01 -1.908989101648330688e-01 2.862007915973663330e-02 -4.512777924537658691e-02 -1.508209705352783203e-01 -8.466841280460357666e-02
-6.083901971578598022e-03 2.220688462257385254e-01 -1.642346754670143127e-02 -1.338985413312911987e-01 -1.876186430454254150e-01 -2.675901055335998535e-01 1.693480312824249268e-01 -9.805499017238616943e-02 -2.076818048954010010e-01 1.117919981479644775e-01 -6.246227025985717773e-02 -6.891810894012451172e-02 2.794937193393707275e-01 3.340262919664382935e-03 -3.116278946399688721e-01 -2.350721210241317749e-01 -1.056168973445892334e-02 1.227237582206726074e-01 1.837643533945083618e-01 -3.365926742553710938e-01 -6.798610091209411621e-02 2.232227027416229248e-01 -4.014375060796737671e-02 6.104239448904991150e-02 -9.207183122634887695e-02 3.813947737216949463e-02 -1.432538926601409912e-01 8.292366564273834229e-02 1.639678031206130981e-01 -8.275319635868072510e-02 -2.664017677307128906e-01 1.677109301090240479e-01
-4.921310395002365112e-02 1.255410015583038330e-01 -1.628264784812927246e-01 1.386620998382568359e-01 -3.504203259944915771e-02 1.653246581554412842e-02 -7.317201793193817139e-02 -1.776370406150817871e-01 -1.022810488939285278e-02 9.362334012985229492e-02 4.814971983432769775e-02 -6.633102893829345703e-02 -1.848596930503845215e-01 -1.015715673565864563e-02 -8.190207928419113159e-02 -7.839460670948028564e-02 7.479797303676605225e-02 2.238053828477859497e-02 -1.353453099727630615e-01 -4.793567955493927002e-02 -1.828243732452392578e-01 -2.815358042716979980e-01 -2.948392629623413086e-01 -7.925355806946754456e-03 1.485105510801076889e-02 1.209364607930183411e-01 -6.089980900287628174e-02 -5.431821942329406738e-02 2.554936707019805908e-02 1.266168653964996338e-01 1.539889276027679443e-01 -1.730071157217025757e-01
6.874394416809082031e-02 1.909061968326568604e-01 -4.209416359663009644e-02 -6.208074279129505157e-03 -2.598520368337631226e-02 -8.397512137889862061e-03 1.883750110864639282e-01 -2.706562876701354980e-01 1.416040807962417603e-01 1.564643234014511108e-01 -8.146008849143981934e-02 -7.064718753099441528e-02 1.025320366024971008e-01 -3.063859045505523682e-02 -2.236386090517044067e-01 -3.845586627721786499e-02 2.965380549430847168e-01 7.662743330001831055e-02 1.857630908489227295e-01 -2.124520093202590942e-01 -8.448649197816848755e-02 1.150382310152053833e-01 1.134772598743438721e-02 -4.403994977474212646e-02 4.946071654558181763e-02 -6.974077969789505005e-02 -1.595533639192581177e-01 1.498278826475143433e-01 2.215663716197013855e-02 1.505642384290695190e-01 1.536670923233032227e-01 1.142169684171676636e-01
2.034910619258880615e-01 -6.040925532579421997e-02 1.648603379726409912e-01 -1.243563592433929443e-01 2.909837290644645691e-02 -9.241147339344024658e-02 -6.293114274740219116e-02 2.512876689434051514e-01 1.501652598381042480e-02 -1.242806166410446167e-01 7.139678299427032471e-02 5.922265350818634033e-02 3.355187773704528809e-01 5.753936991095542908e-02 -3.106263652443885803e-02 4.274312406778335571e-03 -5.075576901435852051e-02 1.363933086395263672e-01 4.412055015563964844e-03 2.191630564630031586e-02 3.248614072799682617e-02 1.780676245689392090e-01 1.450219005346298218e-01 1.728580445051193237e-01 -1.675840467214584351e-04 4.622226953506469727e-02 -2.377130091190338135e-01 1.962125767022371292e-03 -3.768137097358703613e-02 -2.428959757089614868e-01 -2.897749245166778564e-01 9.608820825815200806e-02
-8.678954094648361206e-02 1.347295641899108887e-01 -6.112878024578094482e-02 -1.389811635017395020e-01 -1.609126031398773193e-01 -1.110836118459701538e-02 2.946911565959453583e-02 -1.422788053750991821e-01 -1.753835007548332214e-02 9.799818694591522217e-02 -2.353475689888000488e-01 -1.653414815664291382e-01 7.461469620466232300e-02 -8.265817910432815552e-02 -2.153259217739105225e-01 1.155538260936737061e-01 -4.374086111783981323e-02 -1.681206077337265015e-01 -2.485765889286994934e-02 -4.012183248996734619e-01 -3.331786394119262695e-01 1.322993636131286621e-02 -8.881923556327819824e-02 -1.204552203416824341e-01 1.550882905721664429e-01 -8.259585499763488770e-02 -1.020374596118927002e-01 9.737413376569747925e-02 1.792062371969223022e-01 5.420571938157081604e-02 5.122660845518112183e-02 -8.816943317651748657e-02
3.489174693822860718e-02 8.431873470544815063e-02 1.662158966064453125e-01 -1.346281915903091431e-01 -1.671200692653656006e-01 -1.859030425548553467e-01 4.066874086856842041e-02 -5.885213613510131836e-05 -1.076589822769165039e-01 5.623644590377807617e-02 -1.184443533420562744e-01 -4.423239082098007202e-02 2.896750867366790771e-01 -8.906816691160202026e-02 -2.514227032661437988e-01 1.462918519973754883e-02 8.037564158439636230e-02 1.500478535890579224e-01 1.164575517177581787e-01 -3.072103559970855713e-01 -1.020411998033523560e-01 1.169368028640747070e-01 -2.049324661493301392e-02 1.535026580095291138e-01 4.188846424221992493e-02 -5.945844203233718872e-02 -2.289272695779800415e-01 4.158684611320495605e-02 1.321427226066589355e-01 -4.244471341371536255e-02 -2.732336819171905518e-01 7.411079853773117065e-02
1.103107109665870667e-01 1.480049788951873779e-01 3.540173172950744629e-02 -2.145205438137054443e-01 -1.345752477645874023e-01 -2.822406888008117676e-01 8.859759569168090820e-02 1.160819530487060547e-01 -2.256834134459495544e-02 5.764378607273101807e-02 5.054229497909545898e-02 1.101813167333602905e-01 4.528494179248809814e-01 -9.525753557682037354e-03 -1.821402758359909058e-01 -2.316553145647048950e-01 -8.318218588829040527e-02 1.887561082839965820e-01 2.293536812067031860e-01 -9.336823225021362305e-02 -1.591173559427261353e-02 3.084756731986999512e-01 1.241188347339630127e-01 1.196871399879455566e-01 -7.829894125461578369e-02 1.264635920524597168e-01 -1.958851665258407593e-01 8.515957742929458618e-02 1.775006502866744995e-01 -7.085573673248291016e-02 -2.299994826316833496e-01 2.511785328388214111e-01
-1.998895965516567230e-02 -1.535869836807250977e-01 1.618309020996093750e-01 7.489622384309768677e-02 5.064536631107330322e-02 3.752318024635314941e-02 1.467427983880043030e-02 -1.181659698486328125e-01 3.323064744472503662e-02 6.547108292579650879e-02 1.093413308262825012e-02 6.379535794258117676e-02 -1.399011313915252686e-01 9.244398027658462524e-02 8.998940140008926392e-02 2.683562040328979492e-01 4.847282916307449341e-02 -3.421436995267868042e-03 -8.395619690418243408e-02 -2.403215132653713226e-02 -7.379802316427230835e-02 -2.837479710578918457e-01 -8.370044827461242676e-02 -2.620736137032508850e-02 7.149343192577362061e-02 -6.706866621971130371e-02 1.046052873134613037e-01 -7.725653052330017090e-02 1.528324186801910400e-02 9.479700028896331787e-02 5.389142781496047974e-02 -1.605320274829864502e-01
1.934439092874526978e-01 -6.996773183345794678e-02 1.435320973396301270e-01 -1.323451995849609375e-01 -2.577019482851028442e-02 -1.583939790725708008e-01 -4.646158218383789062e-02 6.181479617953300476e-02 4.847940057516098022e-02 -2.790426835417747498e-02 2.185038477182388306e-01 7.873956859111785889e-02 1.941716372966766357e-01 -1.565683633089065552e-02 -1.490110903978347778e-02 -4.447779804468154907e-02 2.021838352084159851e-02 2.178438007831573486e-01 1.086726188659667969e-01 8.106832951307296753e-02 1.109654903411865234e-01 -8.989778161048889160e-02 8.962520956993103027e-02 2.556951045989990234e-01 -1.181384474039077759e-01 1.579506695270538330e-01 -2.650502324104309082e-02 -6.283769384026527405e-03 -2.984231151640415192e-02 -1.392745822668075562e-01 -2.262147367000579834e-01 2.251460216939449310e-02
3.884091973304748535e-02 1.315462589263916016e-01 1.223603039979934692e-01 -1.330968290567398071e-01 -9.081346541643142700e-02 -2.589986920356750488e-01 9.600021690130233765e-02 -2.301014959812164307e-03 -8.746207505464553833e-02 8.100233972072601318e-02 4.887821525335311890e-02 4.922612011432647705e-02 3.038929998874664307e-01 -5.357081443071365356e-02 -2.215275466442108154e-01 -1.080152541399002075e-01 1.233789473772048950e-01 2.117758393287658691e-01 2.461821287870407104e-01 -2.079212218523025513e-01 -5.209616944193840027e-02 1.132960319519042969e-01 -4.935130476951599121e-03 2.200312167406082153e-01 3.475373983383178711e-02 4.502301663160324097e-02 -1.853633821010589600e-01 1.552215963602066040e-02 9.607543051242828369e-02 -2.244092524051666260e-02 -2.352688312530517578e-01 1.060439497232437134e-01
2.034801617264747620e-02 1.087619736790657043e-01 -1.040666177868843079e-02 -1.241534948348999023e-01 -2.975706756114959717e-02 -1.953601241111755371e-01 -1.192474365234375000e-01 1.876720637083053589e-01 -2.204558253288269043e-02 -1.359917223453521729e-02 2.282615154981613159e-01 1.368342638015747070e-01 2.823034226894378662e-01 -2.602888643741607666e-02 -1.022826507687568665e-02 -1.577287614345550537e-01 -1.062695980072021484e-01 1.414643079042434692e-01 1.815593391656875610e-01 1.483230143785476685e-01 7.192952930927276611e-02 6.199747323989868164e-02 1.900149509310722351e-02 2.307924777269363403e-01 -9.913243353366851807e-03 3.008573949337005615e-01 -8.896073698997497559e-02 3.107878379523754120e-02 2.842507511377334595e-02 -1.550526022911071777e-01 -1.544469892978668213e-01 1.743930131196975708e-01
-6.494598835706710815e-02 1.783927679061889648e-01 -2.308002114295959473e-01 -1.892155557870864868e-01 -1.913148462772369385e-01 -8.441408723592758179e-02 1.060483232140541077e-01 -1.762694269418716431e-01 -1.151306778192520142e-01 7.857581973075866699e-02 -2.349396049976348877e-01 -2.646342813968658447e-01 1.652070879936218262e-01 -4.912956804037094116e-02 -3.620747625827789307e-01 -1.473856568336486816e-01 -9.163345396518707275e-02 -1.702130436897277832e-01 3.164013475179672241e-02 -4.644425213336944580e-01 -2.705336809158325195e-01 1.402916163206100464e-01 -7.282091677188873291e-02 -1.505326777696609497e-01 8.799752220511436462e-03 -6.319510936737060547e-02 -1.196021288633346558e-01 2.119014859199523926e-01 1.236391812562942505e-01 -8.291611075401306152e-02 1.136506721377372742e-02 2.283325046300888062e-02
7.624287903308868408e-02 3.482070565223693848e-02 3.963573649525642395e-02 -4.380860552191734314e-02 -3.279371559619903564e-02 5.276292562484741211e-03 1.238330379128456116e-01 -1.518271118402481079e-01 1.535581797361373901e-01 1.337476223707199097e-01 -7.492917776107788086e-02 -6.807106733322143555e-02 1.322162449359893799e-01 2.053746208548545837e-02 -1.731466501951217651e-01 -6.063133478164672852e-03 2.011502087116241455e-01 4.407966881990432739e-02 1.230198144912719727e-01 -2.433854937553405762e-01 -4.196687415242195129e-02 1.316401511430740356e-01 1.064812764525413513e-01 -1.161411777138710022e-02 6.566726416349411011e-02 -1.800073385238647461e-01 -8.426612615585327148e-02 1.365947425365447998e-01 -1.882893033325672150e-02 2.728091925382614136e-02 4.585972428321838379e-02 3.207936137914657593e-02
-3.256380558013916016e-03 8.866264671087265015e-02 5.335900187492370605e-02 -1.711906045675277710e-01 -1.501262784004211426e-01 -1.459109932184219360e-01 7.588560879230499268e-02 -1.111232489347457886e-01 -1.268273741006851196e-01 8.493570983409881592e-02 -1.353580653667449951e-01 -1.145343482494354248e-01 1.254927814006805420e-01 -8.626654744148254395e-03 -2.658358514308929443e-01 9.623998403549194336e-02 3.816474601626396179e-02 -1.595522090792655945e-02 6.295181810855865479e-03 -3.293539881706237793e-01 -1.806822717189788818e-01 -3.988958895206451416e-03 -6.589651107788085938e-02 3.176514059305191040e-02 8.989465236663818359e-02 -6.859794259071350098e-02 -1.279355883598327637e-01 3.862879425287246704e-02 1.339334696531295776e-01 -6.392282247543334961e-02 -1.528613567352294922e-01 -3.598444536328315735e-02
-1.522678136825561523e-01 3.405203670263290405e-02 -3.158523738384246826e-01 4.578163474798202515e-02 -7.403900474309921265e-02 3.188367187976837158e-01 5.389481782913208008e-02 -1.763595193624496460e-01 1.083776354789733887e-01 1.631645858287811279e-02 -1.232864707708358765e-01 -1.733574569225311279e-01 -1.385667473077774048e-01 -3.081248700618743896e-02 -4.424934834241867065e-02 -1.308270096778869629e-01 -1.358587294816970825e-01 -3.621033728122711182e-01 6.080724298954010010e-03 -3.264372050762176514e-01 -3.240524828433990479e-01 -4.797867313027381897e-02 -7.095120847225189209e-02 -3.632689118385314941e-01 -3.725884482264518738e-03 7.059052586555480957e-05 1.227243840694427490e-01 2.202947735786437988e-01 4.091422632336616516e-02 9.193857759237289429e-02 3.453241586685180664e-01 -4.422775655984878540e-02
-3.884297609329223633e-02 2.523759305477142334e-01 -5.315272510051727295e-02 -1.933179199695587158e-01 -2.919481396675109863e-01 -2.456161677837371826e-01 5.244593322277069092e-02 -9.910451620817184448e-02 -2.440572082996368408e-01 9.376038610935211182e-02 -2.933910489082336426e-01 -2.229137569665908813e-01 3.716433048248291016e-01 -6.567338854074478149e-02 -4.603835642337799072e-01 -1.486274749040603638e-01 -8.110414445400238037e-02 1.647868752479553223e-02 1.153711974620819092e-02 -5.532208681106567383e-01 -1.723968982696533203e-01 2.991505563259124756e-01 -4.303588718175888062e-02 -4.213740676641464233e-02 -4.771645739674568176e-02 -1.175898984074592590e-01 -2.823464870452880859e-01 2.114313691854476929e-01 2.395108193159103394e-01 -3.342755883932113647e-02 -2.277259528636932373e-01 1.362746059894561768e-01
2.447110973298549652e-02 1.077371314167976379e-01 4.713203012943267822e-02 -1.566291898488998413e-01 -2.276078462600708008e-01 -1.571545600891113281e-01 2.446981705725193024e-02 -9.679658710956573486e-02 -1.630044877529144287e-01 4.672440886497497559e-02 -2.398189902305603027e-01 -1.894293725490570068e-01 2.540268898010253906e-01 -3.778941929340362549e-02 -3.382342755794525146e-01 5.905471369624137878e-02 1.570565626025199890e-02 1.944835484027862549e-02 -5.682654678821563721e-02 -4.586585164070129395e-01 -1.945046335458755493e-01 1.361952573060989380e-01 -8.688411116600036621e-02 -4.835829138755798340e-03 7.008533924818038940e-02 -1.122287735342979431e-01 -2.383266091346740723e-01 1.068709269165992737e-01 1.851276308298110962e-01 -3.964866697788238525e-02 -2.214133739471435547e-01 1.204513944685459137e-02
1.498841792345046997e-01 -6.399776786565780640e-02 1.724072694778442383e-01 -4.363752901554107666e-02 -2.120595276355743408e-01 -1.356679648160934448e-01 4.989246279001235962e-02 -4.041270539164543152e-02 -3.957306966185569763e-02 -9.499274194240570068e-03 3.602331504225730896e-02 -5.090928822755813599e-02 1.119775846600532532e-01 -3.205453604459762573e-02 -1.010673642158508301e-01 -2.385171502828598022e-02 2.818447351455688477e-02 1.932083219289779663e-01 1.850623041391372681e-01 -8.039115369319915771e-02 1.156962811946868896e-01 -7.861305773258209229e-02 5.069414153695106506e-02 2.362243086099624634e-01 -1.602885127067565918e-01 9.813915193080902100e-02 9.238672256469726562e-02 5.541450530290603638e-02 5.925668403506278992e-02 -1.176770478487014771e-01 -2.554920315742492676e-01 8.839687705039978027e-02
2.994040958583354950e-02 -1.274915039539337158e-01 -7.712697237730026245e-02 8.078109472990036011e-02 -1.110952571034431458e-01 2.020772993564605713e-01 3.559569269418716431e-02 -1.027155518531799316e-01 1.071891635656356812e-01 -2.665504440665245056e-02 -1.539761722087860107e-01 -1.436301469802856445e-01 -1.714363992214202881e-01 6.558990478515625000e-02 -1.544687058776617050e-02 4.872587323188781738e-02 -5.379453301429748535e-02 -2.071205824613571167e-01 -7.006065547466278076e-02 -1.749066710472106934e-01 -1.168218553066253662e-01 -1.386842429637908936e-01 -2.733705937862396240e-02 -1.451149582862854004e-01 -7.265368103981018066e-02 -3.551515936851501465e-02 1.718201339244842529e-01 1.117105185985565186e-01 -4.799073562026023865e-03 -5.394420027732849121e-02 1.197579875588417053e-01 -3.529649227857589722e-02
4.877663403749465942e-02 4.693762958049774170e-02 -7.580802589654922485e-02 7.959047704935073853e-02 -3.520944714546203613e-02 4.280915111303329468e-02 -1.964914798736572266e-02 -1.814582496881484985e-01 1.395488381385803223e-01 1.187675893306732178e-01 -8.386646211147308350e-02 -8.324055373668670654e-02 -3.809766843914985657e-02 -4.480838775634765625e-02 -9.127498418092727661e-02 -3.822483867406845093e-02 1.302221566438674927e-01 4.529933631420135498e-02 -1.458352208137512207e-01 -1.291345059871673584e-01 -1.088786125183105469e-01 -9.041784703731536865e-02 -1.179413944482803345e-01 1.944491639733314514e-03 3.845287859439849854e-02 -6.053322553634643555e-02 -9.335002303123474121e-02 -2.517000772058963776e-02 -3.881002217531204224e-02 7.006087899208068848e-02 3.131467103958129883e-02 -1.785863637924194336e-01
1.723784953355789185e-01 -1.208210736513137817e-02 -1.035847589373588562e-01 2.640944533050060272e-02 -4.022966325283050537e-02 8.063922822475433350e-02 -9.665931761264801025e-02 -6.183861941099166870e-02 8.653718233108520508e-02 -6.042404472827911377e-02 -2.279392480850219727e-01 -6.527540087699890137e-02 -3.142931684851646423e-02 -1.610533893108367920e-02 -3.153597190976142883e-02 4.676207900047302246e-04 -4.041783511638641357e-03 -3.424328193068504333e-02 -2.404299080371856689e-01 -1.487701535224914551e-01 -1.344234645366668701e-01 1.252881437540054321e-02 1.007099822163581848e-02 5.082826688885688782e-02 3.526473045349121094e-02 -1.525264978408813477e-01 -8.710934221744537354e-02 -8.693531155586242676e-02 -8.385533094406127930e-02 -1.730247586965560913e-02 -9.898024797439575195e-02 -2.128747254610061646e-01
1.914163306355476379e-02 -9.112004935741424561e-02 1.289308518171310425e-01 -9.168135374784469604e-02 -7.875933498144149780e-02 -8.560352772474288940e-02 9.103114902973175049e-02 -1.246217191219329834e-01 3.548922389745712280e-02 1.442958861589431763e-01 1.206225603818893433e-01 -2.145630866289138794e-02 1.183194890618324280e-01 2.575701475143432617e-02 -1.860191673040390015e-01 -1.386362463235855103e-01 2.285204082727432251e-01 3.286214172840118408e-02 2.898185253143310547e-01 -2.404483854770660400e-01 5.705846846103668213e-02 1.294820904731750488e-01 1.700412482023239136e-01 2.296387031674385071e-02 -9.514331817626953125e-03 -6.475628912448883057e-02 2.171432599425315857e-02 3.659742325544357300e-02 6.725948303937911987e-03 -1.709655672311782837e-02 3.105311840772628784e-02 5.054936185479164124e-02
9.754554927349090576e-02 -1.357490569353103638e-01 -9.945469349622726440e-02 7.426338642835617065e-02 3.765080124139785767e-02 6.309157609939575195e-02 -2.296517640352249146e-01 1.089807599782943726e-02 -9.897142648696899414e-03 -1.504998952150344849e-01 -2.119989395141601562e-01 -8.100259304046630859e-02 -3.047383204102516174e-02 2.726141363382339478e-03 9.994710981845855713e-02 3.915483132004737854e-02 -9.398649632930755615e-02 -5.326938629150390625e-02 -3.304136991500854492e-01 -2.483416162431240082e-02 -1.722646877169609070e-02 -5.702938884496688843e-02 -1.073988527059555054e-02 6.431923806667327881e-02 -1.914815977215766907e-02 -1.789918541908264160e-01 -6.853418424725532532e-03 -2.226455956697463989e-01 -1.361902654170989990e-01 -3.465483337640762329e-02 -1.822301447391510010e-01 -3.270730078220367432e-01
1.472678631544113159e-01 2.276631817221641541e-02 4.822508245706558228e-02 -1.966084390878677368e-01 -9.334345906972885132e-02 -2.066377401351928711e-01 -4.722357727587223053e-03 1.994838863611221313e-01 7.407918572425842285e-03 -7.286380231380462646e-02 6.229488179087638855e-02 1.127890497446060181e-01 3.962806761264801025e-01 5.118362605571746826e-04 -1.118733286857604980e-01 -1.293838471174240112e-01 -9.932504594326019287e-02 1.301940530538558960e-01 8.811709284782409668e-02 1.764199510216712952e-02 2.706262469291687012e-02 2.374711632728576660e-01 1.380120366811752319e-01 1.488105803728103638e-01 -5.188286677002906799e-02 1.759624481201171875e-01 -2.094528675079345703e-01 1.135116592049598694e-01 5.936183407902717590e-02 -1.776850074529647827e-01 -2.547768056392669678e-01 1.759822666645050049e-01
4.683248698711395264e-01 -5.395687818527221680e-01 3.095646500587463379e-01 3.428769111633300781e-02 1.766024231910705566e-01 3.886479884386062622e-02 -4.790884852409362793e-01 3.184884190559387207e-01 -2.519497871398925781e-01 -6.265999078750610352e-01 -1.828340888023376465e-01 1.777948141098022461e-01 8.656547218561172485e-02 2.971581816673278809e-01 4.294543266296386719e-01 4.275021553039550781e-01 -5.340493917465209961e-01 -1.016963571310043335e-01 -5.489946603775024414e-01 3.351675868034362793e-01 2.016583383083343506e-01 1.212009638547897339e-01 2.919614911079406738e-01 1.118102818727493286e-01 -2.819746732711791992e-01 -3.864938914775848389e-01 4.138026237487792969e-01 -3.557701408863067627e-01 -1.044246852397918701e-01 -9.182004630565643311e-02 -5.935065150260925293e-01 -3.421367406845092773e-01
9.943286329507827759e-02 -7.561279833316802979e-02 -1.224608942866325378e-01 2.928393892943859100e-02 -2.853865921497344971e-02 6.299076974391937256e-02 -1.787628382444381714e-01 -7.723945379257202148e-02 4.051832109689712524e-02 -1.138064786791801453e-01 -2.119893431663513184e-01 -1.152791529893875122e-01 -1.527217924594879150e-01 -2.400887757539749146e-02 -1.585060544312000275e-02 -5.087532848119735718e-02 -8.288276195526123047e-02 -3.725045174360275269e-02 -3.006002306938171387e-01 -1.166073903441429138e-01 -9.110935032367706299e-02 -1.398203521966934204e-01 -4.517749696969985962e-02 2.275408804416656494e-02 -5.492616444826126099e-03 -6.838630139827728271e-02 2.400897070765495300e-02 -1.344195157289505005e-01 -7.769691944122314453e-02 -2.478952705860137939e-02 -6.483354419469833374e-02 -3.086928427219390869e-01
-3.277943283319473267e-02 2.665124833583831787e-02 -2.675798535346984863e-01 -2.353635877370834351e-01 -5.469477921724319458e-02 -1.359760463237762451e-01 -2.889280021190643311e-02 -1.443462222814559937e-01 -7.938236743211746216e-02 -1.532123684883117676e-01 1.884456574916839600e-01 9.409771859645843506e-02 -3.695917129516601562e-01 9.148767590522766113e-02 -1.063049435615539551e-01 -3.690820932388305664e-01 -2.784719169139862061e-01 -1.812181025743484497e-01 -5.584265291690826416e-02 1.314986646175384521e-01 -7.009875774383544922e-02 -2.672333717346191406e-01 -1.053806990385055542e-01 2.211497724056243896e-02 -7.143077254295349121e-02 5.171127915382385254e-01 3.636528253555297852e-01 7.686727680265903473e-03 5.119935050606727600e-02 -1.856176406145095825e-01 1.843254566192626953e-01 1.436608582735061646e-01
1.170511543750762939e-02 -1.839414238929748535e-01 -7.182281464338302612e-03 1.185804791748523712e-02 -3.880396485328674316e-03 -5.434682965278625488e-02 -1.072814613580703735e-01 -3.561676293611526489e-02 -1.375966519117355347e-02 4.393205046653747559e-02 -4.481121897697448730e-03 -3.395970538258552551e-02 4.077894240617752075e-02 2.132580243051052094e-02 1.834111660718917847e-02 -8.926144242286682129e-02 2.544632926583290100e-02 -1.162757351994514465e-02 -1.443729549646377563e-01 -4.393732547760009766e-02 7.071666419506072998e-03 3.128737211227416992e-02 4.755633324384689331e-02 4.277609661221504211e-02 -5.818426236510276794e-02 -9.602110087871551514e-02 4.587308317422866821e-02 -1.826018840074539185e-01 -6.324396282434463501e-02 -6.873118877410888672e-02 -1.671887338161468506e-01 -2.212310284376144409e-01
2.351491451263427734e-01 -1.511952877044677734e-01 -6.599869579076766968e-02 -6.602193415164947510e-02 -3.042668104171752930e-04 7.940492033958435059e-02 -1.679375916719436646e-01 1.786419376730918884e-02 -1.136950403451919556e-02 -2.150967419147491455e-01 -3.308198750019073486e-01 -2.007957175374031067e-02 -1.481193304061889648e-02 -8.229706436395645142e-03 2.091715857386589050e-02 -9.200267493724822998e-03 -1.717973649501800537e-01 -6.598792225122451782e-02 -3.158215880393981934e-01 -1.280847638845443726e-01 -7.303952425718307495e-02 1.248510181903839111e-01 1.250928044319152832e-01 8.873666822910308838e-02 -4.959480836987495422e-02 -2.110990583896636963e-01 -4.278148710727691650e-02 -1.343829780817031860e-01 -1.436160206794738770e-01 -9.307627379894256592e-02 -2.432060539722442627e-01 -2.098399698734283447e-01
2.115219980478286743e-01 -4.477541446685791016e-01 8.331498503684997559e-02 -2.174786925315856934e-01 7.229307293891906738e-02 -1.306189596652984619e-01 -2.642796337604522705e-01 1.168635785579681396e-01 -3.141829371452331543e-01 -3.313641548156738281e-01 -1.616938710212707520e-01 2.060619592666625977e-01 9.547974914312362671e-02 1.355629265308380127e-01 1.832678467035293579e-01 3.124045394361019135e-02 -3.744861483573913574e-01 -8.442018926143646240e-02 -1.772075444459915161e-01 3.965492546558380127e-02 1.265555173158645630e-01 1.805820018053054810e-01 3.604108095169067383e-01 2.294790893793106079e-01 -1.631738841533660889e-01 -2.899764478206634521e-01 3.065359592437744141e-01 -3.692237138748168945e-01 9.835608303546905518e-03 -1.088056713342666626e-01 -4.379866421222686768e-01 -2.227506935596466064e-01
1.024840623140335083e-01 2.617817819118499756e-01 -1.631849706172943115e-01 -1.580899804830551147e-01 -1.083031967282295227e-01 3.070175647735595703e-02 -8.173099718987941742e-03 -9.596088528633117676e-02 -1.046998947858810425e-01 -1.581502854824066162e-01 -2.618776559829711914e-01 -1.976363360881805420e-03 -1.436045169830322266e-01 6.249806284904479980e-02 -1.205576062202453613e-01 -1.159874498844146729e-01 -1.711125522851943970e-01 -7.903032004833221436e-03 -6.979434937238693237e-02 -2.197126746177673340e-01 -3.928772211074829102e-01 -4.505537450313568115e-02 1.558196172118186951e-02 -6.484305858612060547e-02 1.296250224113464355e-01 -9.825613349676132202e-02 -9.305810928344726562e-02 6.939494051039218903e-03 7.424283027648925781e-02 8.085800707340240479e-02 1.296795308589935303e-01 1.739425212144851685e-02
-2.454369701445102692e-02 3.526039421558380127e-02 1.370735466480255127e-02 -6.605221889913082123e-03 -1.277602910995483398e-01 -2.747198939323425293e-02 1.030962914228439331e-01 -1.471023112535476685e-01 -8.261509239673614502e-03 5.437302589416503906e-02 -1.324123591184616089e-01 -1.218022108078002930e-01 -7.823631167411804199e-02 -2.786282449960708618e-02 -8.816961199045181274e-02 7.057295739650726318e-02 1.434952020645141602e-03 -6.512310355901718140e-02 6.318255513906478882e-02 -2.125196009874343872e-01 -1.200539767742156982e-01 -1.336279362440109253e-01 -6.387989223003387451e-02 1.414658129215240479e-02 7.690055295825004578e-03 -3.812842071056365967e-02 5.346373468637466431e-02 3.700913861393928528e-02 5.622619763016700745e-02 -1.894371956586837769e-02 1.447945460677146912e-02 -5.469153821468353271e-02
2.024424672126770020e-01 -1.710491180419921875e-01 1.532503403723239899e-02 -8.605182170867919922e-02 -2.188184112310409546e-02 -7.766976952552795410e-03 -6.861095875501632690e-02 -2.138574421405792236e-02 -3.647528588771820068e-03 -1.090691685676574707e-01 -2.219918072223663330e-01 6.257228553295135498e-03 2.578901499509811401e-02 -5.283143371343612671e-02 -1.431112084537744522e-02 -6.439999490976333618e-02 -6.636899709701538086e-02 -1.839027181267738342e-02 -1.484377086162567139e-01 -1.338890492916107178e-01 -4.377401992678642273e-02 1.490400880575180054e-01 1.909141987562179565e-01 7.463921606540679932e-02 -4.857439175248146057e-02 -1.698423922061920166e-01 -1.159689575433731079e-02 -1.150072589516639709e-01 -1.506240367889404297e-01 -1.103214919567108154e-01 -2.179624140262603760e-01 -1.523888111114501953e-01
1.280625164508819580e-01 -2.506627142429351807e-01 5.817552655935287476e-02 -4.386733099818229675e-02 1.377434879541397095e-01 -6.238536536693572998e-02 -2.572635412216186523e-01 2.082447409629821777e-01 3.519514948129653931e-02 -2.010374218225479126e-01 2.925829887390136719e-01 1.162096709012985229e-01 9.349557012319564819e-02 1.170889213681221008e-01 1.958017051219940186e-01 7.381037622690200806e-02 -1.489599943161010742e-01 4.498004168272018433e-02 -1.475751101970672607e-01 2.874972522258758545e-01 2.019003629684448242e-01 -8.733086287975311279e-02 7.480247318744659424e-02 1.293617188930511475e-01 -9.966468811035156250e-02 2.010506093502044678e-01 1.683310568332672119e-01 -6.858728080987930298e-02 -5.616477504372596741e-02 -1.972052305936813354e-01 -1.679503917694091797e-01 -6.418956071138381958e-02
1.495910901576280594e-02 2.452706098556518555e-01 -1.108148321509361267e-02 -3.568241000175476074e-02 -2.177583426237106323e-02 -4.002980142831802368e-02 2.378811985254287720e-01 -3.428852856159210205e-01 1.493170857429504395e-01 1.441750377416610718e-01 -1.596001684665679932e-01 -2.161701396107673645e-02 4.706255346536636353e-02 -6.567841768264770508e-02 -3.099808394908905029e-01 -1.797937601804733276e-02 2.236451208591461182e-01 1.402820348739624023e-01 2.683066725730895996e-01 -3.078793585300445557e-01 -2.253325432538986206e-01 1.175134778022766113e-01 6.015631929039955139e-02 -1.097005009651184082e-01 9.582073986530303955e-02 -1.394174396991729736e-01 -1.868043839931488037e-01 2.385395020246505737e-01 4.848745092749595642e-02 2.046966105699539185e-01 2.800565361976623535e-01 1.972078830003738403e-01
-2.369036711752414703e-02 4.911345988512039185e-02 1.301001943647861481e-02 -1.061589084565639496e-02 -1.024893000721931458e-01 1.612573862075805664e-03 1.043563336133956909e-01 -1.378196775913238525e-01 5.586832761764526367e-03 5.565863847732543945e-02 -8.422274887561798096e-02 -8.325554430484771729e-02 -9.685664623975753784e-02 -8.818592876195907593e-03 -8.479225635528564453e-02 3.940968960523605347e-02 -3.136769682168960571e-02 -6.825026869773864746e-02 6.041655689477920532e-02 -1.918625533580780029e-01 -1.376243829727172852e-01 -1.471323072910308838e-01 -6.428375840187072754e-02 -2.198174782097339630e-02 -2.225827425718307495e-02 -2.304358221590518951e-02 8.773294836282730103e-02 3.160312026739120483e-02 4.997522756457328796e-02 -3.828605264425277710e-02 3.237201273441314697e-02 -4.544229432940483093e-02
1.724912226200103760e-01 1.180150434374809265e-01 -8.308833837509155273e-02 -2.324738055467605591e-01 -2.110421657562255859e-02 -2.363285049796104431e-02 1.453226059675216675e-02 2.260105013847351074e-01 -5.476665496826171875e-02 -2.251255363225936890e-01 -1.707313507795333862e-01 9.458249807357788086e-02 1.077387705445289612e-01 2.094129323959350586e-01 7.598844915628433228e-02 -4.635827243328094482e-02 -3.396951556205749512e-01 -8.093121647834777832e-02 -1.386693120002746582e-01 1.619537174701690674e-02 -2.049450874328613281e-01 2.542738914489746094e-01 1.091355532407760620e-01 -1.506784409284591675e-01 1.413685083389282227e-01 4.769524186849594116e-02 -1.283288747072219849e-01 7.019039988517761230e-02 -9.717784821987152100e-03 -1.815309673547744751e-01 -8.272029459476470947e-02 2.654877603054046631e-01
4.992118105292320251e-03 -3.407073318958282471e-01 2.040956914424896240e-01 -3.885311782360076904e-01 -6.783173233270645142e-02 -3.513404130935668945e-01 -2.187550254166126251e-02 -3.169592469930648804e-03 -4.231571555137634277e-01 -1.083381101489067078e-01 2.236195951700210571e-01 3.779402375221252441e-01 2.720558047294616699e-01 2.220519781112670898e-01 3.224335610866546631e-03 -2.297907620668411255e-01 -1.971291005611419678e-01 -2.889923751354217529e-02 4.235329627990722656e-01 -1.620715856552124023e-01 3.182531297206878662e-01 2.365065217018127441e-01 4.536186456680297852e-01 2.778938412666320801e-01 -1.097282171249389648e-01 -2.196991443634033203e-01 4.619547128677368164e-01 -3.144640624523162842e-01 2.233393043279647827e-01 -2.211066335439682007e-02 -2.917156517505645752e-01 1.193060353398323059e-01
-1.287216246128082275e-01 -8.586931228637695312e-02 -6.523243337869644165e-02 8.624742925167083740e-02 -3.244959563016891479e-02 2.071244716644287109e-01 1.918625272810459137e-02 -1.444715559482574463e-01 9.367705881595611572e-02 2.988628298044204712e-02 -9.187385439872741699e-02 -3.370483964681625366e-02 -1.844136863946914673e-01 -1.133199781179428101e-03 8.584484457969665527e-02 1.206935122609138489e-01 -4.850015044212341309e-02 -2.397975772619247437e-01 -1.402136683464050293e-02 -1.174077466130256653e-01 -1.949540227651596069e-01 -1.979259848594665527e-01 -6.939244270324707031e-02 -1.842743158340454102e-01 5.531740188598632812e-02 -1.075485069304704666e-02 1.564663499593734741e-01 4.171884059906005859e-02 3.172247484326362610e-02 1.058220043778419495e-01 2.457767426967620850e-01 -9.419715404510498047e-02
-1.509380787611007690e-01 -3.140336275100708008e-02 -2.094653248786926270e-01 5.755682289600372314e-02 -6.188683956861495972e-02 2.952858805656433105e-01 3.239320963621139526e-02 -1.562876701354980469e-01 1.205211728811264038e-01 2.204532176256179810e-02 -1.158854961395263672e-01 -1.085463762283325195e-01 -1.720938682556152344e-01 -6.346713751554489136e-03 7.931973785161972046e-03 -2.547460794448852539e-02 -1.064235419034957886e-01 -3.624593913555145264e-01 -3.855569660663604736e-02 -2.294577509164810181e-01 -2.954697012901306152e-01 -1.183389499783515930e-01 -5.547562986612319946e-02 -3.173382878303527832e-01 1.713760942220687866e-02 1.532127335667610168e-02 1.733734160661697388e-01 1.554846912622451782e-01 1.870324090123176575e-02 1.175591796636581421e-01 3.248898088932037354e-01 -4.234138503670692444e-02
2.297700196504592896e-02 -3.041699826717376709e-01 -3.454381972551345825e-02 -3.005433827638626099e-04 1.352936625480651855e-01 -4.576941952109336853e-02 -2.347662150859832764e-01 -1.300992071628570557e-02 -8.721639961004257202e-02 -1.095535531640052795e-01 -1.039193719625473022e-01 1.600541174411773682e-03 -2.329873293638229370e-02 -4.364952445030212402e-03 1.326343864202499390e-01 -7.411450147628784180e-02 -1.533446013927459717e-01 -6.099870800971984863e-02 -3.055052161216735840e-01 2.038686349987983704e-02 5.944687128067016602e-02 1.226866990327835083e-02 4.745021462440490723e-02 8.287157118320465088e-02 -8.330333232879638672e-02 -1.054204329848289490e-01 1.109333634376525879e-01 -2.689953446388244629e-01 -1.322738230228424072e-01 -6.663666665554046631e-02 -2.595261037349700928e-01 -2.764868438243865967e-01
1.730054318904876709e-01 -5.538142323493957520e-01 1.966924965381622314e-01 -2.575865685939788818e-01 8.277840912342071533e-02 -2.722353935241699219e-01 -2.698110044002532959e-01 1.984450519084930420e-01 -6.343917846679687500e-01 -4.487319588661193848e-01 8.781962096691131592e-02 4.984137117862701416e-01 2.625323235988616943e-01 3.205495774745941162e-01 2.900876998901367188e-01 2.822093665599822998e-03 -4.975399374961853027e-01 -5.827967077493667603e-02 9.877562522888183594e-02 8.918295055627822876e-02 2.989643216133117676e-01 1.970556378364562988e-01 5.386959314346313477e-01 3.212524652481079102e-01 -2.432327568531036377e-01 -3.669485151767730713e-01 6.268033385276794434e-01 -5.104520916938781738e-01 2.682755291461944580e-01 -6.974332034587860107e-03 -5.506955385208129883e-01 -1.113300547003746033e-01
2.094409912824630737e-01 1.410996913909912109e-01 -8.070813119411468506e-02 -6.643319129943847656e-02 -9.981503337621688843e-02 6.817716360092163086e-02 -2.408866584300994873e-02 -9.232621639966964722e-02 2.985963225364685059e-02 -1.351489275693893433e-01 -3.641200959682464600e-01 -4.232563078403472900e-02 -6.525887548923492432e-02 -5.895856767892837524e-03 -1.116851344704627991e-01 -2.741522341966629028e-02 -9.671518206596374512e-02 1.733371615409851074e-02 -1.846576929092407227e-01 -2.376513034105300903e-01 -2.595330774784088135e-01 6.038567423820495605e-02 8.545669913291931152e-02 3.621103242039680481e-02 5.777482315897941589e-02 -1.744589507579803467e-01 -1.243447288870811462e-01 -1.396312378346920013e-02 -5.316743999719619751e-02 4.108155891299247742e-02 -1.557265594601631165e-02 -9.273673593997955322e-02
-1.015772521495819092e-01 5.056326091289520264e-02 -6.616220623254776001e-02 -1.434597186744213104e-02 -8.934973925352096558e-02 5.104526877403259277e-02 1.118783354759216309e-01 -1.839212477207183838e-01 1.685255765914916992e-02 7.357130944728851318e-02 -1.122759729623794556e-01 -6.743545085191726685e-02 -1.261588931083679199e-01 -1.940101385116577148e-03 -5.978773161768913269e-02 9.341698884963989258e-02 1.059450954198837280e-02 -1.562132090330123901e-01 2.813775837421417236e-02 -1.848660856485366821e-01 -2.119826525449752808e-01 -1.167687699198722839e-01 -8.505739271640777588e-02 -1.037185043096542358e-01 9.303978085517883301e-02 1.034397631883621216e-02 9.309050440788269043e-02 8.475695550441741943e-02 7.169720530509948730e-02 5.471333861351013184e-02 1.462913155555725098e-01 -6.131196394562721252e-02
2.935437858104705811e-01 -1.510243713855743408e-01 -5.714069306850433350e-02 -7.674774527549743652e-02 -8.436416834592819214e-02 4.125909507274627686e-02 -8.930401504039764404e-02 2.352112904191017151e-02 -2.569991350173950195e-02 -1.857463717460632324e-01 -3.027113080024719238e-01 -6.387077271938323975e-03 -4.475668445229530334e-02 -4.745008051395416260e-02 -2.577827498316764832e-02 -5.353136360645294189e-02 -1.058534979820251465e-01 -3.980240598320960999e-02 -1.341904550790786743e-01 -1.281018853187561035e-01 -6.101230531930923462e-02 1.928648352622985840e-01 2.726080715656280518e-01 7.683156430721282959e-02 -1.272399351000785828e-02 -2.262761592864990234e-01 -1.020457223057746887e-02 -6.866437941789627075e-02 -1.083550304174423218e-01 -1.412329077720642090e-01 -1.707793027162551880e-01 -1.117327138781547546e-01
1.683552935719490051e-02 2.124088108539581299e-01 -7.052490115165710449e-02 2.665368653833866119e-02 -5.067288130521774292e-02 1.659637689590454102e-02 1.641359925270080566e-01 -3.259951472282409668e-01 1.421246975660324097e-01 1.569794565439224243e-01 -7.315486669540405273e-02 -5.241548269987106323e-02 -3.436581045389175415e-02 -6.153200566768646240e-02 -2.461210787296295166e-01 -1.171816885471343994e-02 2.359835207462310791e-01 8.790065348148345947e-02 1.586088687181472778e-01 -2.547893226146697998e-01 -2.537899613380432129e-01 -5.688343197107315063e-02 -8.903367817401885986e-02 -7.320410013198852539e-02 6.089496240019798279e-02 -3.583957627415657043e-02 -1.262226104736328125e-01 1.746279746294021606e-01 4.848900064826011658e-02 1.770354509353637695e-01 2.357975244522094727e-01 4.840797930955886841e-02
-9.228977560997009277e-02 2.895321249961853027e-01 -1.519379615783691406e-01 -1.808301061391830444e-01 -5.894557386636734009e-02 -1.921831965446472168e-01 2.562975697219371796e-02 1.803747862577438354e-01 -6.689822673797607422e-02 -3.098565340042114258e-02 3.282393142580986023e-02 1.898229122161865234e-01 3.228127956390380859e-01 4.505436494946479797e-02 -3.502576053142547607e-02 -1.625771075487136841e-01 -1.620587110519409180e-01 3.620721399784088135e-02 1.495149135589599609e-01 4.147218912839889526e-02 -1.609539687633514404e-01 2.553896009922027588e-01 -6.114125251770019531e-03 6.576243042945861816e-02 1.949996650218963623e-01 1.838665008544921875e-01 -2.556509375572204590e-01 1.219304278492927551e-01 6.737309694290161133e-02 -1.541911810636520386e-02 4.214685410261154175e-02 3.437830507755279541e-01
1.584704071283340454e-01 -3.536325991153717041e-01 1.660549044609069824e-01 9.948068112134933472e-02 1.156170442700386047e-01 -1.147326827049255371e-02 -6.249305605888366699e-02 -9.294828772544860840e-02 4.485440999269485474e-02 -1.370393037796020508e-01 3.753377199172973633e-01 8.796337246894836426e-02 -7.648617774248123169e-02 1.588184386491775513e-01 2.612327635288238525e-01 1.114439293742179871e-01 9.614100307226181030e-02 1.622255891561508179e-01 -9.652433544397354126e-02 2.715158164501190186e-01 1.899946033954620361e-01 -3.705942630767822266e-01 6.679147481918334961e-02 7.685159146785736084e-02 -1.085247248411178589e-01 8.492727577686309814e-02 2.526853978633880615e-01 -1.749756038188934326e-01 -8.554704487323760986e-02 -2.642828226089477539e-02 -9.679628908634185791e-02 -1.897996664047241211e-01
-2.236787416040897369e-02 -3.140131235122680664e-01 1.349397003650665283e-01 -1.324247419834136963e-01 -1.293545216321945190e-02 -2.228215932846069336e-01 -1.127459034323692322e-01 -1.732729934155941010e-02 -2.332783639430999756e-01 -2.315007895231246948e-02 1.130272224545478821e-01 1.908589005470275879e-01 2.217121422290802002e-01 1.023772805929183960e-01 3.799947351217269897e-02 -1.087086647748947144e-01 -1.212899833917617798e-01 4.057552665472030640e-03 1.613802164793014526e-01 -9.890462458133697510e-02 2.156751453876495361e-01 1.325483024120330811e-01 2.608294785022735596e-01 1.993585079908370972e-01 -1.514830142259597778e-01 -1.788570582866668701e-01 2.556571960449218750e-01 -2.695765495300292969e-01 6.673863530158996582e-02 -6.184868514537811279e-02 -2.955217361450195312e-01 -8.639624714851379395e-02
-6.839350610971450806e-02 -6.421764194965362549e-02 -2.145099639892578125e-02 2.661033906042575836e-02 -2.603025734424591064e-02 1.106087565422058105e-01 3.919135034084320068e-02 -1.313815414905548096e-01 7.558485865592956543e-02 4.998373985290527344e-02 -1.180753111839294434e-01 -4.484199732542037964e-02 -1.118104532361030579e-01 2.208021841943264008e-02 1.638960838317871094e-02 1.869604438543319702e-01 3.183349967002868652e-03 -1.771099418401718140e-01 -4.785903915762901306e-02 -1.514155566692352295e-01 -2.133416086435317993e-01 -1.806388944387435913e-01 -1.071916967630386353e-01 -1.160581409931182861e-01 9.810924530029296875e-02 -6.178807839751243591e-02 4.246462881565093994e-02 2.696816436946392059e-02 4.741153493523597717e-02 5.739382281899452209e-02 1.428894698619842529e-01 -1.485351622104644775e-01
-8.723167702555656433e-03 -6.710549443960189819e-02 -1.367807984352111816e-01 9.867446869611740112e-02 3.107000887393951416e-02 2.452975511550903320e-02 -1.679769754409790039e-01 -7.956830412149429321e-02 3.640743345022201538e-02 5.899310111999511719e-03 -5.513995885848999023e-02 -8.417332917451858521e-02 -1.230972558259963989e-01 -2.539382129907608032e-02 2.585874497890472412e-02 -6.781239807605743408e-02 4.989422857761383057e-03 -4.826012998819351196e-02 -2.956625819206237793e-01 -2.237220667302608490e-02 -7.450317591428756714e-02 -1.862413883209228516e-01 -1.591340452432632446e-01 2.567887306213378906e-03 8.191116154193878174e-03 -8.107772096991539001e-03 3.283962607383728027e-03 -1.765339672565460205e-01 -6.895143538713455200e-02 3.036126121878623962e-02 -2.368304505944252014e-02 -2.769168615341186523e-01
1.797550022602081299e-01 -4.109411239624023438e-01 1.333982199430465698e-01 -4.216237068176269531e-01 -5.232480913400650024e-02 -3.123150467872619629e-01 -1.013543680310249329e-01 5.836584791541099548e-02 -4.049087166786193848e-01 -2.564039230346679688e-01 -3.377294540405273438e-02 3.908950686454772949e-01 1.974486410617828369e-01 1.822415292263031006e-01 7.607515156269073486e-02 -1.662951260805130005e-01 -3.688449859619140625e-01 -4.892078414559364319e-02 1.639855206012725830e-01 -1.029470711946487427e-01 2.020217776298522949e-01 2.738526463508605957e-01 5.420179367065429688e-01 2.734145224094390869e-01 -1.450598239898681641e-01 -3.150632083415985107e-01 4.171536564826965332e-01 -3.555708527565002441e-01 1.452107578516006470e-01 -8.360548317432403564e-02 -3.894221782684326172e-01 2.196604944765567780e-02
2.180461883544921875e-01 -5.432187020778656006e-02 -9.546905010938644409e-02 -1.273466348648071289e-01 2.127018570899963379e-02 6.195022165775299072e-02 -2.123600542545318604e-01 1.594186127185821533e-01 -3.422826528549194336e-02 -2.915889620780944824e-01 -3.030790984630584717e-01 -3.749928250908851624e-02 -1.259305179119110107e-01 1.286751031875610352e-01 5.152695626020431519e-02 2.913053333759307861e-02 -3.073247373104095459e-01 -7.747650146484375000e-02 -4.095495343208312988e-01 1.611475832760334015e-02 -1.345525234937667847e-01 -2.395245991647243500e-02 8.344273269176483154e-02 -4.211691766977310181e-02 3.430549055337905884e-02 -1.178748011589050293e-01 -4.129439219832420349e-02 -1.199749335646629333e-01 -1.059560030698776245e-01 -1.335909068584442139e-01 -1.671679317951202393e-01 -1.769248545169830322e-01
1.223589107394218445e-01 -2.801846861839294434e-01 1.227672249078750610e-01 7.138683646917343140e-02 2.616942226886749268e-01 -3.221758827567100525e-02 -2.159935086965560913e-01 1.144113093614578247e-01 6.832867860794067383e-02 -1.966338902711868286e-01 4.130313694477081299e-01 1.718270182609558105e-01 4.871834069490432739e-02 1.181026175618171692e-01 3.091381192207336426e-01 1.889955103397369385e-01 -2.926687151193618774e-02 1.055867224931716919e-01 -1.491889953613281250e-01 3.255188465118408203e-01 1.611393094062805176e-01 -1.827780157327651978e-01 6.567237526178359985e-02 1.544924825429916382e-01 6.350651383399963379e-03 8.806014060974121094e-02 5.797364562749862671e-02 -2.069537490606307983e-01 -8.827167004346847534e-02 -4.589656740427017212e-02 -9.866528213024139404e-02 -1.875194609165191650e-01
1.084375828504562378e-01 9.287532418966293335e-02 1.076195687055587769e-01 -1.723883301019668579e-01 -9.239045530557632446e-02 -2.650014162063598633e-01 7.775387167930603027e-02 8.472721278667449951e-02 -3.155467286705970764e-02 4.267737269401550293e-02 5.348552763462066650e-02 1.071108579635620117e-01 4.182992279529571533e-01 -7.794115692377090454e-03 -1.962305754423141479e-01 -1.729342192411422729e-01 1.606443524360656738e-02 2.316721379756927490e-01 1.777611225843429565e-01 -1.552826464176177979e-01 9.198218584060668945e-03 2.307440638542175293e-01 7.927884906530380249e-02 1.891037076711654663e-01 -5.699558928608894348e-02 4.696784168481826782e-02 -2.582636177539825439e-01 7.225156575441360474e-02 7.774317264556884766e-02 -5.213470757007598877e-02 -2.569872438907623291e-01 2.009076923131942749e-01
5.618841201066970825e-02 -1.803601719439029694e-02 6.210672855377197266e-02 -4.055250436067581177e-03 -7.815856486558914185e-02 -2.968184649944305420e-03 7.301243394613265991e-02 -1.564211249351501465e-01 1.000091880559921265e-01 1.332770138978958130e-01 4.135391861200332642e-02 -9.609021991491317749e-02 6.252487748861312866e-02 -1.095708832144737244e-02 -1.777098774909973145e-01 -7.826246321201324463e-02 2.674229443073272705e-01 4.948653280735015869e-02 1.740444004535675049e-01 -2.163961231708526611e-01 -2.583616599440574646e-02 3.695990145206451416e-02 7.829329371452331543e-02 -2.420928888022899628e-02 2.189716324210166931e-02 -6.166041269898414612e-02 -3.743137046694755554e-02 8.664670586585998535e-02 2.630263566970825195e-03 4.283390939235687256e-03 5.112508684396743774e-02 -8.808133192360401154e-03
2.350114285945892334e-03 6.041289120912551880e-02 2.635433152318000793e-02 -9.228711575269699097e-02 4.961650073528289795e-02 -2.589188218116760254e-01 -5.344732850790023804e-02 5.557076260447502136e-02 2.549826353788375854e-02 6.746678054332733154e-02 3.549460172653198242e-01 2.198446393013000488e-01 2.599872052669525146e-01 -4.633645713329315186e-02 1.141489669680595398e-02 -1.225605458021163940e-01 2.523733302950859070e-02 2.120447456836700439e-01 2.126568108797073364e-01 1.257192492485046387e-01 6.396776437759399414e-02 -5.154981091618537903e-02 5.738921463489532471e-03 2.606706321239471436e-01 2.652843296527862549e-02 2.563715279102325439e-01 -1.288898587226867676e-01 -3.154270350933074951e-02 1.341957226395606995e-02 -3.371357917785644531e-02 -9.625184535980224609e-02 7.282043248414993286e-02
1.597813069820404053e-01 -1.519515551626682281e-02 2.088729739189147949e-01 -1.054247841238975525e-01 -5.001530796289443970e-02 -1.572399735450744629e-01 -2.735709026455879211e-02 8.231581747531890869e-02 -3.902397677302360535e-02 -1.152404397726058960e-02 9.654122591018676758e-02 1.385452598333358765e-02 3.089576959609985352e-01 -2.603035420179367065e-02 -1.441121995449066162e-01 -2.346367388963699341e-02 1.209510266780853271e-01 2.457244694232940674e-01 1.282716691493988037e-01 -1.266760230064392090e-01 4.399216920137405396e-02 3.700844943523406982e-02 4.814487695693969727e-02 2.728577256202697754e-01 -2.032665163278579712e-02 9.250767529010772705e-03 -2.212464958429336548e-01 -1.068346388638019562e-02 1.293384656310081482e-02 -1.091229617595672607e-01 -3.243642449378967285e-01 6.833140552043914795e-02
1.289916876703500748e-02 1.267096102237701416e-01 1.227461099624633789e-01 -1.390527188777923584e-01 -1.960890591144561768e-01 -1.715366244316101074e-01 7.253444194793701172e-02 -9.795342385768890381e-02 -8.988425880670547485e-02 9.737201035022735596e-02 -1.520677357912063599e-01 -8.547522127628326416e-02 1.545200943946838379e-01 -9.729985147714614868e-02 -2.421869635581970215e-01 2.758953906595706940e-02 2.354446426033973694e-02 8.723321557044982910e-02 1.356846392154693604e-01 -3.144070208072662354e-01 -1.389974355697631836e-01 9.069640189409255981e-03 -6.364931166172027588e-02 1.288562864065170288e-01 5.585008859634399414e-02 -1.050201617181301117e-02 -8.892065286636352539e-02 3.232958912849426270e-02 1.532443612813949585e-01 -1.889937371015548706e-02 -1.981294453144073486e-01 2.308353781700134277e-02
-1.051842980086803436e-02 1.806307435035705566e-01 -5.348052084445953369e-02 -2.286971658468246460e-01 -9.066417813301086426e-03 -3.191962242126464844e-01 5.826715379953384399e-03 1.584738343954086304e-01 -2.151397988200187683e-02 5.743600428104400635e-02 1.455686986446380615e-01 1.800688803195953369e-01 4.202685058116912842e-01 -4.314345866441726685e-02 -1.404220759868621826e-01 -2.413379400968551636e-01 -4.853975772857666016e-02 1.601909101009368896e-01 2.244420498609542847e-01 7.111196406185626984e-03 1.090618968009948730e-02 2.508773803710937500e-01 6.721811741590499878e-02 1.562066525220870972e-01 4.732745885848999023e-02 2.142103910446166992e-01 -2.094125002622604370e-01 1.049882844090461731e-01 1.188792437314987183e-01 -7.819889485836029053e-02 -1.285974532365798950e-01 2.445106357336044312e-01
2.320989966392517090e-01 -1.641373336315155029e-01 -4.377096891403198242e-03 -1.182324141263961792e-01 1.310953497886657715e-01 9.793514013290405273e-02 -2.602758705615997314e-01 2.787865102291107178e-01 -4.546831548213958740e-02 -3.820734024047851562e-01 -2.670010030269622803e-01 2.031035721302032471e-03 3.796063363552093506e-03 2.594894766807556152e-01 1.474684178829193115e-01 1.741867661476135254e-01 -3.606942594051361084e-01 -1.625414788722991943e-01 -4.780843257904052734e-01 1.006390154361724854e-01 -9.760212898254394531e-02 4.664116352796554565e-02 6.991366297006607056e-02 -2.439687401056289673e-02 2.725589834153652191e-02 -1.883934140205383301e-01 -1.085049211978912354e-01 -1.434601545333862305e-01 -1.875905245542526245e-01 -1.432309001684188843e-01 -2.378475666046142578e-01 -1.836010366678237915e-01
7.967066019773483276e-02 -3.214157372713088989e-02 1.820765435695648193e-01 -3.719718754291534424e-02 -1.932306587696075439e-02 -1.731811165809631348e-01 -4.451487958431243896e-02 -2.220891602337360382e-02 5.065448582172393799e-03 1.485314965248107910e-02 1.934425234794616699e-01 1.133484691381454468e-01 1.716749668121337891e-01 -5.249857902526855469e-02 5.581449717283248901e-03 1.263498067855834961e-01 1.510689556598663330e-01 2.319540083408355713e-01 1.939630359411239624e-01 2.174519188702106476e-02 -1.175088435411453247e-02 -9.517286717891693115e-02 2.223225682973861694e-02 2.443235665559768677e-01 1.071712672710418701e-01 6.809076666831970215e-02 -1.069819927215576172e-01 -1.152394637465476990e-01 6.910023093223571777e-02 4.608052968978881836e-02 -1.767242252826690674e-01 -7.785846292972564697e-02
-8.986812829971313477e-02 -1.248159408569335938e-01 -1.896388828754425049e-03 7.939036935567855835e-02 6.541164964437484741e-02 1.446869075298309326e-01 7.684248685836791992e-02 -1.616198569536209106e-01 6.693968176841735840e-02 7.676188647747039795e-02 2.254381775856018066e-03 2.899907529354095459e-02 -1.992915868759155273e-01 6.807243824005126953e-02 1.125630438327789307e-01 1.438454687595367432e-01 8.206993341445922852e-03 -1.110043823719024658e-01 -1.755453273653984070e-02 -7.601092010736465454e-02 -9.883886575698852539e-02 -2.396005094051361084e-01 -5.218788236379623413e-02 -1.167404055595397949e-01 1.726425625383853912e-02 -2.349930070340633392e-02 1.549653410911560059e-01 -1.938989199697971344e-02 -2.425347082316875458e-02 1.127969771623611450e-01 1.718920469284057617e-01 -9.648757427930831909e-02
8.301143348217010498e-02 5.105565488338470459e-02 -1.882690191268920898e-01 -1.996524631977081299e-01 5.023375153541564941e-02 -7.401289790868759155e-02 -1.414422988891601562e-01 2.289725840091705322e-01 -4.776117205619812012e-02 -2.030819952487945557e-01 4.774450883269309998e-02 1.463109552860260010e-01 8.360721915960311890e-02 2.064356207847595215e-01 5.665221810340881348e-02 -4.625431448221206665e-02 -3.268031775951385498e-01 -1.049033105373382568e-01 -1.268880814313888550e-01 1.456101536750793457e-01 -1.328127235174179077e-01 6.092904508113861084e-02 -5.757547914981842041e-02 5.059070885181427002e-03 1.491320282220840454e-01 2.004868388175964355e-01 -7.668268680572509766e-02 -3.072467632591724396e-02 -5.627209693193435669e-02 -1.822304278612136841e-01 -4.777397587895393372e-02 1.117924526333808899e-01
7.298658788204193115e-02 3.389568626880645752e-02 -1.709677278995513916e-01 -2.322009503841400146e-01 1.988501474261283875e-02 -3.084252402186393738e-02 -1.764576584100723267e-01 1.401116698980331421e-01 -2.016794681549072266e-02 -1.912667602300643921e-01 -1.414734423160552979e-01 5.372494459152221680e-02 -5.284385383129119873e-02 1.620841920375823975e-01 1.471841707825660706e-02 -3.039212524890899658e-02 -3.403191864490509033e-01 -8.313459903001785278e-02 -2.605955302715301514e-01 6.535524968057870865e-03 -1.627081781625747681e-01 -8.675622940063476562e-02 -3.660175949335098267e-02 9.550403803586959839e-03 8.347934484481811523e-02 9.630295634269714355e-02 -3.654990717768669128e-02 -5.246827006340026855e-02 -4.009801149368286133e-02 -1.290256828069686890e-01 -6.452718377113342285e-02 -7.904653996229171753e-02
1.603729724884033203e-01 1.533524096012115479e-01 -1.334446966648101807e-01 -1.748684421181678772e-02 -8.781281858682632446e-02 1.182482391595840454e-02 -2.163352817296981812e-02 -1.682174354791641235e-01 1.077996045351028442e-01 -4.428931698203086853e-02 -1.957885921001434326e-01 -1.135513931512832642e-02 -1.935240626335144043e-01 -1.867581903934478760e-02 -1.138860136270523071e-01 -3.435879200696945190e-02 -2.506560832262039185e-02 4.195399582386016846e-02 -1.677809208631515503e-01 -1.065078377723693848e-01 -2.191074341535568237e-01 -1.220367029309272766e-01 -6.135787069797515869e-02 -2.686928957700729370e-03 1.126052588224411011e-01 3.099218010902404785e-03 -5.771764367818832397e-02 -1.080825924873352051e-02 -2.123187854886054993e-02 -1.780109852552413940e-02 7.853449136018753052e-02 -1.444331407546997070e-01
5.728823691606521606e-02 -2.540118992328643799e-03 1.073575988411903381e-01 -3.579938411712646484e-02 -1.564329266548156738e-01 -1.016872674226760864e-01 9.444112330675125122e-02 -1.202518790960311890e-01 -6.744629144668579102e-02 5.802352726459503174e-02 -8.692887425422668457e-02 -7.888685166835784912e-02 -1.745888590812683105e-02 -1.577045768499374390e-03 -1.424311548471450806e-01 6.071867421269416809e-02 3.262076899409294128e-02 6.074354052543640137e-02 8.002573996782302856e-02 -1.663107722997665405e-01 -2.933282777667045593e-02 -1.491521894931793213e-01 -5.613280832767486572e-02 1.275110691785812378e-01 -5.916435271501541138e-03 5.943655967712402344e-03 5.263829231262207031e-02 2.695108205080032349e-02 5.289366468787193298e-02 -7.369081676006317139e-02 -1.485847383737564087e-01 5.560075864195823669e-03
1.169919520616531372e-01 -3.001514822244644165e-03 2.366901338100433350e-01 -1.477085351943969727e-01 -1.009390130639076233e-01 -1.719332039356231689e-01 1.456282287836074829e-02 5.541658774018287659e-02 -6.562560796737670898e-02 2.975978702306747437e-02 -5.205374956130981445e-02 -3.129564225673675537e-02 2.881581485271453857e-01 -3.828737884759902954e-02 -2.080317586660385132e-01 1.023326218128204346e-01 1.117590591311454773e-01 1.793310344219207764e-01 7.849028706550598145e-02 -2.521811723709106445e-01 -1.097838506102561951e-01 4.202121496200561523e-02 -1.054678112268447876e-02 2.208550125360488892e-01 4.699741303920745850e-02 -6.935179233551025391e-02 -2.464855313301086426e-01 1.285417191684246063e-02 5.264030769467353821e-02 -4.492420703172683716e-02 -2.953985631465911865e-01 2.771259844303131104e-02
6.253645569086074829e-02 2.979442775249481201e-01 -2.225978076457977295e-01 -2.138301134109497070e-01 -1.167595461010932922e-01 -6.670067459344863892e-02 -2.689247019588947296e-02 2.729069814085960388e-02 -1.341540217399597168e-01 -1.353884339332580566e-01 -1.088065803050994873e-01 1.144266724586486816e-01 -8.067059516906738281e-02 2.016728520393371582e-01 -1.011455282568931580e-01 -1.820717602968215942e-01 -2.524483203887939453e-01 -5.265622958540916443e-02 -3.457900136709213257e-03 -1.043959781527519226e-01 -3.327783942222595215e-01 2.830307185649871826e-02 -3.169665485620498657e-02 -1.454406231641769409e-01 1.471994668245315552e-01 3.467953950166702271e-02 1.312775537371635437e-02 4.310174286365509033e-02 1.346233636140823364e-01 7.653184980154037476e-02 1.380697786808013916e-01 1.614214032888412476e-01
2.497297078371047974e-01 -1.300678849220275879e-01 -8.687466382980346680e-02 -3.339875489473342896e-03 -2.643823623657226562e-03 1.037629991769790649e-01 -1.202726513147354126e-01 4.030584916472434998e-02 2.518421411514282227e-02 -2.241225689649581909e-01 -3.086993098258972168e-01 -5.132961645722389221e-02 -4.796929284930229187e-02 -1.227378100156784058e-02 3.553724661469459534e-02 3.108696825802326202e-02 -1.251561939716339111e-01 -6.010971963405609131e-02 -2.856113314628601074e-01 -1.211943849921226501e-01 -8.379551768302917480e-02 1.132434010505676270e-01 1.437451839447021484e-01 6.379312276840209961e-02 -8.495204150676727295e-03 -2.293353974819183350e-01 -3.371694311499595642e-02 -1.127515286207199097e-01 -1.258499920368194580e-01 -9.974166750907897949e-02 -1.650809198617935181e-01 -2.195158600807189941e-01
5.146054178476333618e-02 -4.159957766532897949e-01 7.554613053798675537e-02 -8.485088497400283813e-02 7.687138766050338745e-02 -1.680008769035339355e-01 -2.448177039623260498e-01 5.210838839411735535e-02 -3.196426033973693848e-01 -1.959250122308731079e-01 -7.936507463455200195e-03 1.695222556591033936e-01 1.133160069584846497e-01 8.489024639129638672e-02 2.015673816204071045e-01 -4.699514061212539673e-02 -2.456625998020172119e-01 -4.593726247549057007e-03 -6.154735758900642395e-02 2.597869373857975006e-02 1.938521265983581543e-01 1.131683439016342163e-01 3.040385842323303223e-01 2.187073975801467896e-01 -1.598500162363052368e-01 -2.015649378299713135e-01 3.235679566860198975e-01 -3.622994124889373779e-01 2.060748636722564697e-02 -9.546075761318206787e-02 -3.846376836299896240e-01 -1.916863620281219482e-01
-1.272335499525070190e-01 3.926768600940704346e-01 -8.992079645395278931e-02 -2.081713974475860596e-01 -2.919629812240600586e-01 -3.229485154151916504e-01 1.013688892126083374e-01 -1.586988717317581177e-01 -2.721582055091857910e-01 1.884956955909729004e-01 -2.040243744850158691e-01 -1.570470333099365234e-01 4.442975819110870361e-01 -6.960733979940414429e-02 -4.600960910320281982e-01 -3.029359579086303711e-01 -8.859734237194061279e-02 1.223094612360000610e-01 1.483132541179656982e-01 -5.283468961715698242e-01 -1.896995306015014648e-01 4.165669977664947510e-01 -5.125053226947784424e-03 -1.218049526214599609e-01 -1.559919118881225586e-02 -5.912096425890922546e-02 -1.803802847862243652e-01 1.726774871349334717e-01 3.772450387477874756e-01 6.023955345153808594e-02 -1.603235304355621338e-01 2.364399135112762451e-01
1.664983928203582764e-01 -1.405376195907592773e-01 1.388740539550781250e-01 -2.754379063844680786e-02 9.056194871664047241e-02 -1.025654822587966919e-01 -1.799432933330535889e-01 1.236445754766464233e-01 1.390286535024642944e-02 -1.322005987167358398e-01 3.104318976402282715e-01 1.205502003431320190e-01 2.473170161247253418e-01 5.525456741452217102e-02 1.456826478242874146e-01 1.104210019111633301e-01 4.554380849003791809e-02 2.010071873664855957e-01 3.459711372852325439e-02 1.486982703208923340e-01 9.191645681858062744e-02 -5.960561707615852356e-02 7.424533367156982422e-02 2.177506685256958008e-01 2.215888909995555878e-02 8.182476460933685303e-02 -1.052533760666847229e-01 -1.444604247808456421e-01 1.906744018197059631e-02 -8.489368855953216553e-02 -2.299523949623107910e-01 -8.044921606779098511e-02
-5.653277039527893066e-04 1.675615310668945312e-01 4.817111045122146606e-02 -1.691721528768539429e-01 -2.670546472072601318e-01 -1.292594820261001587e-01 3.634316474199295044e-02 -6.942822039127349854e-02 -1.762215942144393921e-01 6.421630084514617920e-02 -3.890250623226165771e-01 -2.960737943649291992e-01 2.442709803581237793e-01 -6.586244702339172363e-02 -4.148672223091125488e-01 8.463130891323089600e-02 -7.015760242938995361e-02 -6.574234366416931152e-02 -1.278591156005859375e-01 -5.602267980575561523e-01 -2.337746918201446533e-01 2.275110483169555664e-01 -6.462977826595306396e-02 -8.403515815734863281e-02 2.894965745508670807e-02 -2.076156735420227051e-01 -2.693338692188262939e-01 1.792407780885696411e-01 2.133391648530960083e-01 -3.501322865486145020e-02 -1.906542479991912842e-01 6.178450211882591248e-02
4.551288112998008728e-02 -3.544626012444496155e-02 9.111570194363594055e-03 -1.037812903523445129e-01 5.585752427577972412e-03 -2.742373347282409668e-01 -2.774498611688613892e-02 4.883434996008872986e-02 4.263199120759963989e-02 -1.332081854343414307e-03 3.497718870639801025e-01 2.001252472400665283e-01 1.913072466850280762e-01 -6.116621196269989014e-02 -1.349634863436222076e-02 -2.005960196256637573e-01 -3.973748534917831421e-02 2.276808619499206543e-01 2.182638794183731079e-01 1.518893688917160034e-01 1.725551486015319824e-01 -3.385256975889205933e-02 7.664765417575836182e-02 2.481255084276199341e-01 -9.298157691955566406e-02 3.305406272411346436e-01 1.101207137107849121e-01 4.094423353672027588e-02 7.615284621715545654e-02 -1.502886712551116943e-01 -1.243425011634826660e-01 9.500104188919067383e-02
5.335238948464393616e-02 1.107868030667304993e-01 7.214914262294769287e-02 -1.646359711885452271e-01 -9.238158911466598511e-02 -2.994647026062011719e-01 -2.154683507978916168e-02 8.112137019634246826e-02 -2.199074998497962952e-02 3.909778594970703125e-02 2.590208947658538818e-01 1.469279974699020386e-01 3.131642341613769531e-01 -5.199491977691650391e-02 -8.407206833362579346e-02 -1.933682113885879517e-01 3.003520518541336060e-02 2.434687912464141846e-01 2.543983459472656250e-01 3.542228788137435913e-02 3.239917755126953125e-02 3.491877764463424683e-02 7.814714312553405762e-02 2.190866023302078247e-01 3.326655551791191101e-02 2.955368161201477051e-01 -9.020666778087615967e-02 3.070639632642269135e-02 1.073655337095260620e-01 -1.012283265590667725e-01 -1.690343618392944336e-01 1.116683259606361389e-01
3.737157583236694336e-02 -1.187203377485275269e-01 1.277134940028190613e-02 5.477219820022583008e-02 -4.950128495693206787e-03 2.380851656198501587e-02 -3.281109780073165894e-02 -7.484269142150878906e-02 7.391305267810821533e-02 8.065481483936309814e-02 -2.761727571487426758e-02 -4.866391420364379883e-02 2.295976132154464722e-02 -4.567913711071014404e-02 -4.648073017597198486e-02 -4.416874796152114868e-02 1.233405917882919312e-01 -5.186870694160461426e-04 -8.100908994674682617e-02 -1.034389436244964600e-01 -1.774560287594795227e-02 1.841080933809280396e-02 1.967119425535202026e-02 4.666509106755256653e-03 -1.890426129102706909e-02 -7.620973885059356689e-02 -4.889708012342453003e-02 -5.702077597379684448e-02 -8.827437460422515869e-02 -4.071778804063796997e-02 -8.933863043785095215e-02 -1.790756583213806152e-01
3.610189631581306458e-02 6.510020047426223755e-02 -8.087457716464996338e-02 9.843091666698455811e-02 -8.116764575242996216e-02 5.274137854576110840e-02 -2.354527078568935394e-02 -2.252715677022933960e-01 7.759241759777069092e-02 1.064868122339248657e-01 -1.094219833612442017e-02 -1.141862869262695312e-01 -1.163821518421173096e-01 -7.886276394128799438e-02 -1.545346379280090332e-01 -7.317145168781280518e-02 2.208253294229507446e-01 5.517429858446121216e-02 -4.019986838102340698e-03 -1.331952065229415894e-01 -1.307512074708938599e-01 -1.524526476860046387e-01 -1.191611588001251221e-01 -3.665914759039878845e-02 2.553003840148448944e-02 6.291801109910011292e-03 -5.024453252553939819e-02 2.946108765900135040e-02 6.591748446226119995e-03 7.252942025661468506e-02 9.552008658647537231e-02 -1.187099814414978027e-01
1.825190335512161255e-01 -1.620415151119232178e-01 1.517508029937744141e-01 -6.347325444221496582e-02 1.358012109994888306e-01 -9.557301551103591919e-02 -1.532774418592453003e-01 2.087872028350830078e-01 2.935434132814407349e-02 -1.602275967597961426e-01 2.609724402427673340e-01 1.080934256315231323e-01 1.873769164085388184e-01 1.144752725958824158e-01 1.313107907772064209e-01 1.231186017394065857e-01 -5.556829273700714111e-02 1.204828023910522461e-01 -6.888027489185333252e-02 1.973740756511688232e-01 8.659942448139190674e-02 -2.214479446411132812e-02 1.113263368606567383e-01 1.628648042678833008e-01 2.371111139655113220e-02 1.275451183319091797e-01 -8.669617772102355957e-02 -9.124328196048736572e-02 -4.975951835513114929e-02 -1.823490411043167114e-01 -2.005620300769805908e-01 -5.960792675614356995e-02
6.662638857960700989e-03 -2.006732225418090820e-01 -1.322523951530456543e-01 1.233278438448905945e-01 1.248950734734535217e-01 3.560565412044525146e-02 -2.506973743438720703e-01 4.211791977286338806e-02 -3.814751654863357544e-02 -1.643632501363754272e-01 -1.199692785739898682e-01 -1.157377585768699646e-01 -8.670580387115478516e-02 9.456060826778411865e-03 1.516407281160354614e-01 -6.075672805309295654e-03 -1.063915342092514038e-01 -1.061906367540359497e-01 -4.125357866287231445e-01 6.967874616384506226e-02 4.960756003856658936e-02 -1.643451303243637085e-01 -3.756262362003326416e-02 4.206975176930427551e-02 -6.428901851177215576e-02 -7.198364287614822388e-02 9.016871452331542969e-02 -2.823216021060943604e-01 -1.174918115139007568e-01 -1.145514100790023804e-02 -9.955110400915145874e-02 -3.270984888076782227e-01
9.437585622072219849e-02 2.430193871259689331e-02 9.675806760787963867e-02 -1.260628104209899902e-01 -4.792366921901702881e-02 -2.290870100259780884e-01 -3.999406844377517700e-02 6.219058111310005188e-02 8.227348327636718750e-03 4.699558019638061523e-03 2.859436869621276855e-01 1.432367265224456787e-01 2.562031745910644531e-01 -4.046352207660675049e-02 -2.287211455404758453e-02 -9.015515446662902832e-02 4.561571776866912842e-02 2.298176586627960205e-01 2.100982069969177246e-01 1.149063110351562500e-01 9.981624782085418701e-03 -3.474147245287895203e-02 7.142720371484756470e-02 2.650125026702880859e-01 8.539801463484764099e-03 2.512369155883789062e-01 -1.076951101422309875e-01 -1.798554323613643646e-02 1.757496595382690430e-02 -9.390440583229064941e-02 -1.519750356674194336e-01 6.616411358118057251e-02
-1.392953656613826752e-02 -2.418869435787200928e-01 1.372254490852355957e-01 1.318795830011367798e-01 4.501659423112869263e-02 7.860204577445983887e-02 -6.264450028538703918e-03 -1.871145665645599365e-01 -1.445732265710830688e-02 2.755362540483474731e-02 1.364811509847640991e-01 1.033678650856018066e-01 -2.148752808570861816e-01 7.461689412593841553e-02 1.749935895204544067e-01 1.733558773994445801e-01 4.931593686342239380e-02 3.117471188306808472e-02 -1.767214387655258179e-03 1.540989875793457031e-01 1.289416700601577759e-01 -3.243140578269958496e-01 4.256505519151687622e-03 1.254910603165626526e-03 -5.411364138126373291e-03 9.527276456356048584e-02 2.734632194042205811e-01 -1.157467886805534363e-01 -2.393635734915733337e-02 7.392455637454986572e-02 8.104460686445236206e-02 -9.357894957065582275e-02
-1.863805204629898071e-01 -2.326378971338272095e-02 -2.822798788547515869e-01 8.314035087823867798e-02 -3.132600337266921997e-02 3.703787624835968018e-01 -6.166194379329681396e-02 -1.158862709999084473e-01 1.715262979269027710e-01 -2.377463132143020630e-02 -2.004021108150482178e-01 -1.819323748350143433e-01 -1.182575821876525879e-01 -6.015671044588088989e-02 -2.027054503560066223e-02 -1.002462953329086304e-02 -1.776933372020721436e-01 -4.353785216808319092e-01 -9.646922349929809570e-02 -3.196751773357391357e-01 -4.509551227092742920e-01 -7.985627651214599609e-02 -9.055678546428680420e-02 -4.063187241554260254e-01 7.674945890903472900e-02 -5.971095710992813110e-02 8.272154629230499268e-02 2.703711986541748047e-01 2.034052088856697083e-02 1.815989315509796143e-01 4.169632494449615479e-01 -1.227359175682067871e-01
2.240407317876815796e-01 -2.248688042163848877e-01 1.558075845241546631e-01 -2.225141413509845734e-02 -1.333802193403244019e-02 -1.000650525093078613e-01 4.711976647377014160e-02 -7.440318167209625244e-02 1.518203318119049072e-02 -3.687449544668197632e-02 1.750351041555404663e-01 3.954549133777618408e-02 7.122948765754699707e-03 1.278731822967529297e-01 -3.180845081806182861e-02 1.870268583297729492e-02 8.376130461692810059e-02 2.155829966068267822e-01 1.927558332681655884e-03 4.217438772320747375e-02 1.465014815330505371e-01 -2.398774325847625732e-01 -3.158934414386749268e-03 1.569281667470932007e-01 -1.335057467222213745e-01 2.219123765826225281e-02 1.203117668628692627e-01 -4.466465115547180176e-02 -5.601780861616134644e-02 -1.745824068784713745e-01 -2.263655960559844971e-01 -4.854939132928848267e-02
2.636205777525901794e-02 -2.659381628036499023e-01 1.523487418889999390e-01 1.055304855108261108e-01 1.086285710334777832e-01 7.754014432430267334e-02 4.870481044054031372e-02 -1.254106462001800537e-01 5.873003602027893066e-02 1.941900700330734253e-02 5.200076475739479065e-02 6.282339990139007568e-02 -1.796268522739410400e-01 1.602377891540527344e-01 1.386214941740036011e-01 2.578473687171936035e-01 7.694459706544876099e-02 -3.075014799833297729e-03 -1.259734630584716797e-01 3.183750808238983154e-02 6.618104875087738037e-03 -3.226687610149383545e-01 -5.885965377092361450e-02 -2.179578319191932678e-02 5.280673503875732422e-03 -6.630905717611312866e-02 1.579379290342330933e-01 -7.106987386941909790e-02 -4.847302660346031189e-02 5.240503698587417603e-02 5.809780955314636230e-02 -1.615550667047500610e-01
4.325093328952789307e-02 -1.032660454511642456e-01 -7.555391639471054077e-02 -2.264806628227233887e-02 1.611339002847671509e-01 -5.647153779864311218e-02 -2.486793696880340576e-01 2.684354782104492188e-01 4.453107714653015137e-03 -2.165406644344329834e-01 2.382710278034210205e-01 1.187678873538970947e-01 4.312976449728012085e-02 2.112964987754821777e-01 2.212549597024917603e-01 8.979029953479766846e-02 -2.567985355854034424e-01 -1.241045519709587097e-01 -2.225977778434753418e-01 3.222815990447998047e-01 8.640405535697937012e-02 -6.724511831998825073e-02 -3.619924932718276978e-02 7.186865806579589844e-02 6.316073238849639893e-02 2.149915695190429688e-01 5.041229724884033203e-02 -1.226209476590156555e-01 -1.228471994400024414e-01 -1.929223686456680298e-01 -6.340731680393218994e-02 -4.554726183414459229e-02
2.473882585763931274e-01 -1.407297849655151367e-01 -5.191778391599655151e-02 -8.349391072988510132e-02 1.016485691070556641e-01 1.300016790628433228e-02 -2.747753560543060303e-01 1.755288988351821899e-01 -4.870299994945526123e-02 -3.302795886993408203e-01 -1.987722218036651611e-01 1.674782484769821167e-02 -8.723365515470504761e-02 2.600778639316558838e-01 1.257523596286773682e-01 4.934750124812126160e-02 -3.489945232868194580e-01 -1.589906960725784302e-01 -4.861602187156677246e-01 1.142235845327377319e-01 -1.225319579243659973e-01 -1.690434664487838745e-02 8.020365238189697266e-02 -3.681887686252593994e-02 -5.696777254343032837e-03 -1.723805963993072510e-01 7.066004723310470581e-02 -2.166683375835418701e-01 -1.600402742624282837e-01 -6.670051813125610352e-02 -2.082076668739318848e-01 -2.573818266391754150e-01
1.909979283809661865e-01 -3.056351095438003540e-02 1.214889585971832275e-01 -1.741325110197067261e-01 -6.854837387800216675e-02 -1.835507601499557495e-01 -6.399475038051605225e-02 1.630420386791229248e-01 3.301923722028732300e-02 -9.574952721595764160e-02 2.236762642860412598e-01 8.274625241756439209e-02 2.433416843414306641e-01 -8.340030908584594727e-03 -4.346565902233123779e-02 -1.035856455564498901e-01 -6.713399291038513184e-02 1.703154146671295166e-01 9.407943487167358398e-02 9.954673796892166138e-02 5.994075536727905273e-02 1.602962613105773926e-03 1.319186091423034668e-01 2.104857861995697021e-01 -8.113388717174530029e-02 2.748340666294097900e-01 -4.078269749879837036e-02 4.194763302803039551e-02 3.088267892599105835e-02 -2.203424423933029175e-01 -2.503648698329925537e-01 6.887912750244140625e-02
-1.273736543953418732e-02 2.636952400207519531e-01 -1.550235152244567871e-01 -3.022792041301727295e-01 -6.082322448492050171e-02 -1.905645728111267090e-01 7.554089277982711792e-02 1.130965054035186768e-01 -5.173534899950027466e-02 -8.712323755025863647e-02 -1.031659096479415894e-01 1.988205313682556152e-01 2.014352977275848389e-01 4.852170497179031372e-02 -5.993520468473434448e-02 -1.677727103233337402e-01 -2.717511057853698730e-01 3.760978579521179199e-04 9.981524944305419922e-02 -1.631883345544338226e-02 -1.504888534545898438e-01 2.053878009319305420e-01 1.000427305698394775e-01 5.302235484123229980e-03 1.441919654607772827e-01 2.131438851356506348e-01 -1.601562500000000000e-01 1.342565417289733887e-01 1.069888919591903687e-01 -5.186896026134490967e-02 5.339992791414260864e-02 2.979531288146972656e-01
-1.372740231454372406e-02 -3.214312195777893066e-01 1.150978729128837585e-01 -1.932962238788604736e-01 -2.257533371448516846e-02 -2.805269360542297363e-01 -9.209990501403808594e-02 -5.133281275629997253e-02 -2.602052688598632812e-01 -2.753882482647895813e-02 1.377187967300415039e-01 2.069943547248840332e-01 1.386546790599822998e-01 1.313023418188095093e-01 3.741936385631561279e-02 -1.952652484178543091e-01 -1.213607192039489746e-01 -1.079308241605758667e-02 1.660514622926712036e-01 -1.009372472763061523e-01 2.167060971260070801e-01 1.319997608661651611e-01 2.950266599655151367e-01 1.766582429409027100e-01 -9.239690005779266357e-02 -1.247171834111213684e-01 3.252624273300170898e-01 -2.958845496177673340e-01 9.185864031314849854e-02 -4.064013063907623291e-02 -2.584022879600524902e-01 -5.601513758301734924e-02
-8.412646129727363586e-03 -3.487310707569122314e-01 3.136658668518066406e-02 8.644824847579002380e-03 1.154319345951080322e-01 -5.280467122793197632e-02 -2.462427914142608643e-01 2.127616479992866516e-02 -1.409341096878051758e-01 -1.100254431366920471e-01 -5.141030997037887573e-02 4.103421419858932495e-02 3.477147966623306274e-02 4.697981104254722595e-02 1.635835766792297363e-01 1.209367066621780396e-02 -1.484454870223999023e-01 -3.978074342012405396e-02 -2.259879857301712036e-01 3.564920276403427124e-02 1.068840175867080688e-01 2.231579273939132690e-02 9.375356882810592651e-02 1.238461285829544067e-01 -1.107224524021148682e-01 -1.488382816314697266e-01 1.658129990100860596e-01 -3.078791201114654541e-01 -9.521961212158203125e-02 -6.834894418716430664e-02 -3.033976852893829346e-01 -3.003855049610137939e-01
3.777992352843284607e-02 -7.063715159893035889e-02 1.182141825556755066e-01 -4.545224085450172424e-02 -6.478721648454666138e-02 -1.556240618228912354e-01 -1.255469117313623428e-02 -1.089585199952125549e-01 1.939982175827026367e-03 6.854379177093505859e-02 1.568932831287384033e-01 8.559371531009674072e-02 1.001107320189476013e-01 -2.868068218231201172e-02 1.525362208485603333e-02 5.953111499547958374e-02 1.316003948450088501e-01 2.221292853355407715e-01 1.707795411348342896e-01 2.940484695136547089e-02 1.073969900608062744e-01 -1.661800742149353027e-01 6.561886519193649292e-03 2.418996542692184448e-01 -3.096372261643409729e-02 8.548296988010406494e-02 -3.211043775081634521e-03 -5.577378720045089722e-02 1.268782839179039001e-02 4.189292713999748230e-02 -1.389544904232025146e-01 -2.137845754623413086e-02
1.687355712056159973e-02 7.341004908084869385e-03 1.259468346834182739e-01 -9.232236444950103760e-02 -4.496879130601882935e-02 -1.672591269016265869e-01 5.891548097133636475e-02 -1.204522848129272461e-01 -5.017039552330970764e-02 8.635672926902770996e-02 3.771081566810607910e-02 5.984388291835784912e-02 9.669501334428787231e-02 -1.591271907091140747e-02 -1.065800487995147705e-01 4.931832104921340942e-02 8.641570806503295898e-02 1.707779020071029663e-01 7.981520146131515503e-02 -9.809362143278121948e-02 -2.587334439158439636e-02 -1.569670438766479492e-01 -5.383017659187316895e-02 1.435513347387313843e-01 5.481659621000289917e-02 3.841746598482131958e-03 -5.763299018144607544e-02 -2.321265079081058502e-02 1.870241016149520874e-02 -4.931069910526275635e-03 -1.469451487064361572e-01 -4.152194783091545105e-02
