3.415104001760482788e-03 1.935890018939971924e-01 1.948982104659080505e-02 -1.714303046464920044e-01 -9.789358824491500854e-02 -2.826690673828125000e-01 9.167461097240447998e-02 8.755522966384887695e-02 -9.548438340425491333e-02 8.282245695590972900e-02 9.300152957439422607e-02 1.574296057224273682e-01 4.846545159816741943e-01 -3.044132888317108154e-02 -1.569737941026687622e-01 -2.176209837198257446e-01 2.327866852283477783e-03 2.349234223365783691e-01 3.055173754692077637e-01 -1.087454333901405334e-01 -6.057001650333404541e-02 3.629177808761596680e-01 1.039814651012420654e-01 1.519418358802795410e-01 3.443050757050514221e-02 1.147422417998313904e-01 -2.570402622222900391e-01 6.279267370700836182e-02 1.881416589021682739e-01 -2.421977370977401733e-02 -1.711424291133880615e-01 2.654515504837036133e-01
-9.688644111156463623e-02 3.228040784597396851e-02 -1.007288470864295959e-01 6.430648267269134521e-03 -3.773374110460281372e-02 1.477823257446289062e-01 2.223411388695240021e-02 -1.283522695302963257e-01 1.165692806243896484e-01 4.985503852367401123e-02 -1.643688976764678955e-01 -9.169688820838928223e-02 -6.163440272212028503e-02 -5.526231974363327026e-02 -4.159307852387428284e-02 1.111699864268302917e-01 -7.226118445396423340e-02 -2.591130137443542480e-01 -8.501432836055755615e-02 -2.943916022777557373e-01 -4.037398993968963623e-01 -7.761768251657485962e-02 -1.033484935760498047e-01 -2.333542704582214355e-01 1.459488868713378906e-01 -6.837467849254608154e-02 -7.652275264263153076e-03 1.142255365848541260e-01 9.379661083221435547e-02 1.364387720823287964e-01 2.235465645790100098e-01 -1.473206728696823120e-01
7.819221168756484985e-02 -2.017276287078857422e-01 1.187246851623058319e-02 -2.087660320103168488e-02 -3.109162300825119019e-02 2.492532134056091309e-03 -7.637780904769897461e-02 -3.996189311146736145e-02 3.360290080308914185e-02 -2.579177170991897583e-02 -1.070780754089355469e-01 -4.801250994205474854e-02 -3.173336386680603027e-03 -4.644767940044403076e-02 -2.082835324108600616e-02 -6.503731757402420044e-02 1.953142508864402771e-02 -3.864471241831779480e-02 -1.008380725979804993e-01 -1.225982382893562317e-01 -2.176333218812942505e-02 5.590838193893432617e-02 1.203811988234519958e-01 4.950403049588203430e-02 -4.603132233023643494e-02 -1.050120294094085693e-01 3.067167848348617554e-02 -9.919819235801696777e-02 -1.067076474428176880e-01 -9.258426725864410400e-02 -1.416749358177185059e-01 -2.046556174755096436e-01
8.995803445577621460e-02 -4.287058413028717041e-01 1.106856837868690491e-01 -2.527695298194885254e-01 1.886188983917236328e-04 -2.680249214172363281e-01 -1.748687177896499634e-01 1.860380545258522034e-02 -3.423347473144531250e-01 -1.987373232841491699e-01 1.778433099389076233e-02 2.877484858036041260e-01 1.747024655342102051e-01 1.085548698902130127e-01 1.257355213165283203e-01 -1.187165826559066772e-01 -2.905559837818145752e-01 -4.982133209705352783e-02 9.421291947364807129e-02 -7.700521498918533325e-02 2.047267258167266846e-01 1.780731379985809326e-01 4.064599275588989258e-01 2.675359845161437988e-01 -1.511320173740386963e-01 -2.221744358539581299e-01 3.807000815868377686e-01 -3.416624069213867188e-01 8.094997704029083252e-02 -8.885434269905090332e-02 -3.815730810165405273e-01 -9.566003829240798950e-02
9.034427255392074585e-02 6.951618194580078125e-02 1.279160529375076294e-01 -1.302022784948348999e-01 -1.003434881567955017e-01 -2.940315008163452148e-01 5.401818454265594482e-02 6.477836519479751587e-03 -5.290637165307998657e-02 3.593183308839797974e-02 1.431153118610382080e-01 7.736003398895263672e-02 3.222841918468475342e-01 -2.139305323362350464e-02 -1.968199312686920166e-01 -1.390773057937622070e-01 9.583688527345657349e-02 2.635938227176666260e-01 1.714448630809783936e-01 -1.443407386541366577e-01 -3.786030411720275879e-02 6.853642314672470093e-02 3.814565390348434448e-02 2.036474794149398804e-01 8.648280054330825806e-03 1.013559773564338684e-01 -1.800714880228042603e-01 2.556330524384975433e-02 8.059714734554290771e-02 -5.400545895099639893e-02 -2.385057806968688965e-01 9.447647631168365479e-02
-1.181394010782241821e-01 -2.117841541767120361e-01 -7.039277255535125732e-02 1.879643648862838745e-01 1.431615352630615234e-01 -1.840671896934509277e-02 -2.041309922933578491e-01 -2.926339767873287201e-02 -4.809400066733360291e-02 -9.667061269283294678e-03 6.046526134014129639e-03 -1.155221536755561829e-01 -9.987322986125946045e-02 6.434619426727294922e-04 1.513190567493438721e-01 -6.477922201156616211e-02 2.388574182987213135e-02 -5.192088708281517029e-02 -3.249005675315856934e-01 1.057315915822982788e-01 4.219394922256469727e-02 -1.992232799530029297e-01 -1.203078925609588623e-01 2.030069008469581604e-03 -4.743544384837150574e-02 -5.110187083482742310e-02 9.519182145595550537e-02 -3.218587338924407959e-01 -1.139392107725143433e-01 4.683677852153778076e-02 -9.857717901468276978e-02 -3.568598031997680664e-01
-8.565454930067062378e-02 -2.631154358386993408e-01 1.456001251935958862e-01 -9.679345786571502686e-02 -1.096497476100921631e-02 -1.765706837177276611e-01 -6.672303378582000732e-02 -5.167533457279205322e-02 -1.161433905363082886e-01 8.936710655689239502e-02 1.638697087764739990e-01 1.015209853649139404e-01 1.721173226833343506e-01 8.743000030517578125e-02 1.459322869777679443e-03 -9.993806481361389160e-02 2.672960609197616577e-02 -3.567442297935485840e-03 1.253579258918762207e-01 -1.241426095366477966e-01 1.450065821409225464e-01 7.687191665172576904e-02 1.399052739143371582e-01 1.309344023466110229e-01 -7.792240381240844727e-02 -1.048070564866065979e-01 2.024041265249252319e-01 -2.063687443733215332e-01 4.979966208338737488e-02 -4.621846228837966919e-02 -1.919279098510742188e-01 -9.689451009035110474e-02
1.355373300611972809e-02 1.969237625598907471e-01 7.685094326734542847e-02 -1.378325372934341431e-01 -1.909386217594146729e-01 -2.470570802688598633e-01 1.938446462154388428e-01 -9.503312408924102783e-02 -1.352007389068603516e-01 1.019590497016906738e-01 -6.262533366680145264e-02 -4.671988636255264282e-02 2.207870483398437500e-01 -4.156982898712158203e-02 -2.516958713531494141e-01 -1.421860158443450928e-01 6.460823118686676025e-03 1.337294131517410278e-01 2.316626161336898804e-01 -2.506979107856750488e-01 -6.164415553212165833e-02 1.414308100938796997e-01 -3.958955407142639160e-02 1.481671780347824097e-01 -6.732286512851715088e-02 6.018707901239395142e-02 -8.963213860988616943e-02 3.216003626585006714e-02 1.392260789871215820e-01 -3.559625148773193359e-02 -2.564015388488769531e-01 1.514488011598587036e-01
-2.982381917536258698e-02 1.501085758209228516e-01 -1.677952706813812256e-01 1.330835223197937012e-01 -2.445930987596511841e-02 -1.344969868659973145e-02 -1.046963483095169067e-01 -1.462109386920928955e-01 2.393553406000137329e-02 7.744127511978149414e-02 3.386415913701057434e-02 -3.152748942375183105e-02 -1.303012967109680176e-01 -1.595851033926010132e-03 -4.542843997478485107e-02 -3.490507602691650391e-02 7.372497767210006714e-02 2.427043020725250244e-02 -1.704042851924896240e-01 -5.353074520826339722e-02 -1.714556813240051270e-01 -2.483854293823242188e-01 -2.827799916267395020e-01 -7.172977551817893982e-03 4.403630644083023071e-02 4.960148036479949951e-02 -6.705685704946517944e-02 -4.942730069160461426e-02 2.892962470650672913e-02 1.586579382419586182e-01 1.079334095120429993e-01 -2.050701081752777100e-01
1.681379228830337524e-02 2.055333852767944336e-01 -4.080136865377426147e-02 4.652998596429824829e-02 -4.098422825336456299e-03 3.376478701829910278e-02 1.606276929378509521e-01 -2.762958407402038574e-01 1.781769245862960815e-01 1.909829080104827881e-01 -5.527356266975402832e-02 -5.502706021070480347e-02 1.002200618386268616e-01 -3.339367359876632690e-02 -1.902971118688583374e-01 2.540990710258483887e-02 3.234504461288452148e-01 7.737801223993301392e-02 1.523482352495193481e-01 -2.162230908870697021e-01 -1.108117103576660156e-01 4.614325612783432007e-02 -6.089478731155395508e-02 -4.872551560401916504e-02 8.985063433647155762e-02 -1.180370748043060303e-01 -1.380334496498107910e-01 1.841022521257400513e-01 4.993837326765060425e-03 2.120086848735809326e-01 1.861078143119812012e-01 7.648134231567382812e-02
1.506601274013519287e-01 1.171328127384185791e-03 1.694551408290863037e-01 -1.275698244571685791e-01 3.878870606422424316e-02 -7.412061095237731934e-02 -2.066955268383026123e-01 2.748867273330688477e-01 -1.719436794519424438e-02 -1.427104920148849487e-01 4.132550209760665894e-02 4.898872971534729004e-02 3.618073165416717529e-01 7.557392120361328125e-02 3.129227831959724426e-02 7.736195623874664307e-02 -4.808147251605987549e-02 1.590145230293273926e-01 -1.194816678762435913e-01 3.731959313154220581e-02 -7.660482823848724365e-02 1.908871978521347046e-01 1.135091483592987061e-01 1.014419794082641602e-01 1.205618679523468018e-01 -4.751024395227432251e-02 -2.859371900558471680e-01 -5.569110810756683350e-02 -6.132211536169052124e-02 -6.163589656352996826e-02 -1.982429623603820801e-01 3.472292050719261169e-02
-2.372629754245281219e-02 8.233229815959930420e-02 -1.229435876011848450e-01 -1.235852763056755066e-01 -1.443777382373809814e-01 4.773205518722534180e-02 1.093457080423831940e-02 -1.072223782539367676e-01 -1.424274593591690063e-02 4.216606914997100830e-02 -2.468664944171905518e-01 -2.371389418840408325e-01 1.128116026520729065e-01 -8.307715505361557007e-02 -2.629318237304687500e-01 6.294134259223937988e-02 -8.178015053272247314e-02 -2.016614526510238647e-01 -9.892579168081283569e-02 -4.421863853931427002e-01 -3.706130981445312500e-01 5.513511598110198975e-02 -7.248753309249877930e-02 -1.542877703905105591e-01 8.778838068246841431e-02 -1.109150797128677368e-01 -1.591965854167938232e-01 1.654049456119537354e-01 1.233641654253005981e-01 -5.353331565856933594e-03 6.038622558116912842e-02 -8.765628188848495483e-02
4.849392920732498169e-02 9.772526472806930542e-02 1.712125241756439209e-01 -1.404777616262435913e-01 -1.200617626309394836e-01 -2.274624258279800415e-01 -1.029311493039131165e-02 3.678303584456443787e-02 -9.312594681978225708e-02 3.466886281967163086e-02 -8.595173060894012451e-02 -6.345547735691070557e-03 3.668043017387390137e-01 -1.188310161232948303e-01 -2.762686014175415039e-01 4.112996160984039307e-03 9.967539459466934204e-02 2.043379247188568115e-01 1.215481460094451904e-01 -2.826804816722869873e-01 -1.152413412928581238e-01 1.492972373962402344e-01 -9.067423641681671143e-03 1.779126077890396118e-01 8.559443056583404541e-02 -6.135872378945350647e-02 -2.739712297916412354e-01 3.226175159215927124e-02 1.559529751539230347e-01 1.872606575489044189e-03 -2.698898911476135254e-01 8.432297408580780029e-02
1.056901142001152039e-01 1.206098869442939758e-01 3.288650885224342346e-02 -1.810696721076965332e-01 -1.190472766757011414e-01 -2.479448169469833374e-01 6.699411571025848389e-02 1.312660425901412964e-01 -2.908674627542495728e-02 5.341003835201263428e-02 7.745627313852310181e-02 1.156463623046875000e-01 4.574106037616729736e-01 -3.828182071447372437e-02 -1.717004776000976562e-01 -2.293387502431869507e-01 -6.442238390445709229e-02 2.018643617630004883e-01 2.610132694244384766e-01 -1.123584359884262085e-01 -2.681694924831390381e-03 2.995551824569702148e-01 9.882763028144836426e-02 1.702514737844467163e-01 -8.126328885555267334e-02 1.114632710814476013e-01 -2.101370692253112793e-01 9.946069121360778809e-02 1.758315712213516235e-01 -8.399577438831329346e-02 -2.543912827968597412e-01 2.441288530826568604e-01
-5.872063338756561279e-04 -1.423930525779724121e-01 1.223538070917129517e-01 8.895959705114364624e-02 1.814399659633636475e-02 2.622219920158386230e-02 2.307438664138317108e-02 -1.568274796009063721e-01 1.831045746803283691e-02 3.761130571365356445e-02 1.360617578029632568e-03 3.535106033086776733e-02 -1.300612688064575195e-01 5.756906792521476746e-02 8.713601529598236084e-02 2.153736054897308350e-01 6.050273030996322632e-02 2.814094722270965576e-02 -3.026863373816013336e-02 -2.916685678064823151e-02 -2.304444462060928345e-02 -2.758771181106567383e-01 -7.805167138576507568e-02 1.707740128040313721e-03 4.109149426221847534e-02 -4.570496082305908203e-02 1.012177765369415283e-01 -5.051860213279724121e-02 1.102964952588081360e-02 6.220341846346855164e-02 5.117700248956680298e-02 -1.485489755868911743e-01
2.132035344839096069e-01 -1.312606632709503174e-01 1.841348707675933838e-01 -7.040858268737792969e-02 -1.239191740751266479e-02 -1.218535304069519043e-01 -4.908313043415546417e-03 5.581830069422721863e-02 3.254380077123641968e-02 -7.213222980499267578e-02 2.371949553489685059e-01 4.187659919261932373e-02 1.376636326313018799e-01 5.396976321935653687e-02 2.494274824857711792e-02 3.079137019813060760e-02 5.751182138919830322e-02 2.206315398216247559e-01 7.178814709186553955e-02 1.037991046905517578e-01 8.616597950458526611e-02 -9.914143383502960205e-02 1.111646369099617004e-01 2.453359514474868774e-01 -8.069474995136260986e-02 1.359168291091918945e-01 -5.217080563306808472e-02 -3.563747555017471313e-02 -5.841379985213279724e-02 -1.965652853250503540e-01 -2.212043404579162598e-01 -9.771904908120632172e-03
4.279232025146484375e-02 1.490517258644104004e-01 1.216082349419593811e-01 -1.326956301927566528e-01 -1.428142488002777100e-01 -2.671529650688171387e-01 8.973092585802078247e-02 -9.295705705881118774e-03 -1.031658425927162170e-01 6.228049099445343018e-02 1.923875138163566589e-02 6.688095629215240479e-03 2.960933446884155273e-01 -6.308817863464355469e-02 -2.268723100423812866e-01 -1.231335252523422241e-01 8.814370632171630859e-02 2.014654278755187988e-01 2.035301029682159424e-01 -1.714444160461425781e-01 -6.941372156143188477e-02 9.672883152961730957e-02 -6.119035184383392334e-03 1.938515156507492065e-01 5.736561492085456848e-03 6.130164116621017456e-02 -1.767998486757278442e-01 4.129802435636520386e-02 6.954041123390197754e-02 -2.509074658155441284e-02 -2.171168029308319092e-01 1.156003102660179138e-01
1.338444184511899948e-02 1.190557703375816345e-01 -5.363261699676513672e-02 -1.424263864755630493e-01 -9.840056300163269043e-03 -2.204535603523254395e-01 -8.336980640888214111e-02 1.811957359313964844e-01 -3.364234417676925659e-02 1.371119916439056396e-02 2.821183800697326660e-01 1.743322610855102539e-01 2.968651056289672852e-01 -4.070363193750381470e-02 -2.382546477019786835e-02 -2.157228738069534302e-01 -8.211755752563476562e-02 1.348219215869903564e-01 2.237104326486587524e-01 1.255359053611755371e-01 6.712459027767181396e-02 7.499112188816070557e-02 2.889655530452728271e-03 2.201190292835235596e-01 -2.328481525182723999e-03 3.181394636631011963e-01 -7.416610419750213623e-02 3.680648654699325562e-02 6.015067175030708313e-02 -1.698117852210998535e-01 -1.459024250507354736e-01 1.844327896833419800e-01
-2.714649401605129242e-02 1.797585487365722656e-01 -6.912476569414138794e-02 -1.768974214792251587e-01 -2.229026854038238525e-01 -7.937452942132949829e-02 8.882284164428710938e-03 -1.408523321151733398e-01 -1.288433969020843506e-01 8.021554350852966309e-02 -2.719667553901672363e-01 -2.413440197706222534e-01 1.794359087944030762e-01 -6.895317137241363525e-02 -3.437004089355468750e-01 2.765969000756740570e-02 -3.055535256862640381e-02 -1.200458183884620667e-01 -1.098172441124916077e-01 -5.055835843086242676e-01 -3.519127666950225830e-01 1.284446567296981812e-01 -6.753243505954742432e-02 -1.633039116859436035e-01 9.407603740692138672e-02 -9.675518423318862915e-02 -1.914780139923095703e-01 1.472489386796951294e-01 1.958405822515487671e-01 3.028507530689239502e-02 -5.596623197197914124e-02 -5.158504471182823181e-02
8.865651488304138184e-02 5.273097008466720581e-02 1.007526181638240814e-02 -4.961345344781875610e-02 -7.387141138315200806e-02 3.050132840871810913e-02 1.004652231931686401e-01 -1.546997427940368652e-01 1.255327165126800537e-01 8.524684607982635498e-02 -1.512045413255691528e-01 -1.214213818311691284e-01 9.846480935811996460e-02 -4.517949372529983521e-02 -2.084610909223556519e-01 -4.759367555379867554e-02 1.950632929801940918e-01 5.550752580165863037e-02 1.059934347867965698e-01 -2.445169091224670410e-01 -6.529159843921661377e-02 1.269496381282806396e-01 9.797514975070953369e-02 1.258879899978637695e-02 2.799313515424728394e-02 -1.625122129917144775e-01 -1.628316789865493774e-01 1.244659498333930969e-01 -9.277448058128356934e-03 2.426899597048759460e-02 3.021021932363510132e-02 5.121074616909027100e-02
2.651596255600452423e-02 6.602508574724197388e-02 7.863010466098785400e-02 -1.321860700845718384e-01 -1.773950159549713135e-01 -1.332829296588897705e-01 8.171753585338592529e-02 -1.057477667927742004e-01 -1.068748384714126587e-01 7.383450865745544434e-02 -1.426955908536911011e-01 -1.202031970024108887e-01 1.184476837515830994e-01 -1.418774574995040894e-02 -2.292955666780471802e-01 1.073529869318008423e-01 4.464376345276832581e-02 3.443114459514617920e-03 3.315961360931396484e-02 -3.291960060596466064e-01 -1.745015233755111694e-01 -2.217198535799980164e-02 -8.602149784564971924e-02 4.235483333468437195e-02 8.103987574577331543e-02 -6.540940701961517334e-02 -1.221711784601211548e-01 9.901499375700950623e-03 1.478130668401718140e-01 -6.558693945407867432e-02 -1.816667914390563965e-01 -4.634258523583412170e-02
-1.307688951492309570e-01 -1.480513624846935272e-02 -2.422829270362854004e-01 4.405353963375091553e-02 -5.412938445806503296e-02 3.048446178436279297e-01 5.346066504716873169e-02 -1.521114856004714966e-01 1.475432813167572021e-01 1.081763952970504761e-02 -1.379069536924362183e-01 -1.348541676998138428e-01 -1.741892099380493164e-01 -4.214733839035034180e-03 6.374072283506393433e-03 -2.097280323505401611e-02 -1.342684179544448853e-01 -3.834136426448822021e-01 -5.703192949295043945e-02 -2.676428556442260742e-01 -3.385511934757232666e-01 -9.778590500354766846e-02 -5.845428258180618286e-02 -3.596872985363006592e-01 2.384523674845695496e-02 -1.208163797855377197e-03 1.225871741771697998e-01 1.769947260618209839e-01 2.994656190276145935e-02 9.356377273797988892e-02 3.367199301719665527e-01 -6.375773996114730835e-02
-7.975901663303375244e-02 3.090700805187225342e-01 -4.553586244583129883e-02 -1.695607006549835205e-01 -3.149744570255279541e-01 -2.317597270011901855e-01 3.392219543457031250e-02 -1.255220174789428711e-01 -2.216048240661621094e-01 1.015258133411407471e-01 -3.327969908714294434e-01 -2.312294244766235352e-01 3.384376466274261475e-01 -1.339112818241119385e-01 -4.325506687164306641e-01 -1.502161622047424316e-01 -9.784531593322753906e-02 2.656835317611694336e-02 5.165114253759384155e-02 -5.622600317001342773e-01 -2.003127187490463257e-01 2.965179681777954102e-01 -6.344068050384521484e-02 -4.959428310394287109e-02 -3.590079024434089661e-03 -1.194268465042114258e-01 -2.543222308158874512e-01 1.993632763624191284e-01 2.702695429325103760e-01 1.716655120253562927e-02 -1.836341023445129395e-01 1.023742929100990295e-01
-4.419939219951629639e-02 1.911769211292266846e-01 2.622231096029281616e-02 -1.488662213087081909e-01 -2.279148399829864502e-01 -2.020225226879119873e-01 4.206630587577819824e-02 -8.449196815490722656e-02 -1.540445834398269653e-01 7.732522487640380859e-02 -2.781522274017333984e-01 -1.731727719306945801e-01 2.727838456630706787e-01 -1.255615949630737305e-01 -3.426963686943054199e-01 -1.345378905534744263e-02 1.040878146886825562e-02 2.641334384679794312e-02 4.775681346654891968e-02 -4.832134842872619629e-01 -2.113475501537322998e-01 1.871511042118072510e-01 -7.019793987274169922e-02 4.265005514025688171e-02 7.592030614614486694e-02 -1.179557368159294128e-01 -2.658246755599975586e-01 1.359712183475494385e-01 1.870605051517486572e-01 6.897419691085815430e-03 -1.753543019294738770e-01 2.074222825467586517e-02
1.584145128726959229e-01 -5.403273552656173706e-02 1.284172832965850830e-01 -6.130597740411758423e-02 -1.376173794269561768e-01 -1.820029616355895996e-01 9.404003620147705078e-02 -3.304230049252510071e-02 -5.127653479576110840e-03 -8.509010076522827148e-03 1.186564341187477112e-01 5.374908447265625000e-03 1.649317741394042969e-01 2.235762029886245728e-02 -1.198363080620765686e-01 -5.025442689657211304e-02 9.297172725200653076e-02 1.989407837390899658e-01 1.851013451814651489e-01 -8.694583922624588013e-02 6.726463139057159424e-02 -2.936192974448204041e-02 2.196798846125602722e-02 2.641488313674926758e-01 -9.499387443065643311e-02 1.120456084609031677e-01 -3.352885693311691284e-02 1.676946878433227539e-02 4.384351894259452820e-02 -1.218626946210861206e-01 -2.805734872817993164e-01 6.787249445915222168e-02
2.059822715818881989e-02 -6.048037856817245483e-02 -1.132129058241844177e-01 3.592561185359954834e-02 -1.388830542564392090e-01 1.738478243350982666e-01 9.700725227594375610e-02 -1.126724332571029663e-01 8.093820512294769287e-02 -7.212549448013305664e-03 -1.832440495491027832e-01 -1.874307394027709961e-01 -1.751671433448791504e-01 5.990303307771682739e-02 -8.231876790523529053e-02 -1.195967197418212891e-02 -6.984318792819976807e-02 -2.232645303010940552e-01 -2.790938504040241241e-02 -2.268420308828353882e-01 -1.339918375015258789e-01 -1.014183834195137024e-01 -2.539743483066558838e-02 -1.434856355190277100e-01 -9.748153388500213623e-02 -2.189377695322036743e-02 1.480154097080230713e-01 1.579569578170776367e-01 -1.098771579563617706e-02 -8.718335628509521484e-02 1.211711689829826355e-01 8.016917854547500610e-04
5.142045766115188599e-02 1.481473073363304138e-02 -7.608522474765777588e-02 6.119317561388015747e-02 -4.025908559560775757e-02 4.322288930416107178e-02 -5.437243729829788208e-03 -1.641562581062316895e-01 1.271226108074188232e-01 1.199621707201004028e-01 -9.859509766101837158e-02 -1.003629714250564575e-01 -8.687301725149154663e-02 -5.769362300634384155e-02 -1.021380499005317688e-01 -6.860652565956115723e-02 1.292719691991806030e-01 3.758639097213745117e-02 -1.372606754302978516e-01 -9.488493204116821289e-02 -8.555057644844055176e-02 -7.099927961826324463e-02 -6.463046371936798096e-02 -2.346251532435417175e-02 4.196282476186752319e-02 -2.738347277045249939e-02 -8.789175748825073242e-02 -3.278660029172897339e-02 -4.223782569169998169e-02 2.133055403828620911e-02 2.751971036195755005e-02 -1.690068095922470093e-01
1.290065199136734009e-01 -1.209627650678157806e-02 -7.739775627851486206e-02 4.071714729070663452e-02 -4.554594308137893677e-02 9.225836396217346191e-02 -1.314462423324584961e-01 -4.640431329607963562e-02 6.561075150966644287e-02 -6.872985512018203735e-02 -2.558971345424652100e-01 -6.180923432111740112e-02 -3.413980454206466675e-02 -2.677071839570999146e-03 -1.600307598710060120e-02 2.210551872849464417e-02 -5.949620902538299561e-02 -9.165834635496139526e-03 -2.246740609407424927e-01 -1.462210118770599365e-01 -1.397484093904495239e-01 -7.968787103891372681e-03 3.035821020603179932e-03 7.593365013599395752e-02 3.191047906875610352e-02 -2.079326808452606201e-01 -1.007765233516693115e-01 -9.748154878616333008e-02 -1.089894473552703857e-01 1.264008879661560059e-02 -1.124266535043716431e-01 -2.453555017709732056e-01
-2.648808993399143219e-02 -1.312835067510604858e-01 1.343786567449569702e-01 -1.196411028504371643e-01 -5.080340057611465454e-02 -1.201066523790359497e-01 1.254594027996063232e-01 -1.167721748352050781e-01 2.818027138710021973e-02 1.621172428131103516e-01 1.555253267288208008e-01 1.411130279302597046e-02 1.571775376796722412e-01 6.264130026102066040e-02 -1.495374739170074463e-01 -1.437320709228515625e-01 1.816793233156204224e-01 2.050362527370452881e-03 2.788676023483276367e-01 -2.449245154857635498e-01 7.009139657020568848e-02 1.543375700712203979e-01 1.667878627777099609e-01 2.830054610967636108e-02 -1.481340453028678894e-02 -8.686974644660949707e-02 4.114256054162979126e-02 5.170191172510385513e-03 2.650059759616851807e-02 -2.938734740018844604e-02 -1.445935666561126709e-02 4.189068451523780823e-02
5.898328870534896851e-02 -1.746958792209625244e-01 -1.358348727226257324e-01 3.447255492210388184e-02 5.548622459173202515e-02 4.186442494392395020e-02 -1.967109441757202148e-01 -5.660522729158401489e-02 1.056882739067077637e-02 -1.123434975743293762e-01 -1.852166950702667236e-01 -7.338264584541320801e-02 -7.500276714563369751e-02 -4.720854014158248901e-02 7.544105499982833862e-02 -4.349441081285476685e-02 -8.175890147686004639e-02 -5.799290165305137634e-02 -3.359449505805969238e-01 -6.411810964345932007e-02 -5.662086978554725647e-02 -9.198866784572601318e-02 -2.126854658126831055e-02 5.197979882359504700e-02 -2.333084121346473694e-02 -1.090468466281890869e-01 2.197786048054695129e-02 -1.914234459400177002e-01 -1.238969117403030396e-01 -3.079827874898910522e-02 -1.136137023568153381e-01 -2.967794239521026611e-01
1.086662337183952332e-01 7.100466638803482056e-02 -7.061038166284561157e-03 -1.955691426992416382e-01 -5.925283581018447876e-02 -2.356872260570526123e-01 -8.329944312572479248e-02 2.130563557147979736e-01 3.706872463226318359e-03 -7.747372984886169434e-02 1.581216454505920410e-01 1.678028702735900879e-01 3.302741646766662598e-01 1.037761196494102478e-02 -4.162713885307312012e-02 -1.498817950487136841e-01 -1.355731338262557983e-01 1.483319401741027832e-01 9.171143174171447754e-02 1.389659494161605835e-01 -8.290123194456100464e-03 1.983236968517303467e-01 8.887599408626556396e-02 1.348789632320404053e-01 4.629808664321899414e-02 3.029283285140991211e-01 -1.288604438304901123e-01 2.479448169469833374e-02 7.010151445865631104e-02 -1.796912401914596558e-01 -1.884874999523162842e-01 1.787211447954177856e-01
4.703769385814666748e-01 -5.843095779418945312e-01 3.946602344512939453e-01 3.479374200105667114e-02 1.613113284111022949e-01 5.919596552848815918e-02 -5.064017176628112793e-01 3.266930282115936279e-01 -2.679775357246398926e-01 -6.295109987258911133e-01 -1.408590823411941528e-01 1.826336383819580078e-01 1.297442317008972168e-01 3.309148252010345459e-01 4.241095781326293945e-01 4.527756571769714355e-01 -5.172135829925537109e-01 -7.708220928907394409e-02 -5.652074813842773438e-01 3.338700830936431885e-01 1.588995009660720825e-01 1.074011772871017456e-01 3.302382826805114746e-01 9.214773774147033691e-02 -2.943897843360900879e-01 -3.841280043125152588e-01 4.318441152572631836e-01 -3.624807596206665039e-01 -1.281141340732574463e-01 -4.382214695215225220e-02 -5.122697949409484863e-01 -3.090841770172119141e-01
5.628708750009536743e-02 -9.653213620185852051e-02 -1.605972051620483398e-01 1.054876372218132019e-01 -8.578628301620483398e-03 4.891233146190643311e-02 -1.921103596687316895e-01 -1.058167889714241028e-01 -6.703220307826995850e-03 -1.180240288376808167e-01 -1.513768732547760010e-01 -1.450088918209075928e-01 -1.542850732803344727e-01 -7.922755926847457886e-02 -1.300561800599098206e-02 -9.074346721172332764e-02 -1.957707107067108154e-02 -3.540462255477905273e-02 -2.933968901634216309e-01 -4.953207075595855713e-02 -6.765194237232208252e-02 -2.081111222505569458e-01 -6.999641656875610352e-02 4.163292422890663147e-02 -4.601657018065452576e-02 -1.718958094716072083e-02 7.354510575532913208e-02 -1.866649389266967773e-01 -3.655057027935981750e-02 1.345741748809814453e-02 6.036795675754547119e-04 -2.906091213226318359e-01
-1.283414512872695923e-01 -6.638157367706298828e-02 -2.514021098613739014e-01 -1.548854112625122070e-01 2.540238201618194580e-02 -7.306008785963058472e-02 -3.313949331641197205e-02 -6.007648259401321411e-02 -5.657449364662170410e-03 -1.127603948116302490e-01 1.545764803886413574e-01 4.692105203866958618e-02 -2.987848222255706787e-01 1.037588268518447876e-01 -6.328677758574485779e-03 -2.668070197105407715e-01 -2.650522589683532715e-01 -2.561555802822113037e-01 -1.603246331214904785e-01 1.370940059423446655e-01 -8.245841413736343384e-02 -2.357486337423324585e-01 -1.766236871480941772e-01 4.301638528704643250e-02 -4.090639576315879822e-02 3.933399915695190430e-01 2.963650524616241455e-01 -6.082149222493171692e-03 1.096632331609725952e-04 -1.759408265352249146e-01 1.623590290546417236e-01 7.520044595003128052e-02
3.490982577204704285e-03 -2.183516919612884521e-01 4.024260491132736206e-02 2.664807625114917755e-02 2.419991791248321533e-02 -3.533282130956649780e-02 -1.346463859081268311e-01 -3.203357011079788208e-02 -3.485633432865142822e-02 -2.470523118972778320e-03 -2.979982644319534302e-02 -1.511340215802192688e-02 7.234182208776473999e-02 -1.318039000034332275e-02 4.157419502735137939e-02 -3.066196292638778687e-02 2.272970974445343018e-02 -1.086710393428802490e-02 -1.257115006446838379e-01 -7.461377233266830444e-02 2.253201603889465332e-02 1.796022057533264160e-02 5.819907039403915405e-02 6.685310602188110352e-02 -8.498528599739074707e-02 -1.101711541414260864e-01 5.733214318752288818e-02 -1.925727874040603638e-01 -9.266942739486694336e-02 -4.872146248817443848e-02 -1.956305503845214844e-01 -2.572446167469024658e-01
2.677022218704223633e-01 -1.238965243101119995e-01 -6.000497192144393921e-02 -9.326697885990142822e-02 -2.837880700826644897e-02 8.234979212284088135e-02 -1.294423788785934448e-01 4.267982020974159241e-02 1.922443509101867676e-02 -2.721772193908691406e-01 -3.826266527175903320e-01 -6.252209097146987915e-02 -6.068168580532073975e-02 -2.961806207895278931e-02 2.101268619298934937e-02 8.611973375082015991e-03 -1.683285236358642578e-01 -6.466746330261230469e-02 -2.905127406120300293e-01 -1.059030592441558838e-01 -8.571329712867736816e-02 1.311342418193817139e-01 1.763183176517486572e-01 5.703539028763771057e-02 -2.911955490708351135e-02 -2.324517667293548584e-01 -4.131826013326644897e-02 -1.235303208231925964e-01 -1.269803196191787720e-01 -1.310931146144866943e-01 -2.215923666954040527e-01 -1.714360713958740234e-01
2.014959454536437988e-01 -4.454481601715087891e-01 3.453876450657844543e-02 -2.068741470575332642e-01 6.346499919891357422e-02 -9.078771620988845825e-02 -2.207400947809219360e-01 1.055919229984283447e-01 -3.029074966907501221e-01 -3.509738743305206299e-01 -2.128240764141082764e-01 1.573209911584854126e-01 1.174446567893028259e-01 7.085391879081726074e-02 1.758586466312408447e-01 -5.539901554584503174e-03 -3.118442595005035400e-01 -9.426826983690261841e-02 -1.732228845357894897e-01 -8.277134969830513000e-03 1.512680500745773315e-01 2.225903570652008057e-01 3.877740502357482910e-01 2.017306834459304810e-01 -1.827435493469238281e-01 -2.716294527053833008e-01 2.715826630592346191e-01 -3.494043052196502686e-01 8.033055812120437622e-03 -1.414672732353210449e-01 -4.235016107559204102e-01 -1.798231154680252075e-01
1.374672651290893555e-01 2.892375290393829346e-01 -1.487736999988555908e-01 -1.477576792240142822e-01 -1.074236705899238586e-01 -2.510063350200653076e-03 1.747231744229793549e-02 -1.261209398508071899e-01 -5.095519125461578369e-02 -1.545109450817108154e-01 -2.839421629905700684e-01 3.236164897680282593e-02 -1.650384068489074707e-01 1.786037534475326538e-02 -1.495123207569122314e-01 -1.244556158781051636e-01 -1.453281342983245850e-01 4.059876501560211182e-02 -9.447026252746582031e-02 -2.277121096849441528e-01 -3.647352159023284912e-01 -2.901563793420791626e-02 4.578870907425880432e-02 -8.087421953678131104e-02 1.223259270191192627e-01 -7.131591439247131348e-02 -9.158891439437866211e-02 4.378833621740341187e-02 9.130756556987762451e-02 9.360745549201965332e-02 1.481289565563201904e-01 5.459273234009742737e-02
-2.062996663153171539e-02 1.766345649957656860e-02 3.926891833543777466e-02 -2.455654367804527283e-02 -7.949445396661758423e-02 -2.044689282774925232e-02 9.191049635410308838e-02 -1.598918139934539795e-01 -2.233788743615150452e-02 7.774049043655395508e-02 -1.134116798639297485e-01 -7.071006298065185547e-02 -5.388518050312995911e-02 1.044307649135589600e-02 -8.268418908119201660e-02 1.094373241066932678e-01 1.289728283882141113e-02 -2.074611373245716095e-02 2.475389838218688965e-02 -1.844828724861145020e-01 -1.041290089488029480e-01 -1.775557100772857666e-01 -9.286503493785858154e-02 9.312186390161514282e-03 4.882048070430755615e-02 -3.785567358136177063e-02 3.082849085330963135e-02 1.157941110432147980e-02 4.313712939620018005e-02 -6.068132817745208740e-03 4.592947661876678467e-04 -6.124679371714591980e-02
3.202455341815948486e-01 -1.236978918313980103e-01 -4.592818021774291992e-02 -8.953852951526641846e-02 -6.755203753709793091e-02 8.612741529941558838e-02 -6.792247295379638672e-02 2.686742320656776428e-02 2.963029593229293823e-02 -2.327191531658172607e-01 -3.512673974037170410e-01 -1.493028551340103149e-02 -3.582187741994857788e-02 -4.315683245658874512e-02 -2.283832058310508728e-02 -1.387731730937957764e-02 -1.066911667585372925e-01 -6.701605021953582764e-02 -1.971585750579833984e-01 -1.676129102706909180e-01 -8.639514446258544922e-02 2.121932804584503174e-01 2.351878434419631958e-01 6.169188395142555237e-02 -2.299460396170616150e-02 -2.313866913318634033e-01 -5.324036628007888794e-02 -6.235947459936141968e-02 -1.198011189699172974e-01 -1.404475420713424683e-01 -2.054513692855834961e-01 -1.141277998685836792e-01
1.813748925924301147e-01 -2.177270948886871338e-01 7.207781076431274414e-02 3.107035346329212189e-02 1.927458196878433228e-01 -2.521408721804618835e-02 -2.362512052059173584e-01 1.906107664108276367e-01 4.335685819387435913e-02 -2.303112447261810303e-01 3.812577128410339355e-01 1.643864512443542480e-01 8.582397550344467163e-02 1.102964878082275391e-01 2.438430786132812500e-01 1.314414590597152710e-01 -1.272846609354019165e-01 9.186509251594543457e-02 -1.166513860225677490e-01 3.341730237007141113e-01 1.616611927747726440e-01 -1.012503430247306824e-01 6.923519819974899292e-02 1.758822798728942871e-01 -6.044637784361839294e-02 1.482269465923309326e-01 3.942447155714035034e-02 -1.545743197202682495e-01 -7.847099006175994873e-02 -1.697067618370056152e-01 -1.729301214218139648e-01 -9.639010578393936157e-02
1.491489708423614502e-01 1.422128975391387939e-01 -2.133419737219810486e-02 -8.762809634208679199e-02 -6.607086211442947388e-02 6.076239049434661865e-03 1.904790252447128296e-01 -2.500392496585845947e-01 1.166073828935623169e-01 3.384538739919662476e-02 -2.154962718486785889e-01 -4.217354580760002136e-02 5.056902021169662476e-02 -3.261543065309524536e-02 -2.537119984626770020e-01 -2.606568485498428345e-02 1.188111379742622375e-01 7.761605829000473022e-02 1.821098774671554565e-01 -3.229681551456451416e-01 -2.004221975803375244e-01 1.764005720615386963e-01 1.990829706192016602e-01 -7.932186126708984375e-02 6.637974083423614502e-02 -2.462706565856933594e-01 -1.267630159854888916e-01 1.729389578104019165e-01 4.893698915839195251e-02 1.130368560552597046e-01 1.743985116481781006e-01 1.163131818175315857e-01
-2.887371368706226349e-02 5.094245821237564087e-02 4.548371955752372742e-02 -3.124717250466346741e-02 -1.294765472412109375e-01 -4.354788362979888916e-02 8.436885476112365723e-02 -1.449897289276123047e-01 -1.248136907815933228e-02 9.471131861209869385e-02 -7.766604423522949219e-02 -4.318555817008018494e-02 -7.939033210277557373e-02 -1.718999445438385010e-02 -9.902293235063552856e-02 7.147506624460220337e-02 -9.654924273490905762e-03 -4.377026110887527466e-02 7.539590448141098022e-02 -1.909564733505249023e-01 -1.315262317657470703e-01 -1.277273297309875488e-01 -5.017869174480438232e-02 5.706731230020523071e-03 2.449297718703746796e-02 9.334728121757507324e-03 9.490564465522766113e-02 2.329239156097173691e-03 9.668768942356109619e-02 -4.162840545177459717e-03 -3.509931266307830811e-04 -1.778353378176689148e-02
1.933290213346481323e-01 8.670974522829055786e-02 -6.250791251659393311e-02 -2.397187501192092896e-01 -3.200452029705047607e-02 1.812912523746490479e-03 -1.943249441683292389e-02 2.634839415550231934e-01 -7.597608864307403564e-02 -2.405159622430801392e-01 -1.530129462480545044e-01 1.097140759229660034e-01 1.648201644420623779e-01 1.985276639461517334e-01 5.755364149808883667e-02 -4.040751606225967407e-03 -3.161331415176391602e-01 -9.370034933090209961e-02 -1.203161478042602539e-01 1.010977290570735931e-02 -2.064825892448425293e-01 2.603562176227569580e-01 1.144439876079559326e-01 -9.611468017101287842e-02 1.384475082159042358e-01 1.743199303746223450e-02 -1.424010843038558960e-01 5.151798576116561890e-02 1.219339668750762939e-03 -1.720373779535293579e-01 -1.231026500463485718e-01 2.489048689603805542e-01
-1.851526089012622833e-02 -3.262592852115631104e-01 2.105591297149658203e-01 -3.574439585208892822e-01 -5.239026993513107300e-02 -3.523573875427246094e-01 -3.523686155676841736e-02 -2.311774715781211853e-02 -4.144957065582275391e-01 -7.354386150836944580e-02 2.615447640419006348e-01 3.597911596298217773e-01 2.761262357234954834e-01 2.201135456562042236e-01 1.625017449259757996e-02 -2.138226479291915894e-01 -1.641764789819717407e-01 -7.834859192371368408e-03 4.467962384223937988e-01 -1.643220335245132446e-01 3.298364579677581787e-01 2.057191729545593262e-01 4.167162179946899414e-01 2.779673039913177490e-01 -1.019088327884674072e-01 -2.012821733951568604e-01 4.633136391639709473e-01 -3.120656311511993408e-01 2.245840579271316528e-01 5.718685686588287354e-03 -2.997649312019348145e-01 9.556121379137039185e-02
-1.149132251739501953e-01 -9.823910892009735107e-02 -5.858595669269561768e-02 7.170177251100540161e-02 -2.028144896030426025e-03 1.949518918991088867e-01 2.974470146000385284e-02 -1.449508368968963623e-01 9.731309115886688232e-02 2.377508580684661865e-02 -8.854059875011444092e-02 -2.822585031390190125e-02 -1.684307157993316650e-01 7.703218609094619751e-03 7.899146527051925659e-02 1.362446248531341553e-01 -4.262138158082962036e-02 -2.316042035818099976e-01 -3.315946087241172791e-02 -9.826605021953582764e-02 -1.976044476032257080e-01 -2.062392830848693848e-01 -7.788665592670440674e-02 -1.773854643106460571e-01 5.469018593430519104e-02 -2.658068016171455383e-02 1.257138550281524658e-01 2.422573231160640717e-02 2.045673877000808716e-02 9.422524273395538330e-02 2.357740104198455811e-01 -1.200251132249832153e-01
-1.441877782344818115e-01 -9.022895246744155884e-02 -1.581914424896240234e-01 8.691135048866271973e-02 9.909335523843765259e-03 2.956334054470062256e-01 5.234206467866897583e-02 -1.376556158065795898e-01 1.433335542678833008e-01 5.323819816112518311e-03 -8.299623429775238037e-02 -4.446834698319435120e-02 -1.950910240411758423e-01 5.988523364067077637e-03 8.873739838600158691e-02 3.443213552236557007e-02 -1.074073761701583862e-01 -3.388128876686096191e-01 -2.326933108270168304e-02 -1.563389152288436890e-01 -2.493869066238403320e-01 -1.724328994750976562e-01 -5.575832724571228027e-02 -2.870519459247589111e-01 1.250440161675214767e-02 -6.350927054882049561e-03 1.834642589092254639e-01 9.443576633930206299e-02 2.685201168060302734e-02 1.298737823963165283e-01 3.285549283027648926e-01 -8.359806984663009644e-02
1.319859623908996582e-01 -2.546118199825286865e-01 -5.120632052421569824e-02 -3.563929349184036255e-03 6.604327261447906494e-02 -1.215058565139770508e-02 -2.734051644802093506e-01 1.809946820139884949e-02 -1.089382842183113098e-01 -2.212836295366287231e-01 -2.315354049205780029e-01 -1.498072594404220581e-02 -1.871079206466674805e-02 -7.973987609148025513e-03 1.015541851520538330e-01 -1.728228479623794556e-02 -1.971035003662109375e-01 -8.208261430263519287e-02 -3.260881900787353516e-01 1.996435597538948059e-02 8.148680627346038818e-02 3.681357949972152710e-02 1.271939724683761597e-01 9.431053698062896729e-02 -1.218711137771606445e-01 -1.659170985221862793e-01 1.128843873739242554e-01 -2.837880849838256836e-01 -1.091450005769729614e-01 -6.862437725067138672e-02 -2.766045331954956055e-01 -2.762767076492309570e-01
1.958108693361282349e-01 -5.649561285972595215e-01 1.697507798671722412e-01 -2.865042686462402344e-01 4.377512633800506592e-02 -3.021845817565917969e-01 -2.435491681098937988e-01 1.782333403825759888e-01 -6.307337284088134766e-01 -4.377702772617340088e-01 1.079936772584915161e-01 5.180160999298095703e-01 2.468976974487304688e-01 3.350745141506195068e-01 2.978057563304901123e-01 -1.812124997377395630e-02 -4.840655326843261719e-01 -6.858465820550918579e-02 1.298568546772003174e-01 7.761924713850021362e-02 2.817972004413604736e-01 1.959477066993713379e-01 5.487793684005737305e-01 3.413420319557189941e-01 -2.230355143547058105e-01 -3.406294286251068115e-01 6.593375205993652344e-01 -5.101231336593627930e-01 3.075611591339111328e-01 -1.979731023311614990e-02 -5.549861788749694824e-01 -9.137106686830520630e-02
1.798239946365356445e-01 2.028279602527618408e-01 -1.205308660864830017e-01 -5.869457125663757324e-02 -1.153945997357368469e-01 4.541413486003875732e-02 4.961730539798736572e-02 -1.374564468860626221e-01 2.757564187049865723e-02 -7.206416875123977661e-02 -2.932211756706237793e-01 -1.443005725741386414e-02 -1.333236694335937500e-01 4.926756024360656738e-03 -1.326630711555480957e-01 -7.032366096973419189e-02 -2.646187692880630493e-02 2.632772922515869141e-02 -9.190916270017623901e-02 -2.354117333889007568e-01 -3.273839652538299561e-01 4.608163237571716309e-02 5.029868334531784058e-02 -3.526118397712707520e-02 1.153143942356109619e-01 -1.214981749653816223e-01 -1.072142049670219421e-01 3.074370324611663818e-02 3.904085233807563782e-02 5.043496936559677124e-02 8.831989020109176636e-02 -2.740900963544845581e-04
-7.800052314996719360e-02 1.229040846228599548e-01 -1.165795251727104187e-01 -8.555041998624801636e-02 -1.098202839493751526e-01 1.443406194448471069e-02 1.322138607501983643e-01 -1.822449862957000732e-01 -6.914809346199035645e-03 1.170125007629394531e-01 -1.377041637897491455e-01 -1.140000671148300171e-01 -4.795850440859794617e-02 -2.303285151720046997e-02 -1.846871227025985718e-01 -6.155188381671905518e-02 -3.190537542104721069e-02 -1.203530654311180115e-01 8.963592350482940674e-02 -3.258823752403259277e-01 -1.875393837690353394e-01 -1.708764582872390747e-02 -5.686527490615844727e-02 -1.039056032896041870e-01 5.781961604952812195e-03 -1.995372213423252106e-02 8.439065515995025635e-02 1.112674027681350708e-01 1.199407875537872314e-01 -1.618846505880355835e-02 5.002071708440780640e-02 2.604402601718902588e-03
2.641040980815887451e-01 -1.432648599147796631e-01 -8.525871485471725464e-02 -7.947494834661483765e-02 -6.811776012182235718e-02 3.972736746072769165e-02 -2.765143103897571564e-02 -5.645468831062316895e-03 7.414557039737701416e-03 -1.470260322093963623e-01 -2.758899331092834473e-01 -5.225628986954689026e-02 -1.309866458177566528e-02 -7.218559831380844116e-02 -6.996449083089828491e-03 -9.041911363601684570e-02 -3.790036588907241821e-02 -3.069781698286533356e-02 -1.334040910005569458e-01 -1.191703900694847107e-01 -7.682728767395019531e-02 2.117016613483428955e-01 2.437431514263153076e-01 4.271427169442176819e-02 3.763588145375251770e-03 -1.984885036945343018e-01 -4.060654342174530029e-02 -4.717296361923217773e-02 -1.206145584583282471e-01 -1.629832386970520020e-01 -1.639314442873001099e-01 -7.235061377286911011e-02
5.633744597434997559e-02 2.141813635826110840e-01 -7.690012454986572266e-02 1.950101740658283234e-02 -4.393206536769866943e-02 1.914551854133605957e-02 1.384193003177642822e-01 -3.188091814517974854e-01 1.361842602491378784e-01 1.144849807024002075e-01 -9.193094074726104736e-02 -3.510272130370140076e-02 -3.526499122381210327e-02 -3.841592371463775635e-02 -2.299446463584899902e-01 5.318179726600646973e-03 2.230014503002166748e-01 7.819519937038421631e-02 1.200023889541625977e-01 -2.702430784702301025e-01 -2.527246177196502686e-01 -5.517857894301414490e-02 -7.541257143020629883e-02 -5.417481809854507446e-02 5.373882874846458435e-02 -3.521206974983215332e-02 -1.111787706613540649e-01 1.687247008085250854e-01 3.674123063683509827e-02 1.865824013948440552e-01 2.105714976787567139e-01 2.865775302052497864e-02
-5.966432392597198486e-02 2.746494710445404053e-01 -1.700451374053955078e-01 -2.214837521314620972e-01 -2.825646847486495972e-02 -2.154703587293624878e-01 2.128247730433940887e-02 1.770724803209304810e-01 -3.446049243211746216e-02 -3.327314183115959167e-02 2.377543970942497253e-02 2.192417383193969727e-01 2.830286026000976562e-01 3.197019174695014954e-02 -5.223914235830307007e-02 -1.623696982860565186e-01 -1.665912568569183350e-01 4.438827186822891235e-02 1.550767421722412109e-01 2.876283973455429077e-02 -1.128901541233062744e-01 2.410508394241333008e-01 3.603585809469223022e-02 5.588945373892784119e-02 1.572442948818206787e-01 2.671552002429962158e-01 -2.032523751258850098e-01 1.307557076215744019e-01 1.138369143009185791e-01 -2.494988590478897095e-02 5.212531983852386475e-02 3.048871457576751709e-01
1.314425021409988403e-01 -3.497315645217895508e-01 1.855199933052062988e-01 1.475512087345123291e-01 1.391427814960479736e-01 -2.127231657505035400e-02 -6.393150985240936279e-02 -9.620922058820724487e-02 1.572734117507934570e-02 -1.367894560098648071e-01 3.776055872440338135e-01 8.765929937362670898e-02 -6.375862658023834229e-02 1.629101037979125977e-01 2.570234835147857666e-01 1.878400146961212158e-01 1.212383806705474854e-01 2.010366767644882202e-01 -5.049087479710578918e-02 2.358796894550323486e-01 2.166159451007843018e-01 -3.590667843818664551e-01 6.072099506855010986e-02 1.060314029455184937e-01 -4.605953022837638855e-02 3.179935365915298462e-02 2.118065357208251953e-01 -1.681755334138870239e-01 -4.324234649538993835e-02 -9.900406002998352051e-03 -1.130234375596046448e-01 -2.099094539880752563e-01
-3.452237695455551147e-02 -3.247849643230438232e-01 1.307488381862640381e-01 -1.843362152576446533e-01 -1.653318852186203003e-02 -2.332151234149932861e-01 -1.141873449087142944e-01 -1.447476074099540710e-02 -2.348840236663818359e-01 -1.969423145055770874e-02 1.376251280307769775e-01 1.914896965026855469e-01 2.166035771369934082e-01 1.105844751000404358e-01 5.658733844757080078e-02 -1.228725314140319824e-01 -1.141204237937927246e-01 -2.208762429654598236e-02 1.609050482511520386e-01 -1.109420955181121826e-01 1.776967197656631470e-01 1.177886426448822021e-01 2.612289190292358398e-01 2.126111835241317749e-01 -1.148182004690170288e-01 -1.644592881202697754e-01 2.953758835792541504e-01 -2.702144384384155273e-01 7.793551683425903320e-02 -7.024602591991424561e-02 -2.806969285011291504e-01 -6.556165218353271484e-02
-7.303830236196517944e-02 -6.500671058893203735e-02 3.163147345185279846e-02 4.188651591539382935e-02 1.454067602753639221e-02 8.146636188030242920e-02 4.195314645767211914e-02 -1.313024610280990601e-01 7.158963382244110107e-02 5.447798967361450195e-02 -1.044792681932449341e-01 -2.990551665425300598e-02 -1.177150309085845947e-01 -9.063854813575744629e-04 4.581972956657409668e-02 2.376224547624588013e-01 2.227508276700973511e-02 -1.307510137557983398e-01 -4.375656694173812866e-02 -1.317753791809082031e-01 -1.959340274333953857e-01 -1.959842145442962646e-01 -1.116769462823867798e-01 -7.629024982452392578e-02 1.026041060686111450e-01 -9.543441236019134521e-02 2.875207364559173584e-02 -2.694111131131649017e-02 4.972734674811363220e-02 9.405676275491714478e-02 1.308375895023345947e-01 -1.763437539339065552e-01
-7.226012647151947021e-02 -9.474776685237884521e-02 -1.339723765850067139e-01 1.254943609237670898e-01 8.023920655250549316e-02 6.317451596260070801e-02 -1.525065004825592041e-01 -4.255040362477302551e-02 1.716312766075134277e-02 1.004393398761749268e-02 -2.588505297899246216e-02 -8.297370374202728271e-02 -1.015967503190040588e-01 -9.835567325353622437e-03 7.051813602447509766e-02 -3.299311548471450806e-02 1.846658438444137573e-02 -6.986274570226669312e-02 -3.078033328056335449e-01 -3.112238459289073944e-02 -1.017388999462127686e-01 -2.064017653465270996e-01 -1.895885318517684937e-01 5.012053996324539185e-03 1.860845088958740234e-02 -5.764077976346015930e-02 -1.289399154484272003e-02 -1.860657930374145508e-01 -7.703687250614166260e-02 6.932720541954040527e-02 -7.992740720510482788e-03 -3.098315298557281494e-01
1.442607343196868896e-01 -3.920157253742218018e-01 1.517055630683898926e-01 -4.121795892715454102e-01 -2.684213221073150635e-02 -3.031661510467529297e-01 -9.503963589668273926e-02 5.816170945763587952e-02 -3.826416134834289551e-01 -2.002676725387573242e-01 3.490969538688659668e-04 3.586818873882293701e-01 1.934779882431030273e-01 1.877546906471252441e-01 6.715583801269531250e-02 -1.716979295015335083e-01 -3.299677670001983643e-01 -5.087835714221000671e-02 1.819961667060852051e-01 -1.050442308187484741e-01 2.147015035152435303e-01 2.533088624477386475e-01 5.141156911849975586e-01 2.737773954868316650e-01 -1.261788904666900635e-01 -2.848108410835266113e-01 4.282500445842742920e-01 -3.411850631237030029e-01 1.484354883432388306e-01 -8.625809848308563232e-02 -3.945817649364471436e-01 1.739125140011310577e-02
2.194307595491409302e-01 -1.150605902075767517e-01 -8.825401961803436279e-02 -1.347929835319519043e-01 4.808256030082702637e-02 7.398179173469543457e-02 -2.509266138076782227e-01 1.627204865217208862e-01 -4.615822434425354004e-02 -3.310133218765258789e-01 -3.445597589015960693e-01 -4.586410522460937500e-02 -1.061062663793563843e-01 1.178964450955390930e-01 7.109311968088150024e-02 4.973167926073074341e-02 -2.903494536876678467e-01 -1.116936355829238892e-01 -4.210783243179321289e-01 1.315408386290073395e-02 -9.854231774806976318e-02 -3.049609996378421783e-02 9.808888286352157593e-02 -1.613505743443965912e-02 1.793371140956878662e-02 -1.702891290187835693e-01 -1.319345086812973022e-02 -1.688052713871002197e-01 -1.115434914827346802e-01 -8.894822001457214355e-02 -2.103818655014038086e-01 -2.696062922477722168e-01
1.284383386373519897e-01 -2.966749072074890137e-01 1.835581958293914795e-01 1.985664851963520050e-02 2.140148580074310303e-01 -5.098056048154830933e-02 -2.104109823703765869e-01 1.096848994493484497e-01 4.376247525215148926e-02 -1.889953911304473877e-01 3.900601267814636230e-01 2.002440392971038818e-01 4.257459193468093872e-02 1.573799550533294678e-01 3.205645382404327393e-01 2.146621644496917725e-01 -5.025650560855865479e-02 1.199582666158676147e-01 -2.098051607608795166e-01 3.712740540504455566e-01 7.196173071861267090e-02 -2.071305960416793823e-01 6.176775693893432617e-02 8.095313608646392822e-02 5.633708089590072632e-02 1.019382551312446594e-01 1.197458207607269287e-01 -1.929053515195846558e-01 -8.386409282684326172e-02 -1.731932163238525391e-02 -1.049120575189590454e-01 -1.940988451242446899e-01
1.142452359199523926e-01 1.034325286746025085e-01 1.189525201916694641e-01 -1.391457766294479370e-01 -1.240238770842552185e-01 -2.465139329433441162e-01 8.726109564304351807e-02 1.016655713319778442e-01 -5.990744382143020630e-02 4.750280082225799561e-02 -8.726842701435089111e-03 5.475990474224090576e-02 4.369311034679412842e-01 -1.790972054004669189e-02 -2.277988344430923462e-01 -1.440906822681427002e-01 1.249457895755767822e-02 2.217146456241607666e-01 1.535778790712356567e-01 -1.888408511877059937e-01 -8.379776030778884888e-02 3.168849050998687744e-01 8.049418032169342041e-02 1.536110490560531616e-01 -2.652252465486526489e-02 -3.031340241432189941e-02 -3.432130813598632812e-01 8.616994321346282959e-02 1.108166724443435669e-01 -2.600260823965072632e-02 -2.692578434944152832e-01 2.475771754980087280e-01
7.260540500283241272e-03 2.518745511770248413e-02 4.447711631655693054e-02 7.953364402055740356e-04 -3.421445190906524658e-02 1.221542060375213623e-02 7.986270636320114136e-02 -1.756975054740905762e-01 1.183726936578750610e-01 1.593134850263595581e-01 2.916273102164268494e-02 -9.419703483581542969e-02 9.941997379064559937e-02 1.687487959861755371e-02 -1.727153509855270386e-01 -6.363943964242935181e-02 2.809090316295623779e-01 6.911788135766983032e-02 1.256090104579925537e-01 -2.136868387460708618e-01 1.210898160934448242e-03 4.308994859457015991e-02 1.458559185266494751e-02 -1.592708379030227661e-02 1.886067725718021393e-02 -8.693349361419677734e-02 -8.218772709369659424e-02 7.588778436183929443e-02 -8.450224995613098145e-04 6.742198020219802856e-02 3.377670049667358398e-02 -1.930690929293632507e-02
4.620756208896636963e-02 -1.029705815017223358e-02 4.880347847938537598e-02 -9.291750937700271606e-02 7.469760626554489136e-02 -1.770128607749938965e-01 -7.803903520107269287e-02 3.418214991688728333e-02 5.206824839115142822e-02 4.926699399948120117e-02 3.451353311538696289e-01 2.112841308116912842e-01 1.941865384578704834e-01 -8.576398342847824097e-02 5.079703778028488159e-02 -6.347269564867019653e-02 5.786005407571792603e-02 2.123893499374389648e-01 2.088022679090499878e-01 1.491568833589553833e-01 1.076397150754928589e-01 -9.658312797546386719e-02 3.303549438714981079e-02 2.922018170356750488e-01 3.515988588333129883e-03 2.196514010429382324e-01 -8.256215602159500122e-02 -6.864321231842041016e-02 -6.437340751290321350e-03 -3.693377226591110229e-02 -9.832914173603057861e-02 3.382527828216552734e-02
1.573216915130615234e-01 -5.572215467691421509e-02 2.265754342079162598e-01 -7.712160795927047729e-02 -9.041533619165420532e-02 -1.621347367763519287e-01 -6.392717361450195312e-02 8.742831647396087646e-02 -4.546049237251281738e-02 -4.446771368384361267e-02 3.813402727246284485e-02 -4.046529531478881836e-03 3.403538465499877930e-01 -7.547065615653991699e-04 -1.518550813198089600e-01 4.228352010250091553e-02 1.013499721884727478e-01 2.268795371055603027e-01 6.345885992050170898e-02 -1.372397541999816895e-01 7.855921983718872070e-03 5.028101056814193726e-02 1.550439745187759399e-02 2.191955894231796265e-01 1.185093726962804794e-02 -2.994820475578308105e-02 -2.872283458709716797e-01 -3.133764117956161499e-02 3.357331827282905579e-02 -9.026953577995300293e-02 -3.293772041797637939e-01 7.464204728603363037e-02
2.868633158504962921e-02 1.332171261310577393e-01 7.866726815700531006e-02 -1.574664711952209473e-01 -1.720241904258728027e-01 -1.811762303113937378e-01 7.086737453937530518e-02 -8.053909987211227417e-02 -1.102057620882987976e-01 8.019831776618957520e-02 -1.171044111251831055e-01 -7.849630713462829590e-02 2.033423781394958496e-01 -7.728495448827743530e-02 -2.574738562107086182e-01 -7.313759624958038330e-02 2.897358313202857971e-02 1.165694594383239746e-01 1.473276913166046143e-01 -2.991044223308563232e-01 -9.198412299156188965e-02 2.964929491281509399e-02 -6.224337220191955566e-02 1.442620158195495605e-01 -9.183418005704879761e-03 -2.086318470537662506e-02 -1.281071603298187256e-01 2.537285350263118744e-02 9.893172979354858398e-02 -4.982540011405944824e-02 -2.518462836742401123e-01 3.865186497569084167e-02
5.436182767152786255e-02 1.427658796310424805e-01 -2.771702036261558533e-02 -1.993200480937957764e-01 -3.663615882396697998e-02 -2.477114945650100708e-01 -7.962796837091445923e-03 1.782385557889938354e-01 -1.041401177644729614e-02 -1.078985631465911865e-03 7.790333777666091919e-02 1.548884510993957520e-01 4.157366752624511719e-01 2.080935984849929810e-03 -1.049178019165992737e-01 -2.032547742128372192e-01 -1.092964708805084229e-01 1.746081262826919556e-01 1.429965198040008545e-01 -7.803166285157203674e-03 -2.234661951661109924e-02 2.952511608600616455e-01 1.111057102680206299e-01 8.500003814697265625e-02 3.447099402546882629e-02 1.224790588021278381e-01 -2.113749235868453979e-01 9.717114269733428955e-02 1.103274673223495483e-01 -7.809691131114959717e-02 -1.415334194898605347e-01 2.562019824981689453e-01
2.617987990379333496e-01 -1.636931896209716797e-01 1.643415354192256927e-02 -9.725440293550491333e-02 1.171660348773002625e-01 6.449986994266510010e-02 -2.708061039447784424e-01 3.184770345687866211e-01 -3.268984332680702209e-02 -3.870153129100799561e-01 -2.416394650936126709e-01 -1.626411080360412598e-02 2.182050794363021851e-02 2.742863595485687256e-01 1.590642184019088745e-01 1.731003820896148682e-01 -3.783983290195465088e-01 -1.381688416004180908e-01 -4.605069756507873535e-01 1.576881110668182373e-01 -4.708021879196166992e-02 4.582138359546661377e-02 1.019102931022644043e-01 -3.234805911779403687e-02 5.281230434775352478e-03 -1.834923326969146729e-01 -5.330744385719299316e-02 -1.450394839048385620e-01 -1.644717603921890259e-01 -1.757098585367202759e-01 -2.885867059230804443e-01 -1.995566636323928833e-01
7.515581697225570679e-02 -2.657365053892135620e-02 1.429480612277984619e-01 -3.121129423379898071e-02 -9.772215038537979126e-02 -2.108082175254821777e-01 4.003207385540008545e-02 -5.910203605890274048e-02 -1.823339983820915222e-02 2.929644286632537842e-02 1.934126764535903931e-01 6.033839285373687744e-02 1.278673112392425537e-01 -4.072593897581100464e-02 -4.987035691738128662e-02 -6.359923630952835083e-02 1.019818410277366638e-01 2.566500604152679443e-01 2.106006741523742676e-01 -2.913242392241954803e-02 9.449304640293121338e-02 -1.112582087516784668e-01 3.221928700804710388e-02 2.254428416490554810e-01 -8.098319172859191895e-02 1.155152097344398499e-01 3.961040079593658447e-02 -2.830569632351398468e-02 6.385093927383422852e-02 -5.234248936176300049e-02 -1.923521459102630615e-01 2.167396992444992065e-02
-8.334655314683914185e-02 -1.257993280887603760e-01 -8.056335151195526123e-03 5.002870410680770874e-02 2.478291839361190796e-02 1.180741637945175171e-01 8.798266202211380005e-02 -1.474765837192535400e-01 6.222417950630187988e-02 4.931780695915222168e-02 -2.042622864246368408e-02 2.164978533983230591e-02 -1.856095045804977417e-01 6.915251910686492920e-02 8.389160782098770142e-02 1.190807446837425232e-01 3.165237605571746826e-03 -1.320598423480987549e-01 -1.321651414036750793e-02 -7.231909781694412231e-02 -1.233003735542297363e-01 -2.460576593875885010e-01 -6.814938783645629883e-02 -1.081840395927429199e-01 2.659937553107738495e-02 -4.016451537609100342e-03 1.577778309583663940e-01 1.710234768688678741e-02 -2.655269391834735870e-02 7.698300480842590332e-02 1.684476137161254883e-01 -1.063363701105117798e-01
-1.060498319566249847e-02 2.436238527297973633e-02 -1.074683591723442078e-01 -2.127317041158676147e-01 7.840019464492797852e-02 -6.884530186653137207e-03 -1.115214079618453979e-01 2.214250862598419189e-01 -1.412957906723022461e-03 -1.777814924716949463e-01 3.587154299020767212e-02 1.309524774551391602e-01 6.246507912874221802e-02 1.439727246761322021e-01 4.650208353996276855e-02 1.664514839649200439e-02 -3.187438249588012695e-01 -1.095426082611083984e-01 -9.322378784418106079e-02 1.343249231576919556e-01 -9.610067307949066162e-02 -2.305880188941955566e-04 -1.090178638696670532e-01 9.606036543846130371e-02 1.424413025379180908e-01 2.048488557338714600e-01 -1.123859509825706482e-01 -1.463969983160495758e-02 -7.384666055440902710e-02 -2.203377932310104370e-01 1.427378505468368530e-03 7.378797233104705811e-02
2.480918914079666138e-02 7.330133765935897827e-02 -1.824028491973876953e-01 -7.229843735694885254e-02 -3.096246719360351562e-02 -1.485973596572875977e-02 -1.995875537395477295e-01 7.695001363754272461e-02 -4.132826626300811768e-02 -1.831377744674682617e-01 -1.399322897195816040e-01 -3.862545639276504517e-02 -1.053296774625778198e-01 8.627558499574661255e-02 2.269765734672546387e-02 -2.507871389389038086e-02 -2.591626048088073730e-01 -8.739306032657623291e-02 -2.453611642122268677e-01 4.070997238159179688e-04 -1.534259915351867676e-01 -1.541915237903594971e-01 -1.153217107057571411e-01 6.567460298538208008e-02 3.913541883230209351e-02 1.832902431488037109e-03 -6.257753819227218628e-02 -9.786303341388702393e-02 -4.366290569305419922e-02 -3.658558428287506104e-02 -4.428280889987945557e-02 -1.596844196319580078e-01
1.616667658090591431e-01 1.543671488761901855e-01 -1.228587403893470764e-01 -3.017110005021095276e-02 -9.736766666173934937e-02 -2.136133611202239990e-03 -5.053391307592391968e-02 -1.763998866081237793e-01 9.351372718811035156e-02 -4.257352277636528015e-02 -2.056764364242553711e-01 -8.793808519840240479e-03 -1.853722631931304932e-01 -1.154702156782150269e-02 -1.307607293128967285e-01 -4.361243546009063721e-02 -3.080356121063232422e-02 3.650450706481933594e-02 -1.744250357151031494e-01 -1.254427880048751831e-01 -2.221316844224929810e-01 -1.354342103004455566e-01 -6.143067777156829834e-02 7.684078067541122437e-03 9.417364001274108887e-02 -4.535287618637084961e-03 -4.564119875431060791e-02 -3.911233693361282349e-02 -2.374468371272087097e-03 2.450488507747650146e-03 5.029933899641036987e-02 -1.681998670101165771e-01
7.913134247064590454e-02 -6.014337390661239624e-02 1.273514479398727417e-01 -2.249752171337604523e-02 -1.132759973406791687e-01 -9.086855500936508179e-02 8.311087638139724731e-02 -1.142718344926834106e-01 -4.386547207832336426e-02 3.334401547908782959e-02 -8.671779930591583252e-02 -4.421759769320487976e-02 2.998726814985275269e-02 -9.662758558988571167e-03 -1.023722738027572632e-01 1.671293079853057861e-01 5.213005840778350830e-02 3.226856142282485962e-02 3.130767494440078735e-02 -1.687420904636383057e-01 -1.149851232767105103e-01 -1.510981917381286621e-01 -8.759233355522155762e-02 9.222254157066345215e-02 6.333827972412109375e-02 -2.722958289086818695e-02 -4.821133241057395935e-02 -7.377183064818382263e-03 8.783981204032897949e-02 -4.294693470001220703e-02 -1.266807019710540771e-01 -8.329141139984130859e-02
1.108895167708396912e-01 4.000692069530487061e-02 1.870157122611999512e-01 -1.289587318897247314e-01 -1.130333021283149719e-01 -1.985158920288085938e-01 4.583711177110671997e-02 3.207286819815635681e-02 -7.603786140680313110e-02 2.323157340288162231e-02 -4.196296632289886475e-02 -3.070661798119544983e-02 2.982031404972076416e-01 -3.178291022777557373e-03 -2.280823290348052979e-01 1.878012716770172119e-02 1.139317303895950317e-01 1.883199810981750488e-01 9.390768408775329590e-02 -2.514800727367401123e-01 -5.705115199089050293e-02 8.557383716106414795e-02 -1.415429264307022095e-02 1.902743726968765259e-01 1.162957213819026947e-02 -3.823500126600265503e-02 -2.205691933631896973e-01 1.594042219221591949e-02 7.749217748641967773e-02 -5.433297157287597656e-02 -2.937992215156555176e-01 9.050252288579940796e-02
1.998503506183624268e-01 1.108572855591773987e-01 -1.673277020454406738e-01 -2.024663835763931274e-01 -1.189855411648750305e-01 -5.859495699405670166e-02 -9.367743134498596191e-02 8.345168828964233398e-02 -8.177864551544189453e-02 -1.779418587684631348e-01 -1.118123382329940796e-01 1.502693444490432739e-02 -3.319638222455978394e-02 1.642850637435913086e-01 -1.950160786509513855e-02 -1.580417603254318237e-01 -3.317837715148925781e-01 -7.138013839721679688e-02 -1.529192626476287842e-01 2.956323139369487762e-02 -2.524967491626739502e-01 2.393613010644912720e-02 1.336837559938430786e-02 -1.463253516703844070e-02 9.643469750881195068e-02 6.350015848875045776e-02 -5.955059081315994263e-03 -7.582192122936248779e-02 1.290296390652656555e-02 -1.804073899984359741e-01 -1.007663607597351074e-01 5.686551705002784729e-02
1.939467638731002808e-01 -1.456219404935836792e-01 -4.069090634584426880e-02 -3.392896056175231934e-02 -2.797007560729980469e-03 6.628437340259552002e-02 -1.172200068831443787e-01 1.126486808061599731e-02 3.243415057659149170e-02 -1.633972525596618652e-01 -2.900915741920471191e-01 -3.351335227489471436e-02 -3.182102739810943604e-02 -1.205098628997802734e-02 2.978466078639030457e-02 2.664459869265556335e-02 -1.110764592885971069e-01 -7.174077630043029785e-02 -2.601282894611358643e-01 -1.040053740143775940e-01 -6.947636604309082031e-02 9.790904819965362549e-02 1.259585916996002197e-01 6.929835677146911621e-02 -1.658125594258308411e-02 -2.157658934593200684e-01 -3.840020298957824707e-02 -1.268888264894485474e-01 -1.432053595781326294e-01 -9.393166005611419678e-02 -2.012959122657775879e-01 -2.242233455181121826e-01
3.548419475555419922e-02 -4.421655833721160889e-01 1.066348999738693237e-01 -1.170209124684333801e-01 7.176025956869125366e-02 -2.133236825466156006e-01 -2.369333654642105103e-01 3.250380232930183411e-02 -3.405285477638244629e-01 -2.017257213592529297e-01 5.282828211784362793e-02 2.391980290412902832e-01 8.009538799524307251e-02 1.117766648530960083e-01 1.904722452163696289e-01 -9.235535562038421631e-02 -2.392507791519165039e-01 -4.167864844202995300e-02 -1.961885951459407806e-02 3.673960268497467041e-02 2.262869179248809814e-01 9.318161010742187500e-02 2.986403107643127441e-01 2.233739346265792847e-01 -1.552091985940933228e-01 -1.438146233558654785e-01 3.606870472431182861e-01 -4.048959612846374512e-01 3.264779970049858093e-02 -6.895594298839569092e-02 -3.813844621181488037e-01 -1.847308427095413208e-01
1.222147420048713684e-02 4.451617896556854248e-01 -1.482208967208862305e-01 -3.199884295463562012e-01 -2.820241749286651611e-01 -3.639961481094360352e-01 1.318820118904113770e-01 -1.567572206258773804e-01 -2.323085963726043701e-01 1.807745397090911865e-01 -1.662695556879043579e-01 -9.465710818767547607e-02 5.024612545967102051e-01 -8.814548701047897339e-02 -5.089522600173950195e-01 -5.062268376350402832e-01 -1.483345478773117065e-01 1.498625278472900391e-01 3.214786052703857422e-01 -6.013855934143066406e-01 -9.363378584384918213e-02 4.881557822227478027e-01 9.917251765727996826e-02 -1.389875859022140503e-01 -1.859731674194335938e-01 -1.080765277147293091e-01 -1.299806684255599976e-01 1.808497905731201172e-01 4.792740046977996826e-01 1.239999681711196899e-01 -1.605178713798522949e-01 3.422361314296722412e-01
1.858343183994293213e-01 -1.451686024665832520e-01 2.006030678749084473e-01 -2.206894382834434509e-02 8.955002576112747192e-02 -6.965039670467376709e-02 -1.931370198726654053e-01 1.241618543863296509e-01 2.275907248258590698e-02 -1.314954906702041626e-01 2.313539832830429077e-01 7.744328677654266357e-02 1.980770826339721680e-01 5.506401881575584412e-02 1.232443749904632568e-01 1.278805136680603027e-01 3.369475528597831726e-02 2.220245003700256348e-01 -3.523802757263183594e-02 1.557875126600265503e-01 1.069241166114807129e-01 -8.397817611694335938e-02 8.197561651468276978e-02 2.012755721807479858e-01 5.151679739356040955e-03 5.491227656602859497e-02 -7.134468853473663330e-02 -1.183223351836204529e-01 -3.959614783525466919e-02 -1.075216084718704224e-01 -2.220374643802642822e-01 -1.008866876363754272e-01
3.828861564397811890e-02 1.337642371654510498e-01 -8.426781743764877319e-03 -1.406529247760772705e-01 -2.661887705326080322e-01 -8.940032124519348145e-02 4.191736131906509399e-02 -7.761466503143310547e-02 -1.627876311540603638e-01 3.108011931180953979e-02 -3.818947374820709229e-01 -3.383190631866455078e-01 2.241860926151275635e-01 -6.416208297014236450e-02 -4.200912415981292725e-01 1.631906628608703613e-02 -8.227999508380889893e-02 -9.971471875905990601e-02 -1.447711884975433350e-01 -5.815587043762207031e-01 -2.345158755779266357e-01 2.369016110897064209e-01 -5.314011126756668091e-02 -1.315214186906814575e-01 -4.055732116103172302e-02 -2.248844504356384277e-01 -2.468030452728271484e-01 2.059334814548492432e-01 1.840828359127044678e-01 -5.633939802646636963e-02 -1.914962232112884521e-01 4.206987470388412476e-02
2.944970130920410156e-02 -5.544915795326232910e-03 -2.352457493543624878e-02 -7.310032844543457031e-02 -2.339497953653335571e-02 -2.501522302627563477e-01 -4.546568542718887329e-02 -1.058926433324813843e-02 4.326578229665756226e-02 1.580590754747390747e-02 4.033412635326385498e-01 1.833651065826416016e-01 1.407319605350494385e-01 -1.065690144896507263e-01 3.073450550436973572e-02 -2.156489938497543335e-01 -1.608857512474060059e-02 2.008122652769088745e-01 2.524522542953491211e-01 2.054518014192581177e-01 1.662745624780654907e-01 -9.997908771038055420e-02 2.281522005796432495e-02 2.863986790180206299e-01 -8.590310811996459961e-02 3.800772428512573242e-01 1.228299140930175781e-01 8.344838395714759827e-03 4.538033530116081238e-02 -7.994586229324340820e-02 -6.169057637453079224e-02 1.043261289596557617e-01
7.408246397972106934e-02 7.301531732082366943e-02 6.110480427742004395e-02 -2.215545475482940674e-01 -1.118264868855476379e-01 -2.796267867088317871e-01 -3.731545433402061462e-02 1.197205334901809692e-01 -2.690918743610382080e-03 3.951936960220336914e-02 2.266139239072799683e-01 1.054046154022216797e-01 3.272777795791625977e-01 -3.835657984018325806e-02 -1.190561577677726746e-01 -1.750192344188690186e-01 2.089519053697586060e-02 2.179324924945831299e-01 1.612016856670379639e-01 1.940036006271839142e-02 8.994817733764648438e-03 7.009792327880859375e-02 1.130211874842643738e-01 1.899225115776062012e-01 2.702236175537109375e-03 2.250663042068481445e-01 -1.031023487448692322e-01 5.872789025306701660e-02 9.425343573093414307e-02 -1.231614798307418823e-01 -2.029961049556732178e-01 1.368576437234878540e-01
-1.402712799608707428e-02 -1.278749108314514160e-01 -7.951125502586364746e-03 7.317356765270233154e-02 -2.853572368621826172e-05 2.100841701030731201e-02 -7.036529481410980225e-02 -1.041575819253921509e-01 4.730039089918136597e-02 9.200985729694366455e-02 -2.010700106620788574e-02 -7.515326142311096191e-02 9.648382663726806641e-03 -3.009302914142608643e-02 -1.793829165399074554e-02 -4.162977635860443115e-02 1.362143009901046753e-01 1.415670663118362427e-02 -9.984551370143890381e-02 -1.126541718840599060e-01 -5.544932559132575989e-02 -5.237311497330665588e-02 -5.273988842964172363e-02 3.338554874062538147e-02 -1.992214471101760864e-02 -8.640575408935546875e-02 -2.163763344287872314e-02 -1.076392307877540588e-01 -7.360146939754486084e-02 -2.337798476219177246e-03 -1.024329140782356262e-01 -2.304618209600448608e-01
4.484904557466506958e-02 1.110521778464317322e-01 -5.009847879409790039e-02 8.801777660846710205e-02 -7.099979370832443237e-02 4.910863935947418213e-03 6.215172260999679565e-02 -2.881505489349365234e-01 1.635659784078598022e-01 1.730036437511444092e-01 -1.771019399166107178e-02 -6.351775676012039185e-02 -7.830377668142318726e-02 -4.073588550090789795e-02 -1.956635266542434692e-01 -6.457355618476867676e-02 2.000151723623275757e-01 9.150673449039459229e-02 -2.655781432986259460e-02 -1.820195019245147705e-01 -1.081113368272781372e-01 -9.683296829462051392e-02 -1.248226761817932129e-01 -5.124305933713912964e-02 1.249217428267002106e-02 -4.695488139986991882e-03 -5.277183651924133301e-02 5.709083378314971924e-02 3.223627433180809021e-02 1.284780800342559814e-01 1.186428293585777283e-01 -1.133368983864784241e-01
1.726809144020080566e-01 -1.523750126361846924e-01 1.302274167537689209e-01 -6.643193215131759644e-02 1.517327576875686646e-01 -7.664458453655242920e-02 -1.331073939800262451e-01 1.987651884555816650e-01 4.275069385766983032e-02 -1.487140357494354248e-01 2.847683429718017578e-01 1.186863481998443604e-01 1.673368811607360840e-01 1.152794286608695984e-01 1.372831463813781738e-01 1.051955819129943848e-01 -5.660666525363922119e-02 1.187319457530975342e-01 -7.201132178306579590e-02 2.262257635593414307e-01 7.836452126502990723e-02 -2.013559639453887939e-02 1.012554988265037537e-01 1.425667405128479004e-01 5.607728660106658936e-02 1.555368900299072266e-01 -7.409936189651489258e-02 -1.055167317390441895e-01 -4.413994774222373962e-02 -1.936867386102676392e-01 -1.815007030963897705e-01 -3.533122316002845764e-02
-5.966228246688842773e-02 -2.120489478111267090e-01 -1.042245700955390930e-01 1.078046932816505432e-01 1.933338791131973267e-01 2.631911635398864746e-02 -2.330255210399627686e-01 5.654679611325263977e-02 -3.269371390342712402e-02 -1.557938158512115479e-01 -5.928461253643035889e-02 -6.325998157262802124e-02 -5.223239213228225708e-02 3.685493767261505127e-02 2.031057327985763550e-01 5.692945420742034912e-02 -1.069164276123046875e-01 -1.241402328014373779e-01 -4.375529289245605469e-01 7.460372149944305420e-02 -7.453609257936477661e-03 -1.922085881233215332e-01 -1.102829873561859131e-01 5.188072845339775085e-02 -1.408720389008522034e-02 -9.786797314882278442e-02 1.599001511931419373e-02 -2.800529897212982178e-01 -1.634974330663681030e-01 2.500139549374580383e-02 -9.475093334913253784e-02 -3.970985710620880127e-01
8.669197559356689453e-02 2.567924559116363525e-02 6.926551461219787598e-02 -1.119574978947639465e-01 -5.143065750598907471e-02 -2.491273134946823120e-01 3.507490456104278564e-02 5.136068537831306458e-02 9.301267564296722412e-03 1.178803294897079468e-02 2.843945026397705078e-01 1.145466566085815430e-01 2.426680028438568115e-01 4.480232298374176025e-02 -3.397275879979133606e-02 -1.131764501333236694e-01 6.279571354389190674e-02 2.121328115463256836e-01 1.610600203275680542e-01 5.688949674367904663e-02 2.943011373281478882e-02 -1.834240555763244629e-02 7.538537681102752686e-02 2.168353497982025146e-01 -1.048243418335914612e-02 2.203362584114074707e-01 -1.059331968426704407e-01 -6.822504103183746338e-03 2.548413723707199097e-02 -1.157155781984329224e-01 -1.671890914440155029e-01 9.494056552648544312e-02
-2.869289554655551910e-02 -2.434448301792144775e-01 1.592696309089660645e-01 1.089778020977973938e-01 7.549950480461120605e-02 6.195677816867828369e-02 -3.974243998527526855e-03 -1.700712889432907104e-01 1.031135022640228271e-02 6.212709844112396240e-02 1.378186047077178955e-01 1.264670640230178833e-01 -2.003147155046463013e-01 8.324830234050750732e-02 1.692036092281341553e-01 1.669448316097259521e-01 5.621404200792312622e-02 4.728092998266220093e-02 -1.682158000767230988e-02 1.276123374700546265e-01 1.179413646459579468e-01 -3.163886964321136475e-01 -1.255040615797042847e-02 1.550792157649993896e-02 1.123121753334999084e-02 7.128728926181793213e-02 2.638397812843322754e-01 -1.394454836845397949e-01 -1.882216148078441620e-02 1.150899305939674377e-01 6.142022460699081421e-02 -8.862300217151641846e-02
-1.477577835321426392e-01 1.546568423509597778e-02 -2.889743745326995850e-01 3.597815334796905518e-02 -2.967272698879241943e-02 3.009850978851318359e-01 -1.210887264460325241e-02 -1.074880957603454590e-01 1.736297756433486938e-01 -1.134932041168212891e-03 -1.908306479454040527e-01 -1.996635496616363525e-01 -9.909145534038543701e-02 -6.045478582382202148e-02 -7.011542469263076782e-02 -2.265269309282302856e-02 -1.664943546056747437e-01 -4.352995455265045166e-01 -9.806023538112640381e-02 -3.533553779125213623e-01 -4.674496054649353027e-01 -2.393842302262783051e-02 -7.953856885433197021e-02 -3.699387907981872559e-01 6.394037604331970215e-02 -6.641866266727447510e-02 6.935237348079681396e-02 2.725602984428405762e-01 5.107158794999122620e-02 1.263555288314819336e-01 3.768341541290283203e-01 -1.168320626020431519e-01
1.944606602191925049e-01 -2.362026274204254150e-01 1.790567934513092041e-01 -1.059802435338497162e-02 -1.423675566911697388e-02 -8.639337867498397827e-02 4.052185267210006714e-02 -7.992152124643325806e-02 3.188790380954742432e-02 -4.417440295219421387e-02 1.624456346035003662e-01 3.721650689840316772e-02 3.745054453611373901e-02 1.033858507871627808e-01 2.088660746812820435e-02 1.148572266101837158e-01 8.452610671520233154e-02 1.875995248556137085e-01 5.788221955299377441e-03 6.512910872697830200e-02 1.142726838588714600e-01 -2.330390363931655884e-01 3.459926694631576538e-02 1.856459379196166992e-01 -9.750504791736602783e-02 4.844470322132110596e-02 5.166727304458618164e-02 -5.785506963729858398e-02 -6.370881199836730957e-02 -1.152556687593460083e-01 -1.769468486309051514e-01 -7.961548864841461182e-02
-1.197504438459873199e-02 -2.213326394557952881e-01 1.252703070640563965e-01 1.124478355050086975e-01 6.478353589773178101e-02 1.029072105884552002e-01 3.454164415597915649e-02 -1.544152647256851196e-01 3.035170584917068481e-02 3.065408766269683838e-02 2.192045748233795166e-02 5.164410173892974854e-02 -2.049927562475204468e-01 9.569120407104492188e-02 1.588161289691925049e-01 2.233480960130691528e-01 6.159258261322975159e-02 -1.874992065131664276e-02 -6.897195428609848022e-02 4.855030775070190430e-02 2.374608814716339111e-02 -3.178744614124298096e-01 -5.435518175363540649e-02 -3.413135930895805359e-02 8.765935897827148438e-03 -1.522488705813884735e-02 1.815008670091629028e-01 -8.831913769245147705e-02 -4.419852420687675476e-02 9.064625203609466553e-02 8.856094628572463989e-02 -1.484127938747406006e-01
6.347463279962539673e-02 -8.549135923385620117e-02 -3.305877000093460083e-02 -7.230082899332046509e-02 9.529823064804077148e-02 -8.932650089263916016e-02 -2.726564705371856689e-01 2.495041191577911377e-01 5.025640130043029785e-03 -1.965365707874298096e-01 2.194980084896087646e-01 1.522941887378692627e-01 7.816851884126663208e-02 1.523919850587844849e-01 1.518531739711761475e-01 9.127208590507507324e-02 -2.582668364048004150e-01 -4.807890206575393677e-02 -1.374064832925796509e-01 3.040516972541809082e-01 1.067430824041366577e-01 -7.211546599864959717e-02 -1.962406188249588013e-02 1.118868291378021240e-01 4.814919084310531616e-02 2.255825102329254150e-01 9.847927838563919067e-03 -8.971464633941650391e-02 -7.898198068141937256e-02 -2.065995782613754272e-01 -1.226687505841255188e-01 -3.510318323969841003e-02
1.926482319831848145e-01 -2.383655905723571777e-01 -3.007501363754272461e-03 -6.165268272161483765e-02 1.716901957988739014e-01 7.029022276401519775e-02 -2.691710889339447021e-01 2.128895521163940430e-01 -5.141976103186607361e-02 -3.351188302040100098e-01 -2.178860306739807129e-01 -2.934015914797782898e-02 -3.162384778261184692e-02 2.153324782848358154e-01 1.860713511705398560e-01 1.075368747115135193e-01 -3.358921110630035400e-01 -1.276512145996093750e-01 -4.798426628112792969e-01 5.900540947914123535e-02 -8.204948157072067261e-02 -5.318075791001319885e-02 9.336686879396438599e-02 7.213439047336578369e-02 -4.529003426432609558e-02 -2.164710760116577148e-01 9.869235754013061523e-02 -2.226511240005493164e-01 -1.665256172418594360e-01 -1.000519692897796631e-01 -2.488023340702056885e-01 -3.424250483512878418e-01
1.626119166612625122e-01 -1.179130002856254578e-02 1.191018521785736084e-01 -1.364162415266036987e-01 -3.305304795503616333e-02 -1.430592983961105347e-01 -7.065659016370773315e-02 1.726329624652862549e-01 3.014807403087615967e-02 -7.335086911916732788e-02 2.065421342849731445e-01 6.822939217090606689e-02 2.685480117797851562e-01 4.752572625875473022e-03 -2.599570527672767639e-02 -8.766683936119079590e-02 -6.543155014514923096e-02 1.802170723676681519e-01 9.708723425865173340e-02 1.174203976988792419e-01 7.141502201557159424e-02 4.665941745042800903e-02 1.109339296817779541e-01 2.300107926130294800e-01 -7.762411236763000488e-02 2.174011468887329102e-01 -6.332336366176605225e-02 1.073751598596572876e-02 4.078309983015060425e-03 -2.290280610322952271e-01 -2.443650662899017334e-01 1.070613563060760498e-01
-2.271983586251735687e-02 3.143752217292785645e-01 -1.854575872421264648e-01 -2.688005566596984863e-01 -1.135570928454399109e-01 -1.559754014015197754e-01 7.713463157415390015e-02 9.517154097557067871e-02 -1.134870797395706177e-01 -7.395298033952713013e-02 -4.442881792783737183e-02 1.517326831817626953e-01 1.599580645561218262e-01 1.029510945081710815e-01 -4.609901085495948792e-02 -2.089176923036575317e-01 -2.729014158248901367e-01 -5.810137838125228882e-03 1.432739347219467163e-01 5.267756059765815735e-03 -2.626849412918090820e-01 1.990569233894348145e-01 -2.568932622671127319e-02 -5.870129540562629700e-02 1.910198330879211426e-01 1.771109998226165771e-01 -1.142931059002876282e-01 1.294264346361160278e-01 1.256090849637985229e-01 -5.089680850505828857e-02 9.334113448858261108e-02 3.714875280857086182e-01
-9.232236072421073914e-03 -3.086252510547637939e-01 1.567969322204589844e-01 -2.292553335428237915e-01 -4.947090893983840942e-02 -2.592752575874328613e-01 -8.779487758874893188e-02 -1.844086311757564545e-02 -2.479039579629898071e-01 8.234456181526184082e-03 1.304058581590652466e-01 1.943918764591217041e-01 1.553170680999755859e-01 9.837511926889419556e-02 1.539255678653717041e-02 -1.956201642751693726e-01 -1.383149623870849609e-01 -2.758733183145523071e-02 1.879075616598129272e-01 -1.019422560930252075e-01 2.024206519126892090e-01 1.432365030050277710e-01 2.992199659347534180e-01 1.736551523208618164e-01 -1.127702444791793823e-01 -1.251890361309051514e-01 3.395722806453704834e-01 -2.775148749351501465e-01 1.071470826864242554e-01 -8.724540472030639648e-02 -2.807300686836242676e-01 -3.993947431445121765e-02
2.161534503102302551e-02 -3.352972269058227539e-01 -1.122859120368957520e-02 7.967218756675720215e-03 1.142482161521911621e-01 -3.952866047620773315e-02 -2.032548338174819946e-01 2.571551129221916199e-02 -8.960231393575668335e-02 -1.117176264524459839e-01 -8.187192678451538086e-02 1.236137747764587402e-02 5.837187916040420532e-02 3.711093217134475708e-02 1.586846113204956055e-01 2.456581965088844299e-02 -8.575947582721710205e-02 -7.073746621608734131e-02 -2.762589156627655029e-01 2.147502824664115906e-02 7.346193492412567139e-02 4.196705669164657593e-02 8.882141858339309692e-02 1.134260743856430054e-01 -8.229087293148040771e-02 -1.555144786834716797e-01 1.289538294076919556e-01 -2.761600017547607422e-01 -1.055290549993515015e-01 -8.940538763999938965e-02 -2.726754248142242432e-01 -2.791169583797454834e-01
3.522029891610145569e-02 -1.252840608358383179e-01 1.205489858984947205e-01 -6.672001630067825317e-02 -5.307054519653320312e-02 -1.685691177845001221e-01 -1.275230012834072113e-02 -1.073516085743904114e-01 5.143158137798309326e-03 5.732691287994384766e-02 1.885320991277694702e-01 1.231969594955444336e-01 1.178674027323722839e-01 -4.053395986557006836e-02 -2.559874393045902252e-02 1.018470898270606995e-01 1.211861297488212585e-01 1.871058195829391479e-01 1.432404220104217529e-01 3.810156136751174927e-02 7.138444483280181885e-02 -1.863100677728652954e-01 1.084938645362854004e-03 2.135050892829895020e-01 3.956485539674758911e-02 1.125755384564399719e-01 -7.577687501907348633e-04 -3.194335103034973145e-02 6.658844649791717529e-02 -4.902921617031097412e-03 -1.247489452362060547e-01 -4.240773990750312805e-02
-2.737494744360446930e-02 2.042551711201667786e-02 1.119505986571311951e-01 -7.960528135299682617e-02 -5.077663809061050415e-02 -1.784531772136688232e-01 6.861837953329086304e-02 -1.214022636413574219e-01 -7.735721021890640259e-02 1.081450432538986206e-01 7.075210660696029663e-02 5.858862400054931641e-02 1.119436398148536682e-01 -3.957999497652053833e-02 -1.084657311439514160e-01 2.761760540306568146e-02 1.105948090553283691e-01 1.842861622571945190e-01 1.623717099428176880e-01 -9.739617258310317993e-02 -1.367446780204772949e-02 -1.201814413070678711e-01 -5.557377636432647705e-02 1.673891991376876831e-01 6.146706268191337585e-02 3.748595714569091797e-02 -4.771504178643226624e-02 -3.640812635421752930e-02 6.621496379375457764e-02 -6.119720637798309326e-03 -1.503178477287292480e-01 -7.761240936815738678e-03
