-7.164929062128067017e-02 2.285417020320892334e-01 6.127258762717247009e-03 -2.643764317035675049e-01 -3.655000030994415283e-02 -3.534094393253326416e-01 4.548851400613784790e-02 1.178577542304992676e-01 1.066103577613830566e-03 9.480351209640502930e-02 1.133806630969047546e-01 2.571140229701995850e-01 4.560798108577728271e-01 -1.195333823561668396e-01 -1.699404716491699219e-01 -2.307228893041610718e-01 -5.839130282402038574e-02 2.536318004131317139e-01 2.732814550399780273e-01 8.959723636507987976e-03 2.131196111440658569e-02 2.788115739822387695e-01 7.682820409536361694e-02 1.916677653789520264e-01 1.034903079271316528e-01 2.660118341445922852e-01 -2.628605961799621582e-01 9.783453494310379028e-02 1.464027464389801025e-01 -2.448114752769470215e-02 -1.152349561452865601e-01 2.702918648719787598e-01
-9.237285703420639038e-02 4.861664026975631714e-02 -1.042479649186134338e-01 -2.274355851113796234e-02 -1.002551540732383728e-01 1.436094194650650024e-01 9.985864162445068359e-03 -1.199941933155059814e-01 8.913812041282653809e-02 4.768721759319305420e-02 -1.761981844902038574e-01 -1.128961816430091858e-01 -3.495619073510169983e-02 -4.815920442342758179e-02 -8.355435729026794434e-02 1.053064987063407898e-01 -1.008601635694503784e-01 -2.654702067375183105e-01 -5.764550715684890747e-02 -3.138000667095184326e-01 -3.828172385692596436e-01 -8.806767314672470093e-02 -9.920990467071533203e-02 -2.029695063829421997e-01 8.938838541507720947e-02 -5.186423659324645996e-02 -1.380767673254013062e-02 1.408926099538803101e-01 9.368011355400085449e-02 9.161647409200668335e-02 1.858533918857574463e-01 -1.289772242307662964e-01
2.905750088393688202e-02 -1.575233042240142822e-01 6.674950942397117615e-03 1.003643684089183807e-02 -4.655268043279647827e-02 -4.608230665326118469e-02 -8.007121831178665161e-02 -6.599938869476318359e-02 4.414916038513183594e-02 6.421108543872833252e-02 -9.196817874908447266e-03 -4.036181047558784485e-02 3.596376627683639526e-02 -3.956157714128494263e-03 -8.655093610286712646e-03 -6.265055388212203979e-02 7.641915231943130493e-02 -2.872434072196483612e-02 -9.483495354652404785e-02 -7.323521375656127930e-02 -1.022132486104965210e-02 2.626656740903854370e-02 5.536543950438499451e-02 3.165585920214653015e-02 -1.802933216094970703e-02 -7.937639951705932617e-02 1.319219172000885010e-02 -1.300923973321914673e-01 -6.221707537770271301e-02 -7.438962161540985107e-02 -1.114925891160964966e-01 -1.855967193841934204e-01
7.891356199979782104e-02 -4.158676862716674805e-01 1.294828355312347412e-01 -2.540692687034606934e-01 -6.278008222579956055e-04 -2.437734901905059814e-01 -1.808033138513565063e-01 5.668051913380622864e-02 -3.361050486564636230e-01 -1.827518790960311890e-01 7.360070943832397461e-03 2.956875860691070557e-01 1.575284898281097412e-01 1.168326064944267273e-01 1.153404563665390015e-01 -1.100026518106460571e-01 -3.192434012889862061e-01 -7.356467097997665405e-02 7.087711244821548462e-02 -4.841918498277664185e-02 2.042041718959808350e-01 1.809879541397094727e-01 4.132238626480102539e-01 2.564974129199981689e-01 -1.566912084817886353e-01 -2.305416464805603027e-01 3.747486174106597900e-01 -3.527714312076568604e-01 7.510527968406677246e-02 -1.047615706920623779e-01 -3.833838999271392822e-01 -1.014702469110488892e-01
7.210870087146759033e-02 8.011413365602493286e-02 1.506543904542922974e-01 -1.509170383214950562e-01 -1.083066835999488831e-01 -2.767364978790283203e-01 1.075893826782703400e-02 1.746476069092750549e-02 -2.028950676321983337e-02 4.607628285884857178e-02 9.795486927032470703e-02 7.688342034816741943e-02 3.100979030132293701e-01 -7.033282518386840820e-02 -1.641686111688613892e-01 -5.101788043975830078e-02 9.259210526943206787e-02 2.621736228466033936e-01 1.799567192792892456e-01 -8.969233185052871704e-02 -5.945532768964767456e-02 4.608190059661865234e-02 4.750418290495872498e-02 2.163314372301101685e-01 6.101873144507408142e-02 1.057941988110542297e-01 -2.069385945796966553e-01 5.358999595046043396e-03 1.040551364421844482e-01 3.282696008682250977e-03 -2.104861438274383545e-01 8.672410994768142700e-02
-9.214274585247039795e-02 -2.117442786693572998e-01 -1.059577986598014832e-01 1.920166164636611938e-01 1.310445368289947510e-01 1.204190403223037720e-02 -2.038651108741760254e-01 -2.625582925975322723e-02 -4.842823371291160583e-02 -5.876672640442848206e-02 -2.288332581520080566e-02 -1.485393047332763672e-01 -9.945236891508102417e-02 -1.426430046558380127e-02 1.618202179670333862e-01 -4.835101217031478882e-02 3.786531090736389160e-02 -6.933858990669250488e-02 -3.351626992225646973e-01 9.699907898902893066e-02 3.736113756895065308e-02 -2.023968100547790527e-01 -1.137660443782806396e-01 -8.396301418542861938e-03 -4.586680606007575989e-02 -4.650483652949333191e-02 9.687110781669616699e-02 -2.891333401203155518e-01 -1.018064618110656738e-01 3.232193365693092346e-02 -8.112023770809173584e-02 -3.408911824226379395e-01
-9.191337227821350098e-02 -2.396854460239410400e-01 1.493885219097137451e-01 -9.174634516239166260e-02 -2.310588955879211426e-03 -1.857746392488479614e-01 -6.931111961603164673e-02 -6.349140405654907227e-02 -1.308248639106750488e-01 1.021834015846252441e-01 2.112318277359008789e-01 1.230951845645904541e-01 1.754021048545837402e-01 1.246652528643608093e-01 9.686768054962158203e-03 -9.549127519130706787e-02 -7.643714547157287598e-03 2.151247113943099976e-03 1.637878715991973877e-01 -9.235173463821411133e-02 1.482238322496414185e-01 7.593044638633728027e-02 1.206377297639846802e-01 1.376756727695465088e-01 -7.527548074722290039e-02 -1.067963466048240662e-01 1.970050483942031860e-01 -2.078867405652999878e-01 5.623028054833412170e-02 -2.592913061380386353e-02 -2.003252804279327393e-01 -9.222643822431564331e-02
-2.390415407717227936e-02 1.850056350231170654e-01 5.271266400814056396e-02 -1.697238981723785400e-01 -2.475092411041259766e-01 -2.469033002853393555e-01 6.475953757762908936e-02 -7.122817635536193848e-02 -1.145582944154739380e-01 8.513018488883972168e-02 -1.258676946163177490e-01 -2.897647023200988770e-02 3.364023864269256592e-01 -9.702109545469284058e-02 -3.032597005367279053e-01 -1.666130572557449341e-01 -1.110148429870605469e-02 1.735719889402389526e-01 1.987059563398361206e-01 -3.249873816967010498e-01 -5.196231603622436523e-02 1.308257728815078735e-01 -2.913823723793029785e-02 1.465056091547012329e-01 -3.441023826599121094e-02 1.493995264172554016e-02 -1.471120715141296387e-01 1.278129816055297852e-01 1.835676729679107666e-01 -2.195328474044799805e-02 -2.541857659816741943e-01 1.262093782424926758e-01
-4.789410531520843506e-02 6.755093485116958618e-02 -1.566830277442932129e-01 1.432087868452072144e-01 1.088753342628479004e-04 2.728032320737838745e-02 -8.044830709695816040e-02 -1.381442248821258545e-01 4.034063965082168579e-02 9.487658739089965820e-02 3.052223473787307739e-02 -8.999977260828018188e-02 -1.636392623186111450e-01 4.122726619243621826e-02 -2.771252393722534180e-02 -6.416884064674377441e-02 8.371465653181076050e-02 1.164432615041732788e-02 -2.018024921417236328e-01 -2.882448025047779083e-02 -1.458603739738464355e-01 -2.409208267927169800e-01 -2.494048327207565308e-01 -1.936727389693260193e-02 2.784392423927783966e-02 6.669075787067413330e-02 -3.992379084229469299e-02 -4.979027807712554932e-02 -3.260357677936553955e-02 1.280112266540527344e-01 1.115349158644676208e-01 -2.140382379293441772e-01
8.347940444946289062e-02 1.835030019283294678e-01 -3.782492876052856445e-02 -3.197750449180603027e-02 -3.830125182867050171e-02 1.384898275136947632e-02 1.413045227527618408e-01 -2.599998414516448975e-01 1.116487532854080200e-01 7.558897137641906738e-02 -1.303338557481765747e-01 -7.809184491634368896e-02 8.049320429563522339e-02 -7.331777364015579224e-03 -2.369286566972732544e-01 -4.730127006769180298e-02 2.518766522407531738e-01 8.928811550140380859e-02 1.999909132719039917e-01 -2.690125405788421631e-01 -1.504873633384704590e-01 9.711776673793792725e-02 6.003945693373680115e-02 -3.871610015630722046e-02 8.723519742488861084e-02 -1.685522794723510742e-01 -1.471531242132186890e-01 1.536909043788909912e-01 1.346922665834426880e-02 1.663396954536437988e-01 1.503895223140716553e-01 1.017938554286956787e-01
2.155819386243820190e-01 -8.230045437812805176e-02 2.230947315692901611e-01 -1.605427414178848267e-01 3.141250833868980408e-02 -8.041041344404220581e-02 -1.369339823722839355e-01 2.678831517696380615e-01 -2.946741878986358643e-03 -1.645713746547698975e-01 -1.706629991531372070e-04 6.072133779525756836e-02 3.411375880241394043e-01 6.646212935447692871e-02 -2.037791721522808075e-02 1.023755967617034912e-01 -4.892115294933319092e-02 1.344161331653594971e-01 -4.114970564842224121e-02 1.078384649008512497e-02 -1.805786043405532837e-02 1.730344444513320923e-01 1.132361888885498047e-01 1.603590250015258789e-01 7.579512894153594971e-02 5.812410265207290649e-03 -2.680518031120300293e-01 -1.466088928282260895e-02 -3.240632265806198120e-02 -1.857565194368362427e-01 -3.019448518753051758e-01 2.864631265401840210e-02
-3.502719104290008545e-02 9.225460141897201538e-02 -1.081812158226966858e-01 -1.323449015617370605e-01 -1.533858776092529297e-01 3.860597312450408936e-02 1.068448275327682495e-02 -1.002232730388641357e-01 -1.575905084609985352e-02 5.343110859394073486e-02 -2.626756429672241211e-01 -2.338898479938507080e-01 1.177471801638603210e-01 -9.668555110692977905e-02 -2.625708580017089844e-01 8.723306655883789062e-02 -7.533593475818634033e-02 -2.025233805179595947e-01 -8.396065235137939453e-02 -4.534717798233032227e-01 -3.855872750282287598e-01 5.489185452461242676e-02 -7.386490702629089355e-02 -1.465632617473602295e-01 1.044947504997253418e-01 -1.112015619874000549e-01 -1.651662290096282959e-01 1.645797193050384521e-01 1.475979238748550415e-01 5.722478032112121582e-03 6.438507139682769775e-02 -1.017590016126632690e-01
-1.900886557996273041e-02 1.377786695957183838e-01 1.246909201145172119e-01 -1.597343981266021729e-01 -1.233827695250511169e-01 -2.434398531913757324e-01 1.218509487807750702e-02 1.918921992182731628e-02 -1.012183353304862976e-01 9.506376087665557861e-02 -7.448081672191619873e-02 1.484385132789611816e-02 3.906140029430389404e-01 -1.053332760930061340e-01 -2.840498387813568115e-01 -5.825675278902053833e-02 1.032632440328598022e-01 2.085520923137664795e-01 1.810663640499114990e-01 -2.895165085792541504e-01 -1.199356615543365479e-01 1.717733293771743774e-01 -3.980907797813415527e-02 1.955412328243255615e-01 9.452453255653381348e-02 -4.795141518115997314e-02 -2.891735434532165527e-01 3.554067015647888184e-02 1.499829590320587158e-01 1.807440817356109619e-02 -2.510557770729064941e-01 1.400222033262252808e-01
1.363326460123062134e-01 9.360959380865097046e-02 9.176751971244812012e-02 -1.917296946048736572e-01 -1.200337037444114685e-01 -2.897334098815917969e-01 1.029569804668426514e-01 1.004606634378433228e-01 -4.191154614090919495e-02 5.025091767311096191e-02 3.184682503342628479e-02 1.420789659023284912e-01 4.583084285259246826e-01 -9.970769286155700684e-03 -1.713686436414718628e-01 -1.664611399173736572e-01 -5.561874806880950928e-02 2.354810535907745361e-01 2.043867856264114380e-01 -1.249385103583335876e-01 -4.747027158737182617e-02 3.162199556827545166e-01 1.186270564794540405e-01 1.180407255887985229e-01 -2.574847266077995300e-02 8.729611337184906006e-02 -2.572949528694152832e-01 8.307053148746490479e-02 1.530715376138687134e-01 -8.368957042694091797e-02 -2.441581189632415771e-01 2.380680143833160400e-01
-4.485487192869186401e-02 -1.890236139297485352e-01 1.232941597700119019e-01 6.886310130357742310e-02 4.754255712032318115e-02 6.081756949424743652e-02 3.621906787157058716e-02 -1.536520272493362427e-01 3.166939318180084229e-02 6.437310576438903809e-02 -1.117791980504989624e-02 5.896204710006713867e-02 -1.586962342262268066e-01 8.784222602844238281e-02 1.087962239980697632e-01 2.490121573209762573e-01 5.687744170427322388e-02 -2.333179675042629242e-02 -7.570557296276092529e-02 1.605958864092826843e-02 -4.172866791486740112e-02 -3.011856973171234131e-01 -9.034378826618194580e-02 -4.270837455987930298e-02 8.248241990804672241e-02 -4.972210153937339783e-02 1.323259025812149048e-01 -7.477109134197235107e-02 3.067042678594589233e-03 6.410434842109680176e-02 8.013778179883956909e-02 -1.735913008451461792e-01
1.916909366846084595e-01 -1.214589476585388184e-01 1.424568891525268555e-01 -9.526989609003067017e-02 -1.098836213350296021e-02 -1.307250261306762695e-01 -7.757134735584259033e-02 6.504786014556884766e-02 6.774111092090606689e-02 -7.207370549440383911e-02 2.744764089584350586e-01 8.896447718143463135e-02 1.355311572551727295e-01 1.088172197341918945e-03 3.155228123068809509e-02 -2.242711186408996582e-02 5.424924194812774658e-03 2.191210687160491943e-01 6.363500654697418213e-02 1.572997868061065674e-01 1.357986032962799072e-01 -1.170562952756881714e-01 1.124290898442268372e-01 2.332079261541366577e-01 -1.004948019981384277e-01 1.688765585422515869e-01 5.290754139423370361e-02 -4.042141139507293701e-03 -3.602088615298271179e-02 -1.671257019042968750e-01 -2.049266993999481201e-01 -1.197432167828083038e-03
-1.990772783756256104e-03 1.316553652286529541e-01 1.023789793252944946e-01 -1.226295977830886841e-01 -1.566580533981323242e-01 -2.865248322486877441e-01 4.595670849084854126e-02 -7.376478612422943115e-02 -7.901474088430404663e-02 6.625676155090332031e-02 1.441495865583419800e-02 4.167759418487548828e-02 3.014690577983856201e-01 -9.078971296548843384e-02 -2.341367602348327637e-01 -1.087700724601745605e-01 8.217312395572662354e-02 2.280980050563812256e-01 2.191318124532699585e-01 -2.368643879890441895e-01 -8.414644002914428711e-02 5.815936625003814697e-02 -2.692476660013198853e-02 2.031092494726181030e-01 3.455543518066406250e-02 7.323985546827316284e-02 -1.287013292312622070e-01 3.275400400161743164e-02 1.614913344383239746e-01 1.729036867618560791e-02 -2.095593512058258057e-01 7.080174237489700317e-02
-1.563302613794803619e-02 1.043422147631645203e-01 -5.112873762845993042e-02 -1.261300742626190186e-01 1.730621606111526489e-02 -2.317668348550796509e-01 -7.272076606750488281e-02 1.795404851436614990e-01 2.200108021497726440e-02 8.435413241386413574e-03 2.663126587867736816e-01 1.924920380115509033e-01 2.783819735050201416e-01 -7.925503700971603394e-02 -1.077544689178466797e-02 -1.893345266580581665e-01 -9.657868742942810059e-02 1.120390444993972778e-01 2.444094866514205933e-01 1.569495797157287598e-01 1.015513688325881958e-01 7.334318757057189941e-02 5.093798041343688965e-03 2.679630815982818604e-01 5.388701334595680237e-03 3.437181711196899414e-01 -1.123686507344245911e-01 2.601174265146255493e-02 3.675195202231407166e-02 -1.708623617887496948e-01 -1.161658018827438354e-01 1.506010144948959351e-01
-4.927759617567062378e-02 2.054761946201324463e-01 -2.298885285854339600e-01 -1.460598260164260864e-01 -1.838636994361877441e-01 -5.488558113574981689e-02 1.179815009236335754e-01 -1.891548335552215576e-01 -9.113487601280212402e-02 8.079186081886291504e-02 -2.206709682941436768e-01 -2.837226390838623047e-01 1.489380002021789551e-01 -2.933845669031143188e-02 -3.382168710231781006e-01 -1.557411551475524902e-01 -1.186845302581787109e-01 -1.604354828596115112e-01 1.194318756461143494e-02 -5.040571689605712891e-01 -3.086817264556884766e-01 1.657868027687072754e-01 -8.061711490154266357e-02 -2.009594142436981201e-01 -1.430616155266761780e-02 -7.044368237257003784e-02 -8.502041548490524292e-02 2.077607512474060059e-01 1.407136619091033936e-01 -3.693979978561401367e-02 2.414044737815856934e-02 3.490303829312324524e-02
7.939273118972778320e-02 6.587155163288116455e-02 -1.326169818639755249e-03 -2.492555975914001465e-02 -6.382923573255538940e-02 2.463057637214660645e-02 1.057314872741699219e-01 -1.899606436491012573e-01 1.265124678611755371e-01 1.237673759460449219e-01 -1.025187224149703979e-01 -1.078435927629470825e-01 1.323070824146270752e-01 -6.184407323598861694e-02 -1.804323494434356689e-01 -5.871409922838211060e-02 2.384491562843322754e-01 7.655922323465347290e-02 1.167878955602645874e-01 -2.256747931241989136e-01 -7.182274758815765381e-02 1.128918081521987915e-01 4.805712401866912842e-02 1.106640696525573730e-02 1.994438096880912781e-02 -1.360667198896408081e-01 -1.816073209047317505e-01 1.161448210477828979e-01 -7.080264389514923096e-03 5.167966336011886597e-02 3.079976141452789307e-02 5.066760629415512085e-02
1.149862818419933319e-02 7.828208804130554199e-02 1.264100372791290283e-01 -1.356354802846908569e-01 -1.443236470222473145e-01 -1.380925029516220093e-01 6.961040198802947998e-02 -9.398312866687774658e-02 -8.883399516344070435e-02 9.714911878108978271e-02 -1.474267691373825073e-01 -9.408425539731979370e-02 1.220736876130104065e-01 -5.118545144796371460e-02 -2.132470905780792236e-01 1.267407983541488647e-01 3.024231269955635071e-02 3.841671347618103027e-02 4.845155775547027588e-02 -3.200346827507019043e-01 -1.632970571517944336e-01 -4.164898768067359924e-02 -7.677796483039855957e-02 6.916837394237518311e-02 8.709257841110229492e-02 -8.314484357833862305e-02 -1.161172091960906982e-01 -1.624258421361446381e-02 1.503044962882995605e-01 -3.279450535774230957e-02 -1.794365942478179932e-01 -3.867162019014358521e-02
-1.201790422201156616e-01 -9.753428399562835693e-03 -2.936234772205352783e-01 2.557070739567279816e-02 -6.805805116891860962e-02 3.097944259643554688e-01 5.496373027563095093e-02 -1.487891972064971924e-01 1.306894421577453613e-01 9.523093700408935547e-03 -1.493136584758758545e-01 -1.782040297985076904e-01 -1.599316000938415527e-01 -2.022258937358856201e-03 -6.365966051816940308e-02 -8.093006908893585205e-02 -1.401882916688919067e-01 -3.787729442119598389e-01 -5.108727887272834778e-02 -2.824591398239135742e-01 -3.079491257667541504e-01 -5.154356360435485840e-02 -4.116641730070114136e-02 -3.346787393093109131e-01 -1.748427748680114746e-02 8.472040295600891113e-03 1.402303874492645264e-01 2.138263583183288574e-01 2.213772386312484741e-03 2.921038866043090820e-02 3.325198292732238770e-01 -2.232323959469795227e-02
-1.198418885469436646e-01 3.309574425220489502e-01 -1.021474376320838928e-01 -2.015303075313568115e-01 -3.190993666648864746e-01 -2.583158314228057861e-01 2.893292717635631561e-02 -1.738842427730560303e-01 -2.281392216682434082e-01 1.555212587118148804e-01 -3.177739679813385010e-01 -2.279007136821746826e-01 3.484863638877868652e-01 -1.283722817897796631e-01 -4.610201716423034668e-01 -1.821149587631225586e-01 -8.020135760307312012e-02 8.187413215637207031e-03 9.119623899459838867e-02 -5.831096172332763672e-01 -2.023645043373107910e-01 2.949094474315643311e-01 -5.288805067539215088e-02 -8.023633062839508057e-02 4.616264626383781433e-02 -1.010288968682289124e-01 -2.084296047687530518e-01 1.841832548379898071e-01 3.182797133922576904e-01 2.158786356449127197e-02 -1.582374870777130127e-01 9.850754588842391968e-02
4.641607776284217834e-02 6.913913786411285400e-02 5.540822818875312805e-02 -1.468289941549301147e-01 -2.170776426792144775e-01 -1.413155496120452881e-01 8.248358964920043945e-03 -8.071099221706390381e-02 -1.666510999202728271e-01 9.906902909278869629e-03 -2.640570104122161865e-01 -2.042524069547653198e-01 2.705842852592468262e-01 -3.771193325519561768e-02 -3.665642440319061279e-01 1.029832139611244202e-01 -5.284756422042846680e-03 -2.486598677933216095e-02 -1.370602250099182129e-01 -4.674881696701049805e-01 -2.388770282268524170e-01 1.712298095226287842e-01 -7.238030433654785156e-02 -2.797785401344299316e-02 5.277203395962715149e-02 -1.514632701873779297e-01 -2.948306202888488770e-01 1.337125301361083984e-01 1.791389584541320801e-01 -4.312699288129806519e-02 -2.081706821918487549e-01 -9.186453185975551605e-03
1.679150313138961792e-01 -2.305722795426845551e-02 1.526717543601989746e-01 -6.569392234086990356e-02 -1.709712147712707520e-01 -1.674471497535705566e-01 1.168931350111961365e-01 -4.117069765925407410e-02 -6.376741081476211548e-02 1.616877317428588867e-02 5.330162122845649719e-02 -4.492213204503059387e-02 1.382029652595520020e-01 2.093296125531196594e-02 -1.286358833312988281e-01 -7.702499628067016602e-02 5.530415847897529602e-02 1.909025758504867554e-01 1.617421954870223999e-01 -1.310586780309677124e-01 1.040323525667190552e-01 -3.415482863783836365e-02 4.872985184192657471e-02 2.175684571266174316e-01 -1.895190030336380005e-01 9.167601913213729858e-02 2.459777146577835083e-02 3.037499822676181793e-02 3.802001103758811951e-02 -1.122980564832687378e-01 -2.711452841758728027e-01 1.078153997659683228e-01
2.025629021227359772e-02 -1.206334531307220459e-01 -6.657104939222335815e-02 8.226479589939117432e-02 -1.086729988455772400e-01 1.782498657703399658e-01 4.749532043933868408e-02 -1.157948225736618042e-01 1.099216341972351074e-01 -3.525452688336372375e-02 -1.395665705204010010e-01 -1.307613402605056763e-01 -1.569959819316864014e-01 5.590544268488883972e-02 -2.550384029746055603e-03 8.531417697668075562e-02 -6.232891976833343506e-02 -2.082479447126388550e-01 -7.355122268199920654e-02 -1.600501835346221924e-01 -1.570286601781845093e-01 -1.661612987518310547e-01 -4.990524053573608398e-02 -1.375464498996734619e-01 -3.886041417717933655e-02 -3.444745764136314392e-02 1.359279900789260864e-01 1.006055697798728943e-01 -4.780337214469909668e-03 -5.660970509052276611e-02 1.356957852840423584e-01 -5.721356347203254700e-02
6.698845326900482178e-02 1.818028837442398071e-02 -9.993896633386611938e-02 7.353559136390686035e-02 -1.977688074111938477e-02 7.374776899814605713e-02 -2.313097566366195679e-02 -1.450269669294357300e-01 1.164575368165969849e-01 7.745487987995147705e-02 -9.227800369262695312e-02 -1.047327965497970581e-01 -3.620225936174392700e-02 -4.072803258895874023e-02 -7.988810539245605469e-02 -2.822899818420410156e-02 1.392836272716522217e-01 1.303797960281372070e-02 -1.469274163246154785e-01 -1.294005215167999268e-01 -1.255112886428833008e-01 -8.645187318325042725e-02 -9.404484927654266357e-02 -1.832867041230201721e-03 5.820917338132858276e-02 -8.496201038360595703e-02 -9.742880612611770630e-02 -2.212135680019855499e-02 -5.338232219219207764e-02 4.012799263000488281e-02 2.598246186971664429e-02 -1.760654598474502563e-01
1.631498038768768311e-01 -1.542362943291664124e-02 -1.005829498171806335e-01 2.841246314346790314e-02 -4.740656167268753052e-02 9.245134890079498291e-02 -1.090439930558204651e-01 -4.841002449393272400e-02 6.927949190139770508e-02 -6.895881891250610352e-02 -2.392864525318145752e-01 -6.943717598915100098e-02 -4.634005576372146606e-02 -1.835954934358596802e-02 -1.984434947371482849e-02 -6.243534386157989502e-03 -2.007675170898437500e-02 -2.768606506288051605e-02 -2.367990463972091675e-01 -1.418995857238769531e-01 -1.359468698501586914e-01 4.111863672733306885e-03 1.680804416537284851e-02 5.569113418459892273e-02 4.241243377327919006e-02 -1.667782962322235107e-01 -7.639981806278228760e-02 -9.481477737426757812e-02 -9.961540997028350830e-02 -1.690867543220520020e-02 -1.016074120998382568e-01 -2.218067198991775513e-01
5.400986224412918091e-02 -1.337462812662124634e-01 1.416547894477844238e-01 -2.093085497617721558e-01 -6.116773933172225952e-02 -1.389170885086059570e-01 9.019801020622253418e-02 -8.010812848806381226e-02 -7.930921018123626709e-02 3.965444862842559814e-02 1.311100646853446960e-02 4.919663071632385254e-02 1.660424470901489258e-01 8.677737414836883545e-02 -1.380498707294464111e-01 -1.757966428995132446e-01 2.782844007015228271e-02 5.724187940359115601e-03 2.809518575668334961e-01 -2.272961437702178955e-01 1.262545436620712280e-01 2.279596924781799316e-01 3.051441609859466553e-01 7.892780005931854248e-02 -5.903305485844612122e-02 -1.631989777088165283e-01 6.605750322341918945e-02 -3.169492632150650024e-02 -2.585131488740444183e-02 -4.582788050174713135e-02 -1.104005947709083557e-01 8.008171617984771729e-02
1.151580065488815308e-01 -1.500679552555084229e-01 -1.095677092671394348e-01 4.100005328655242920e-02 2.990620210766792297e-02 4.943810403347015381e-02 -1.947190016508102417e-01 -2.345383539795875549e-02 1.592176407575607300e-02 -1.440459787845611572e-01 -2.053733468055725098e-01 -8.684684336185455322e-02 -8.785713464021682739e-02 -3.379545360803604126e-02 6.184999644756317139e-02 -9.712763130664825439e-03 -7.162073254585266113e-02 -6.164728850126266479e-02 -3.191196918487548828e-01 -2.994939498603343964e-02 -1.944268867373466492e-02 -6.525051593780517578e-02 1.638206467032432556e-02 4.542871937155723572e-02 -1.715764403343200684e-02 -1.056334227323532104e-01 2.133295312523841858e-02 -1.983488798141479492e-01 -1.190862506628036499e-01 -6.651754677295684814e-02 -1.277150213718414307e-01 -2.995487749576568604e-01
7.618916034698486328e-02 1.247966364026069641e-01 -6.927184760570526123e-02 -1.889442354440689087e-01 -6.343676894903182983e-02 -2.217973470687866211e-01 -1.354075782001018524e-02 1.836305260658264160e-01 -2.718766406178474426e-02 -7.231892645359039307e-02 1.004269197583198547e-01 1.558901816606521606e-01 3.547712564468383789e-01 5.743668600916862488e-02 -5.650095269083976746e-02 -1.605770289897918701e-01 -1.297079175710678101e-01 1.093360483646392822e-01 6.309334933757781982e-02 5.556503683328628540e-02 -9.539857506752014160e-02 3.043432533740997314e-01 1.195593103766441345e-01 3.535607829689979553e-02 8.301413804292678833e-02 1.587123870849609375e-01 -1.981073766946792603e-01 7.389324903488159180e-02 1.055214256048202515e-01 -1.032622456550598145e-01 -1.166238337755203247e-01 2.520069181919097900e-01
4.960514008998870850e-01 -5.679653286933898926e-01 4.425107240676879883e-01 -3.694935888051986694e-02 1.704405546188354492e-01 1.574788242578506470e-02 -5.220875740051269531e-01 3.566367626190185547e-01 -2.648239433765411377e-01 -6.520764827728271484e-01 -8.907924592494964600e-02 2.704301476478576660e-01 1.368830502033233643e-01 4.486998915672302246e-01 3.819927871227264404e-01 4.881386160850524902e-01 -5.553355813026428223e-01 -9.277120232582092285e-02 -6.019227504730224609e-01 3.184511363506317139e-01 -8.228130638599395752e-03 6.993058323860168457e-02 2.585312128067016602e-01 1.044784784317016602e-01 -1.889217048883438110e-01 -4.008115828037261963e-01 3.785549998283386230e-01 -3.560999631881713867e-01 -1.280359923839569092e-01 5.307461693882942200e-02 -4.908726215362548828e-01 -3.900213539600372314e-01
6.456859409809112549e-05 -7.941849529743194580e-02 -1.314223110675811768e-01 8.176521956920623779e-02 -3.784677386283874512e-02 3.982279449701309204e-02 -1.747059375047683716e-01 -1.353630274534225464e-01 2.362497895956039429e-02 -5.712911486625671387e-03 -1.294087320566177368e-01 -1.130888909101486206e-01 -1.637816131114959717e-01 -5.897194147109985352e-02 -4.056531563401222229e-02 -1.148708909749984741e-01 -4.156397283077239990e-02 -2.218686789274215698e-02 -2.673816680908203125e-01 -1.062098443508148193e-01 -8.797394484281539917e-02 -1.972031146287918091e-01 -1.276099681854248047e-01 3.285352140665054321e-02 -4.044483974575996399e-02 -4.452934488654136658e-03 4.476645588874816895e-02 -1.660763770341873169e-01 -4.104929417371749878e-02 1.493561640381813049e-02 -9.527537971735000610e-03 -2.811650931835174561e-01
5.355756729841232300e-03 -6.384351104497909546e-02 -1.877705752849578857e-01 -2.209926992654800415e-01 -2.440504729747772217e-03 -7.105367630720138550e-02 -7.341597974300384521e-02 -1.643760874867439270e-02 -5.120232701301574707e-03 -1.965117156505584717e-01 1.301781088113784790e-01 3.438183665275573730e-02 -3.194210231304168701e-01 1.055810824036598206e-01 -8.443465828895568848e-02 -2.879300117492675781e-01 -3.157136738300323486e-01 -2.148071974515914917e-01 -1.677426099777221680e-01 1.088006496429443359e-01 2.205267548561096191e-03 -2.072189450263977051e-01 -5.427782237529754639e-02 1.297889277338981628e-02 -1.171968728303909302e-01 3.818153440952301025e-01 3.515857756137847900e-01 -7.062936201691627502e-04 2.791913598775863647e-02 -2.374165505170822144e-01 5.886476486921310425e-02 7.421331852674484253e-02
1.284058485180139542e-02 -1.697262525558471680e-01 1.166779920458793640e-02 5.309139937162399292e-02 2.607223391532897949e-02 -2.763847261667251587e-02 -1.237205639481544495e-01 -3.783015161752700806e-02 -2.332694083452224731e-02 2.106831967830657959e-02 -1.265054941177368164e-02 -1.919505745172500610e-02 6.235950440168380737e-02 1.001554727554321289e-02 2.039541304111480713e-02 -4.506561160087585449e-02 3.795377537608146667e-02 1.496789231896400452e-02 -1.406610608100891113e-01 -5.262095481157302856e-02 4.522814601659774780e-02 3.089457750320434570e-02 2.499417215585708618e-02 3.649916872382164001e-02 -7.724513113498687744e-02 -1.189148202538490295e-01 1.861639320850372314e-02 -1.688437163829803467e-01 -8.204983174800872803e-02 -3.620570898056030273e-02 -1.996814608573913574e-01 -2.319480627775192261e-01
2.646925747394561768e-01 -1.071511805057525635e-01 -6.833048909902572632e-02 -9.558865427970886230e-02 -3.418318927288055420e-02 1.135210543870925903e-01 -1.453454941511154175e-01 3.645982220768928528e-02 2.843318879604339600e-02 -2.505232989788055420e-01 -4.132329225540161133e-01 -5.099543929100036621e-02 -7.701490819454193115e-02 -3.916668146848678589e-02 1.228407025337219238e-03 -1.807443797588348389e-03 -1.810426115989685059e-01 -7.598404586315155029e-02 -3.232507109642028809e-01 -1.399040371179580688e-01 -1.026659607887268066e-01 1.263686418533325195e-01 1.464704573154449463e-01 5.642153695225715637e-02 -2.302626147866249084e-02 -2.174928486347198486e-01 -6.041868031024932861e-02 -1.131695583462715149e-01 -1.312699019908905029e-01 -1.196482777595520020e-01 -2.201376855373382568e-01 -1.795902103185653687e-01
2.242817133665084839e-01 -4.447297155857086182e-01 6.274826824665069580e-02 -2.238699048757553101e-01 5.812620744109153748e-02 -1.357490420341491699e-01 -2.456632405519485474e-01 1.006027162075042725e-01 -3.478274345397949219e-01 -3.535234034061431885e-01 -1.991178691387176514e-01 1.946862041950225830e-01 1.201714798808097839e-01 1.037585437297821045e-01 1.955876499414443970e-01 -1.523826271295547485e-02 -3.452318012714385986e-01 -5.596043914556503296e-02 -1.328679919242858887e-01 1.853524520993232727e-02 1.522088050842285156e-01 2.144932746887207031e-01 4.002214670181274414e-01 2.083113044500350952e-01 -1.647484898567199707e-01 -3.045107424259185791e-01 3.362009227275848389e-01 -3.674122393131256104e-01 3.224581107497215271e-02 -1.161043345928192139e-01 -4.500396251678466797e-01 -1.771230399608612061e-01
1.045474112033843994e-01 2.512328326702117920e-01 -1.383819282054901123e-01 -8.147617429494857788e-02 -5.838534981012344360e-02 1.006962656974792480e-01 2.725607715547084808e-02 -5.003982037305831909e-02 -3.433234617114067078e-02 -1.328613311052322388e-01 -3.134842216968536377e-01 3.538771718740463257e-02 -7.608417421579360962e-02 7.166932523250579834e-02 -1.090251952409744263e-01 -2.042170614004135132e-02 -1.486405879259109497e-01 -3.474211320281028748e-02 -1.188618317246437073e-01 -2.573827505111694336e-01 -4.083287417888641357e-01 6.430353969335556030e-02 9.247355163097381592e-03 -3.655114769935607910e-02 1.498163938522338867e-01 -1.775079369544982910e-01 -1.715784817934036255e-01 5.660402029752731323e-02 1.708477735519409180e-02 1.276903748512268066e-01 1.391064822673797607e-01 3.776068985462188721e-02
-1.133945770561695099e-02 -1.571680046617984772e-02 3.227736055850982666e-02 -1.154115051031112671e-02 -9.955934435129165649e-02 -2.205781638622283936e-03 8.554723113775253296e-02 -1.510994136333465576e-01 -1.248820126056671143e-02 7.393285632133483887e-02 -1.172995567321777344e-01 -7.986377179622650146e-02 -6.931942701339721680e-02 1.002962514758110046e-02 -6.900756061077117920e-02 1.165022552013397217e-01 1.971918717026710510e-02 -4.523222520947456360e-02 2.609188109636306763e-02 -1.721809357404708862e-01 -1.022937223315238953e-01 -1.805550903081893921e-01 -9.304431080818176270e-02 -6.619384512305259705e-03 6.235932186245918274e-02 -3.448545560240745544e-02 3.778068721294403076e-02 4.887794610112905502e-03 5.195452645421028137e-02 -3.365349024534225464e-02 3.455873578786849976e-03 -7.504488527774810791e-02
2.160145789384841919e-01 -1.513364613056182861e-01 -8.568987250328063965e-03 -3.547941893339157104e-02 -2.880676835775375366e-02 3.986650705337524414e-02 -8.768409490585327148e-02 2.076921239495277405e-02 8.404418826103210449e-03 -1.253066658973693848e-01 -2.575241625308990479e-01 -7.577888667583465576e-03 3.039658069610595703e-03 -2.343457192182540894e-02 4.847850650548934937e-04 1.519048213958740234e-02 -8.764035999774932861e-02 -3.441594541072845459e-02 -1.613979488611221313e-01 -1.279881000518798828e-01 -4.650326818227767944e-02 1.504507958889007568e-01 2.025510817766189575e-01 6.445021927356719971e-02 -1.596407219767570496e-02 -2.553010880947113037e-01 -6.977058947086334229e-03 -9.394773095846176147e-02 -1.388433575630187988e-01 -9.830795228481292725e-02 -1.909737884998321533e-01 -1.749491542577743530e-01
1.303145140409469604e-01 -1.731907427310943604e-01 2.729249931871891022e-02 -3.996307030320167542e-03 1.364239603281021118e-01 -3.807081282138824463e-02 -2.178815603256225586e-01 1.485602557659149170e-01 4.297302663326263428e-02 -1.775751411914825439e-01 3.490714132785797119e-01 1.387539654970169067e-01 2.071075141429901123e-02 9.612656384706497192e-02 2.240316271781921387e-01 6.945459544658660889e-02 -1.533921808004379272e-01 3.315196186304092407e-02 -1.201200038194656372e-01 3.574290871620178223e-01 1.261798739433288574e-01 -1.384862065315246582e-01 4.487446323037147522e-02 1.357313841581344604e-01 -4.558410122990608215e-02 2.513780891895294189e-01 1.132919639348983765e-01 -1.268116682767868042e-01 -9.599730372428894043e-02 -1.651577651500701904e-01 -9.116880595684051514e-02 -5.034435167908668518e-02
1.815558411180973053e-02 2.479397654533386230e-01 -2.240890264511108398e-02 -4.674513638019561768e-02 -1.687227934598922729e-02 -5.141196399927139282e-02 2.455627769231796265e-01 -3.450016677379608154e-01 1.499571800231933594e-01 1.418359428644180298e-01 -1.519420593976974487e-01 -2.663284540176391602e-02 5.546659976243972778e-02 -6.798022985458374023e-02 -3.119932711124420166e-01 -3.560223430395126343e-02 2.344663888216018677e-01 1.420683860778808594e-01 2.739163041114807129e-01 -3.028720021247863770e-01 -2.041970044374465942e-01 1.256596744060516357e-01 7.658563554286956787e-02 -1.080150753259658813e-01 9.088335931301116943e-02 -1.251388192176818848e-01 -1.742231249809265137e-01 2.392699420452117920e-01 4.649636521935462952e-02 2.098695784807205200e-01 2.786558568477630615e-01 2.080097645521163940e-01
-4.893299192190170288e-02 2.783609926700592041e-02 -1.609890162944793701e-02 -9.130066260695457458e-03 -8.716601878404617310e-02 2.497417479753494263e-02 1.194464042782783508e-01 -1.538937687873840332e-01 2.368522435426712036e-02 7.474610209465026855e-02 -8.178269863128662109e-02 -5.956499278545379639e-02 -9.842443466186523438e-02 -1.375250518321990967e-03 -6.517487764358520508e-02 3.898195177316665649e-02 -3.822986036539077759e-02 -8.627595007419586182e-02 7.047613710165023804e-02 -1.885478198528289795e-01 -1.435535699129104614e-01 -1.546588987112045288e-01 -7.534715533256530762e-02 -5.470076948404312134e-02 2.368217334151268005e-03 -8.972854353487491608e-03 8.858902752399444580e-02 3.285051137208938599e-02 5.737832561135292053e-02 -3.760545700788497925e-02 5.978665500879287720e-02 -4.104707390069961548e-02
1.471723020076751709e-01 1.208339259028434753e-01 -7.293596118688583374e-02 -2.080108076333999634e-01 -2.492883801460266113e-02 -2.510666474699974060e-02 -4.717510193586349487e-02 2.571492791175842285e-01 -8.188372105360031128e-02 -2.129972130060195923e-01 -1.079802364110946655e-01 1.298299282789230347e-01 2.062439620494842529e-01 1.648508757352828979e-01 4.517783969640731812e-02 -3.324955701828002930e-02 -2.919061779975891113e-01 -4.856896772980690002e-02 -7.794068753719329834e-02 4.309028387069702148e-02 -2.053339779376983643e-01 2.571607828140258789e-01 6.752499192953109741e-02 -4.980492591857910156e-02 1.835574954748153687e-01 6.263317912817001343e-02 -1.721021234989166260e-01 1.215128414332866669e-02 -5.677150562405586243e-03 -1.258735209703445435e-01 -9.626434743404388428e-02 2.334401458501815796e-01
-3.880880028009414673e-02 -3.277091085910797119e-01 2.052141129970550537e-01 -3.709177076816558838e-01 -4.336574673652648926e-02 -3.511708974838256836e-01 -2.883704006671905518e-02 -2.625958807766437531e-02 -4.310522079467773438e-01 -7.093618810176849365e-02 2.835795283317565918e-01 3.792631626129150391e-01 2.780559062957763672e-01 2.443656623363494873e-01 2.987433597445487976e-02 -2.082048803567886353e-01 -1.723553240299224854e-01 -5.109086632728576660e-04 4.497359395027160645e-01 -1.689514815807342529e-01 3.449921607971191406e-01 2.149691879749298096e-01 4.054272770881652832e-01 2.763764858245849609e-01 -1.047218292951583862e-01 -2.080901265144348145e-01 4.785175323486328125e-01 -3.186944425106048584e-01 2.469446808099746704e-01 1.762686297297477722e-02 -3.124851286411285400e-01 1.019295379519462585e-01
-1.200609207153320312e-01 -1.017149835824966431e-01 -8.885231614112854004e-02 6.881015002727508545e-02 -9.622447192668914795e-03 2.077364921569824219e-01 4.252754151821136475e-02 -1.340457499027252197e-01 1.254165619611740112e-01 3.047417849302291870e-02 -9.756885468959808350e-02 -2.881198003888130188e-02 -1.764895617961883545e-01 2.095748484134674072e-02 5.905540287494659424e-02 8.935086429119110107e-02 -5.403675138950347900e-02 -2.676518559455871582e-01 -4.194546118378639221e-02 -1.273295879364013672e-01 -2.161735892295837402e-01 -1.728901863098144531e-01 -5.782157927751541138e-02 -2.160523533821105957e-01 5.359768494963645935e-02 -1.240641716867685318e-02 1.684130430221557617e-01 6.827124208211898804e-02 1.556098088622093201e-02 9.133186191320419312e-02 2.490056157112121582e-01 -7.351849973201751709e-02
-1.697650104761123657e-01 -6.350326538085937500e-02 -2.002617716789245605e-01 9.370571374893188477e-02 7.650732994079589844e-03 3.204548656940460205e-01 4.345327615737915039e-02 -1.366831362247467041e-01 1.458221822977066040e-01 3.706686198711395264e-03 -1.018732935190200806e-01 -7.915610074996948242e-02 -2.163859605789184570e-01 -2.442618459463119507e-02 8.238433301448822021e-02 -6.880283355712890625e-03 -1.158435642719268799e-01 -3.583722412586212158e-01 -2.389978617429733276e-03 -1.871363818645477295e-01 -2.564794421195983887e-01 -1.466201394796371460e-01 -4.858604073524475098e-02 -2.909055054187774658e-01 6.302217021584510803e-03 -1.639989018440246582e-02 2.002649009227752686e-01 1.198843494057655334e-01 9.615570306777954102e-03 1.586059033870697021e-01 3.763568699359893799e-01 -7.710398733615875244e-02
6.117993593215942383e-02 -2.881957590579986572e-01 -4.257840663194656372e-02 1.797824911773204803e-02 1.086071506142616272e-01 2.768851816654205322e-03 -2.099394947290420532e-01 3.159367665648460388e-02 -5.043709278106689453e-02 -1.640652567148208618e-01 -1.814328134059906006e-01 -4.395560920238494873e-02 -3.075311332941055298e-02 -5.796447396278381348e-03 1.089966297149658203e-01 -1.366850733757019043e-02 -1.451851725578308105e-01 -9.763123095035552979e-02 -3.584496974945068359e-01 2.070407755672931671e-02 5.544044822454452515e-02 3.416005522012710571e-02 9.203672409057617188e-02 6.583650410175323486e-02 -8.632974326610565186e-02 -1.414930969476699829e-01 7.331329584121704102e-02 -2.485488802194595337e-01 -1.501213908195495605e-01 -8.746302127838134766e-02 -2.198956012725830078e-01 -3.028805255889892578e-01
1.323260813951492310e-01 -5.394193530082702637e-01 1.852653622627258301e-01 -2.727820873260498047e-01 8.466111868619918823e-02 -2.902547717094421387e-01 -2.551440596580505371e-01 1.794028282165527344e-01 -6.095769405364990234e-01 -4.090492129325866699e-01 9.006641805171966553e-02 5.016182661056518555e-01 2.595423758029937744e-01 3.290497660636901855e-01 2.937966585159301758e-01 -4.298146814107894897e-02 -4.859672188758850098e-01 -8.382555842399597168e-02 1.040195226669311523e-01 1.042285934090614319e-01 3.227886557579040527e-01 1.790579557418823242e-01 5.197235941886901855e-01 3.259496986865997314e-01 -2.164928764104843140e-01 -3.377053439617156982e-01 6.467109322547912598e-01 -5.054696202278137207e-01 2.632891833782196045e-01 -1.765039563179016113e-02 -5.511053204536437988e-01 -9.946405142545700073e-02
1.326002180576324463e-01 1.914919614791870117e-01 -1.107211634516716003e-01 -1.473975181579589844e-01 -6.567355245351791382e-02 -1.718878746032714844e-03 2.153618820011615753e-02 -1.265506148338317871e-01 2.871540933847427368e-02 -6.719870120286941528e-02 -3.235969543457031250e-01 -1.832582429051399231e-02 -4.930058866739273071e-02 -1.639055460691452026e-02 -1.386634111404418945e-01 -7.751688361167907715e-02 -6.350260972976684570e-02 3.240444511175155640e-02 -1.551616638898849487e-01 -2.341642677783966064e-01 -2.690724730491638184e-01 5.203395336866378784e-02 9.510479867458343506e-02 -2.916187979280948639e-02 8.977772295475006104e-02 -1.453433334827423096e-01 -1.570295393466949463e-01 2.570672519505023956e-02 6.866194307804107666e-03 7.437559217214584351e-02 5.831059068441390991e-02 1.063020341098308563e-02
-5.461269617080688477e-02 1.360804140567779541e-01 -1.167563870549201965e-01 -8.028931915760040283e-02 -1.553415954113006592e-01 9.770192205905914307e-03 1.247176900506019592e-01 -1.724631786346435547e-01 -6.951853632926940918e-03 9.101071953773498535e-02 -1.594291478395462036e-01 -1.361967623233795166e-01 -2.208058536052703857e-02 -4.529238492250442505e-02 -1.892017573118209839e-01 -7.211376726627349854e-02 -5.082100629806518555e-02 -1.257022321224212646e-01 9.738439321517944336e-02 -3.397498130798339844e-01 -2.208518236875534058e-01 -1.469755545258522034e-02 -6.475566327571868896e-02 -1.008437126874923706e-01 7.643936201930046082e-03 3.165472298860549927e-03 5.866540968418121338e-02 1.248507723212242126e-01 1.304198503494262695e-01 -4.022293537855148315e-02 3.563269227743148804e-02 -9.865396656095981598e-03
2.225648909807205200e-01 -1.275044679641723633e-01 -4.602634161710739136e-02 -6.094034761190414429e-02 -6.523766368627548218e-02 1.670527458190917969e-02 -4.280206561088562012e-02 -5.530357360839843750e-03 2.904015779495239258e-02 -1.002430096268653870e-01 -2.348783910274505615e-01 -3.403427079319953918e-02 2.835623919963836670e-03 -3.117222338914871216e-02 -3.331261873245239258e-02 -8.508552610874176025e-02 -3.594095259904861450e-02 -2.138543315231800079e-02 -1.246782839298248291e-01 -1.115884557366371155e-01 -3.909450396895408630e-02 1.798210144042968750e-01 2.177968621253967285e-01 5.061681196093559265e-02 -6.588689982891082764e-03 -2.086761593818664551e-01 -1.340362429618835449e-02 -6.045380979776382446e-02 -1.198640316724777222e-01 -1.283244788646697998e-01 -1.841483116149902344e-01 -9.894464910030364990e-02
4.064760357141494751e-02 2.289191782474517822e-01 -1.020686700940132141e-01 3.540338575839996338e-02 -3.143215179443359375e-02 1.553554087877273560e-02 1.449145525693893433e-01 -2.782100141048431396e-01 1.380748599767684937e-01 1.631827652454376221e-01 -5.734615027904510498e-02 -3.346373885869979858e-02 2.707385271787643433e-02 -1.944778859615325928e-02 -2.010324746370315552e-01 -1.116937398910522461e-02 2.829837501049041748e-01 7.526943087577819824e-02 1.171908676624298096e-01 -1.908969283103942871e-01 -1.869072467088699341e-01 -1.295801252126693726e-03 -9.299685060977935791e-02 -4.770509153604507446e-02 8.701136708259582520e-02 -7.934790849685668945e-02 -1.325141191482543945e-01 1.697457730770111084e-01 2.744320780038833618e-02 2.067931443452835083e-01 2.009682655334472656e-01 8.101110905408859253e-02
-2.985786087810993195e-02 2.541292905807495117e-01 -1.764528453350067139e-01 -2.449217438697814941e-01 -4.005172848701477051e-02 -2.168956696987152100e-01 5.771711468696594238e-02 1.661391854286193848e-01 -4.879912361502647400e-02 -4.268252849578857422e-02 2.173562347888946533e-02 2.020769119262695312e-01 2.724401950836181641e-01 3.390444815158843994e-02 -6.353287398815155029e-02 -1.693497896194458008e-01 -1.858375668525695801e-01 3.610277920961380005e-02 1.436613798141479492e-01 1.699399016797542572e-02 -1.427323818206787109e-01 2.622012495994567871e-01 6.759365648031234741e-02 3.238943964242935181e-02 1.341199278831481934e-01 2.512442767620086670e-01 -1.928588896989822388e-01 1.593364626169204712e-01 1.206073462963104248e-01 -5.651919543743133545e-02 4.672516882419586182e-02 3.305177688598632812e-01
4.246719181537628174e-02 -3.162458240985870361e-01 2.061376571655273438e-01 5.352468788623809814e-02 1.525793075561523438e-01 -1.730496436357498169e-02 -6.580465286970138550e-02 -1.317251622676849365e-01 3.455761075019836426e-02 -1.884091645479202271e-02 3.249249160289764404e-01 1.332576423883438110e-01 -4.803001508116722107e-02 7.208003103733062744e-02 2.175122201442718506e-01 1.893329322338104248e-01 1.482076644897460938e-01 1.981294751167297363e-01 -2.287266403436660767e-02 2.488474100828170776e-01 1.418041884899139404e-01 -3.645492792129516602e-01 4.543616622686386108e-02 1.228149831295013428e-01 3.666615113615989685e-03 4.590653628110885620e-02 1.841529309749603271e-01 -1.846205294132232666e-01 -9.225393831729888916e-02 7.412399351596832275e-02 -3.843709081411361694e-02 -2.007471770048141479e-01
-2.109430730342864990e-03 -3.229590058326721191e-01 1.204808130860328674e-01 -1.725877225399017334e-01 -1.328100264072418213e-02 -2.423531264066696167e-01 -1.034324839711189270e-01 -1.764511317014694214e-02 -2.460811585187911987e-01 -3.376099839806556702e-02 1.181316673755645752e-01 2.092439234256744385e-01 2.039084136486053467e-01 9.467495977878570557e-02 3.185798227787017822e-02 -1.441327929496765137e-01 -1.173340827226638794e-01 -1.950614154338836670e-03 1.554009765386581421e-01 -1.172621473670005798e-01 2.028159499168395996e-01 1.595398783683776855e-01 2.882157564163208008e-01 1.988432109355926514e-01 -1.352418065071105957e-01 -1.679541766643524170e-01 2.606401443481445312e-01 -2.839753925800323486e-01 7.263156771659851074e-02 -6.203402578830718994e-02 -2.912487685680389404e-01 -5.599337443709373474e-02
-8.053910732269287109e-02 -4.854511097073554993e-02 5.858168005943298340e-03 3.301221132278442383e-02 3.473915159702301025e-03 7.724103331565856934e-02 4.687430709600448608e-02 -1.343099921941757202e-01 8.118508756160736084e-02 6.677317619323730469e-02 -1.057166755199432373e-01 -2.763771265745162964e-02 -1.059474498033523560e-01 3.103185445070266724e-03 3.454262018203735352e-02 2.029965072870254517e-01 7.142037153244018555e-03 -1.380525231361389160e-01 -3.746578097343444824e-02 -1.537271291017532349e-01 -2.267081886529922485e-01 -1.811191439628601074e-01 -1.185461133718490601e-01 -1.006827503442764282e-01 1.278275847434997559e-01 -7.986095547676086426e-02 2.811292558908462524e-02 -8.841753005981445312e-03 5.649276450276374817e-02 9.201569110155105591e-02 1.342766880989074707e-01 -1.663543581962585449e-01
-1.941858418285846710e-02 -9.266661107540130615e-02 -1.438785493373870850e-01 1.166742667555809021e-01 6.398741900920867920e-02 4.647275060415267944e-02 -1.787644326686859131e-01 -7.225863635540008545e-02 2.451659739017486572e-02 -6.100896745920181274e-02 -5.714133381843566895e-02 -9.957732260227203369e-02 -1.267266571521759033e-01 -1.380547881126403809e-02 5.479045957326889038e-02 -2.345378696918487549e-02 -1.533666998147964478e-02 -6.500308215618133545e-02 -3.086345791816711426e-01 -2.009677328169345856e-02 -8.312992751598358154e-02 -2.358531057834625244e-01 -1.745681166648864746e-01 3.333164006471633911e-02 -1.514591649174690247e-02 5.626892670989036560e-03 1.583337783813476562e-03 -1.640682369470596313e-01 -9.569306671619415283e-02 4.178195819258689880e-02 1.948902010917663574e-02 -3.089570999145507812e-01
1.287797838449478149e-01 -4.256039261817932129e-01 1.191555783152580261e-01 -3.825392723083496094e-01 -3.638285398483276367e-02 -2.796516418457031250e-01 -1.307214498519897461e-01 4.909078404307365417e-02 -3.591680526733398438e-01 -2.094439417123794556e-01 -3.225023299455642700e-02 3.265385329723358154e-01 1.746464073657989502e-01 1.420730054378509521e-01 9.145052731037139893e-02 -1.411916166543960571e-01 -3.420919179916381836e-01 -8.393713831901550293e-02 1.214346289634704590e-01 -1.021107956767082214e-01 1.716489195823669434e-01 2.480862438678741455e-01 4.916660189628601074e-01 2.432705014944076538e-01 -1.269520074129104614e-01 -2.869560718536376953e-01 4.219890534877777100e-01 -3.237363696098327637e-01 1.423505246639251709e-01 -1.038679927587509155e-01 -3.994840383529663086e-01 -5.043623968958854675e-03
1.790059953927993774e-01 -1.034525111317634583e-01 -1.263573169708251953e-01 -1.044334396719932556e-01 7.273998856544494629e-02 6.298480927944183350e-02 -2.476211637258529663e-01 1.519853621721267700e-01 -4.906035959720611572e-03 -3.089934587478637695e-01 -2.474976778030395508e-01 -2.663871273398399353e-02 -9.041177481412887573e-02 1.262602210044860840e-01 1.102881878614425659e-01 5.712063983082771301e-02 -2.939954698085784912e-01 -1.146110892295837402e-01 -4.335654377937316895e-01 2.083427831530570984e-02 -8.738913387060165405e-02 -3.468364477157592773e-02 1.247107610106468201e-02 -1.076267194002866745e-02 2.758340723812580109e-02 -1.238131150603294373e-01 -4.891316592693328857e-02 -1.559865921735763550e-01 -1.263151317834854126e-01 -9.822306036949157715e-02 -1.627046465873718262e-01 -2.447290867567062378e-01
1.238618642091751099e-01 -2.841902673244476318e-01 1.342622041702270508e-01 2.592356316745281219e-02 1.931097954511642456e-01 -4.176400601863861084e-02 -2.551068663597106934e-01 1.166068017482757568e-01 4.586184024810791016e-02 -1.839480102062225342e-01 3.738708496093750000e-01 1.705640852451324463e-01 9.199396520853042603e-02 8.953148126602172852e-02 2.766649425029754639e-01 1.631033122539520264e-01 -2.395177632570266724e-02 1.317166239023208618e-01 -1.195569336414337158e-01 3.027974665164947510e-01 1.686106324195861816e-01 -1.795365512371063232e-01 6.630777567625045776e-02 1.331778764724731445e-01 -4.232585430145263672e-03 1.089439168572425842e-01 1.098313033580780029e-01 -1.766123324632644653e-01 -4.123119264841079712e-02 -4.719898849725723267e-02 -1.403939425945281982e-01 -1.655216664075851440e-01
4.447533935308456421e-02 1.000032797455787659e-01 6.892703473567962646e-02 -1.548423767089843750e-01 -1.169507578015327454e-01 -2.342430949211120605e-01 4.323363304138183594e-02 1.098096370697021484e-01 -7.441858202219009399e-02 5.161574482917785645e-02 3.683149814605712891e-03 9.273858368396759033e-02 5.225573778152465820e-01 -4.868056625127792358e-02 -2.147527337074279785e-01 -1.577422022819519043e-01 2.540961280465126038e-02 2.379550933837890625e-01 2.107234597206115723e-01 -1.830902397632598877e-01 -6.012064963579177856e-02 3.662648200988769531e-01 1.022627800703048706e-01 1.710995137691497803e-01 4.926483333110809326e-02 -6.475305184721946716e-03 -3.577034175395965576e-01 8.647827059030532837e-02 1.629824936389923096e-01 -1.278598606586456299e-02 -2.245523333549499512e-01 2.558254599571228027e-01
6.909061968326568604e-02 1.007382944226264954e-02 4.315543547272682190e-02 2.242697961628437042e-02 -7.702759653329849243e-02 2.712108194828033447e-03 5.227234214544296265e-02 -1.661291718482971191e-01 7.191495597362518311e-02 1.111418753862380981e-01 2.493878081440925598e-02 -8.670143783092498779e-02 6.134962290525436401e-02 -6.543640047311782837e-03 -1.673655360937118530e-01 -7.691523432731628418e-02 2.720820605754852295e-01 7.322165369987487793e-02 1.472713649272918701e-01 -2.030292153358459473e-01 -2.493253722786903381e-02 2.515115588903427124e-02 4.876090586185455322e-02 -1.212296541780233383e-02 1.996766030788421631e-02 -7.152366638183593750e-02 -7.505513727664947510e-02 6.364357471466064453e-02 -8.630588650703430176e-03 3.635847195982933044e-02 3.786077350378036499e-02 -2.371614426374435425e-02
5.343231931328773499e-02 -2.088056877255439758e-02 4.030849039554595947e-02 -7.800833880901336670e-02 7.266778498888015747e-02 -1.709616184234619141e-01 -8.054600656032562256e-02 5.695801600813865662e-02 4.036048799753189087e-02 2.142629027366638184e-02 3.291843831539154053e-01 1.560913771390914917e-01 2.060302793979644775e-01 -6.319440901279449463e-02 3.925979882478713989e-02 -6.835517287254333496e-02 6.954211741685867310e-02 1.875959634780883789e-01 1.730044633150100708e-01 1.135279685258865356e-01 1.400189548730850220e-01 -8.171200752258300781e-02 3.816711157560348511e-02 3.005856871604919434e-01 -2.929609641432762146e-02 2.061124444007873535e-01 -8.412905037403106689e-02 -4.155286401510238647e-02 -2.021003514528274536e-02 -5.855457484722137451e-02 -1.178455650806427002e-01 3.819904848933219910e-02
1.378757357597351074e-01 -2.102728374302387238e-02 2.577456235885620117e-01 -9.847638756036758423e-02 -1.006490811705589294e-01 -1.386895626783370972e-01 -5.003685504198074341e-02 6.239907816052436829e-02 -3.567828983068466187e-02 -1.755904406309127808e-02 1.564495638012886047e-02 -3.502036258578300476e-02 2.602652907371520996e-01 -1.917620003223419189e-02 -1.315060853958129883e-01 1.033862382173538208e-01 1.058085113763809204e-01 2.129190862178802490e-01 7.058882713317871094e-02 -1.295260787010192871e-01 -1.699269190430641174e-02 -6.164591759443283081e-03 3.876046091318130493e-02 2.388841360807418823e-01 1.873392611742019653e-02 -2.775898575782775879e-02 -1.944698691368103027e-01 -2.495278976857662201e-02 1.820513606071472168e-02 -6.108860671520233154e-02 -2.862618565559387207e-01 3.509131446480751038e-02
-3.856847435235977173e-02 1.698100566864013672e-01 3.726688399910926819e-02 -1.568443328142166138e-01 -2.389107942581176758e-01 -1.706462502479553223e-01 5.415348708629608154e-02 -9.710988402366638184e-02 -1.317239403724670410e-01 1.078067272901535034e-01 -1.885391473770141602e-01 -1.331744641065597534e-01 2.109338343143463135e-01 -9.513609856367111206e-02 -2.898293137550354004e-01 -3.674797713756561279e-02 1.585067063570022583e-02 4.995917528867721558e-02 1.390132009983062744e-01 -3.602751493453979492e-01 -1.254676282405853271e-01 6.091053783893585205e-02 -7.846015691757202148e-02 9.636825323104858398e-02 4.390413686633110046e-02 -3.712898865342140198e-02 -1.343757212162017822e-01 6.717661768198013306e-02 1.754516065120697021e-01 -4.664522409439086914e-02 -2.148789465427398682e-01 5.456778034567832947e-02
7.003262639045715332e-02 1.451708674430847168e-01 -4.879079759120941162e-02 -1.706833094358444214e-01 -3.309661149978637695e-02 -2.529521584510803223e-01 2.835919521749019623e-02 1.638444662094116211e-01 -2.681195735931396484e-02 3.553723543882369995e-02 1.237756609916687012e-01 1.572443991899490356e-01 3.718496859073638916e-01 -3.057934343814849854e-03 -9.835316240787506104e-02 -2.516082525253295898e-01 -8.766415715217590332e-02 1.698242723941802979e-01 2.168263643980026245e-01 -1.639611832797527313e-02 1.603613048791885376e-02 2.869673073291778564e-01 9.535412490367889404e-02 8.725510537624359131e-02 -2.264890074729919434e-02 1.329675316810607910e-01 -1.425689160823822021e-01 1.113395392894744873e-01 1.217272728681564331e-01 -1.358578056097030640e-01 -2.079279720783233643e-01 2.644279301166534424e-01
2.740551233291625977e-01 -1.641497611999511719e-01 -1.447885483503341675e-02 -1.292682439088821411e-01 8.171658217906951904e-02 7.358218729496002197e-02 -2.375487387180328369e-01 2.695369720458984375e-01 -1.065348088741302490e-02 -3.631030023097991943e-01 -2.734886705875396729e-01 -1.442920416593551636e-02 -3.543709591031074524e-02 2.162088155746459961e-01 1.102908402681350708e-01 1.074027344584465027e-01 -3.783829212188720703e-01 -1.175224110484123230e-01 -4.674001932144165039e-01 1.045543551445007324e-01 -5.337483063340187073e-02 1.955254375934600830e-02 9.518218785524368286e-02 -3.548317402601242065e-02 -3.369935601949691772e-02 -1.213530972599983215e-01 -2.541250362992286682e-02 -1.232835128903388977e-01 -1.701668053865432739e-01 -2.156248241662979126e-01 -2.643996775150299072e-01 -1.805589348077774048e-01
3.371811285614967346e-02 1.028021425008773804e-02 1.716276109218597412e-01 -6.222794204950332642e-02 -7.233995944261550903e-02 -2.172894477844238281e-01 -2.352323383092880249e-02 -5.856233835220336914e-02 -3.494790941476821899e-02 5.503028631210327148e-02 1.685983538627624512e-01 8.967946469783782959e-02 1.901052594184875488e-01 -5.875359475612640381e-02 -5.824601650238037109e-02 2.294706180691719055e-02 1.153501197695732117e-01 2.594529986381530762e-01 1.882350742816925049e-01 -1.203590445220470428e-02 1.227546483278274536e-02 -1.246509924530982971e-01 1.214504241943359375e-03 2.272819131612777710e-01 5.835839360952377319e-02 9.295646846294403076e-02 -8.406589925289154053e-02 -3.972126543521881104e-02 3.970040753483772278e-02 3.593003377318382263e-02 -1.646787822246551514e-01 -1.216852571815252304e-02
-1.221257448196411133e-01 -1.380206942558288574e-01 -3.029434382915496826e-02 7.743658870458602905e-02 3.214488551020622253e-02 2.030301094055175781e-01 4.199012368917465210e-02 -1.549213975667953491e-01 8.263301849365234375e-02 6.352038681507110596e-02 5.067691206932067871e-03 5.756181478500366211e-02 -2.187515795230865479e-01 4.900319501757621765e-02 1.396767497062683105e-01 1.054065972566604614e-01 -6.460666656494140625e-03 -1.762553453445434570e-01 -1.892583817243576050e-02 -4.182643443346023560e-02 -1.297092437744140625e-01 -2.123652398586273193e-01 -4.768683016300201416e-02 -1.880694329738616943e-01 6.597903370857238770e-02 3.977368026971817017e-02 2.232047319412231445e-01 -1.362878084182739258e-02 8.550241589546203613e-03 1.565730571746826172e-01 2.522489726543426514e-01 -7.408425211906433105e-02
2.000799402594566345e-03 4.395594447851181030e-02 -1.544507443904876709e-01 -2.378634214401245117e-01 4.858032613992691040e-02 -8.821947872638702393e-02 -1.390586495399475098e-01 2.172674536705017090e-01 -3.375542163848876953e-02 -1.763362735509872437e-01 6.950405240058898926e-02 1.883921027183532715e-01 1.116406247019767761e-01 1.462939381599426270e-01 6.980642676353454590e-02 1.441970467567443848e-03 -2.659514844417572021e-01 -8.583608269691467285e-02 -6.913339346647262573e-02 1.154161840677261353e-01 -1.429027915000915527e-01 3.702616691589355469e-02 -8.398123085498809814e-02 5.704908445477485657e-02 1.937498450279235840e-01 1.981097161769866943e-01 -1.017349809408187866e-01 -2.537116408348083496e-03 -1.671323925256729126e-02 -1.482604295015335083e-01 -2.657882869243621826e-04 6.978645175695419312e-02
3.136982396245002747e-02 2.003855258226394653e-02 -1.870037019252777100e-01 -2.098592966794967651e-01 1.954198256134986877e-02 -3.705174103379249573e-02 -1.582518219947814941e-01 9.761579334735870361e-02 2.620184421539306641e-02 -1.547203063964843750e-01 -1.834484040737152100e-01 3.107890486717224121e-03 -1.713946759700775146e-01 1.525423824787139893e-01 4.880297929048538208e-03 -5.003225058317184448e-02 -3.434302508831024170e-01 -1.268386840820312500e-01 -3.288125395774841309e-01 3.935200162231922150e-03 -1.497930288314819336e-01 -1.336719393730163574e-01 -3.044693171977996826e-02 -1.339373551309108734e-02 5.616088211536407471e-02 9.421645849943161011e-02 -1.198419742286205292e-02 -5.353443324565887451e-02 -5.639171227812767029e-02 -1.346432417631149292e-01 -3.132612630724906921e-02 -1.311460137367248535e-01
1.547793895006179810e-01 1.229111924767494202e-01 -1.212951317429542542e-01 -9.401788003742694855e-03 -8.525774627923965454e-02 3.296463936567306519e-02 -5.972221493721008301e-02 -1.367185860872268677e-01 9.743380546569824219e-02 -5.992180481553077698e-02 -2.116657495498657227e-01 -2.613551169633865356e-02 -1.653597950935363770e-01 -1.736671477556228638e-02 -9.600706398487091064e-02 -1.011292636394500732e-02 -5.208064615726470947e-02 2.242327481508255005e-02 -1.951040327548980713e-01 -1.266227215528488159e-01 -2.238306701183319092e-01 -1.196601912379264832e-01 -7.193800806999206543e-02 3.457200154662132263e-02 8.802932500839233398e-02 -2.023435011506080627e-02 -8.247043192386627197e-02 -2.320796810090541840e-02 -4.195876419544219971e-02 -2.759467065334320068e-02 3.514372557401657104e-02 -1.780890524387359619e-01
5.847968161106109619e-02 -1.388728618621826172e-03 8.153502643108367920e-02 -6.568409502506256104e-02 -1.649257242679595947e-01 -1.036086007952690125e-01 8.918595314025878906e-02 -1.190671920776367188e-01 -7.193495333194732666e-02 4.331220686435699463e-02 -1.068030297756195068e-01 -8.490707725286483765e-02 1.622983813285827637e-02 6.971459835767745972e-03 -1.680967956781387329e-01 8.451233059167861938e-02 4.579937085509300232e-02 1.534588634967803955e-03 4.677771776914596558e-02 -1.991009116172790527e-01 -8.448945730924606323e-02 -1.176737695932388306e-01 -5.940435081720352173e-02 9.057082235813140869e-02 1.518854405730962753e-02 -1.492248848080635071e-02 -1.497581787407398224e-02 2.667027525603771210e-02 7.172076404094696045e-02 -8.346255123615264893e-02 -1.329651623964309692e-01 -2.648393437266349792e-02
1.187772825360298157e-01 2.085458859801292419e-02 2.005778551101684570e-01 -1.214478537440299988e-01 -1.019951924681663513e-01 -1.981342881917953491e-01 4.085708409547805786e-02 2.199369296431541443e-02 -5.520777404308319092e-02 3.317730128765106201e-02 -2.585616707801818848e-02 -1.860931888222694397e-02 2.842407226562500000e-01 3.850087523460388184e-04 -2.118056565523147583e-01 4.763915762305259705e-02 1.025894731283187866e-01 2.054455876350402832e-01 8.523013442754745483e-02 -2.443864941596984863e-01 -8.085422217845916748e-02 7.335348427295684814e-02 -2.393814921379089355e-02 2.081001996994018555e-01 2.530985884368419647e-02 -2.820947393774986267e-02 -2.198647111654281616e-01 3.126891329884529114e-03 7.285916805267333984e-02 -4.031547158956527710e-02 -2.845425009727478027e-01 7.924891263246536255e-02
9.673169255256652832e-02 2.393732964992523193e-01 -2.366137802600860596e-01 -2.506400942802429199e-01 -1.214652433991432190e-01 -1.037292331457138062e-01 -8.681694045662879944e-03 -4.663084074854850769e-02 -1.436103880405426025e-01 -1.368846893310546875e-01 -8.022017776966094971e-02 5.123698711395263672e-02 -1.976236850023269653e-01 1.316125243902206421e-01 -1.077973917126655579e-01 -1.956172436475753784e-01 -2.038557529449462891e-01 -5.687472224235534668e-02 -4.630030691623687744e-02 -1.280729174613952637e-01 -3.905963897705078125e-01 -7.233282923698425293e-02 -1.828005909919738770e-02 -9.778791666030883789e-02 1.176388710737228394e-01 1.195648238062858582e-01 5.013798922300338745e-02 1.499496772885322571e-02 1.144037544727325439e-01 -1.301598548889160156e-02 1.359920203685760498e-01 6.447639316320419312e-02
2.572010755538940430e-01 -1.328980177640914917e-01 -7.361669838428497314e-02 -2.281553298234939575e-02 9.061917662620544434e-04 6.965085864067077637e-02 -1.183110252022743225e-01 4.217496886849403381e-02 2.501314878463745117e-02 -2.204521596431732178e-01 -3.157493770122528076e-01 -2.652274817228317261e-02 -3.656585142016410828e-02 -1.308599859476089478e-02 3.507391363382339478e-02 3.471151739358901978e-02 -1.405272632837295532e-01 -5.762360990047454834e-02 -2.850741147994995117e-01 -1.208824738860130310e-01 -8.507978171110153198e-02 1.252280771732330322e-01 1.612830907106399536e-01 7.160748541355133057e-02 -1.936303824186325073e-02 -2.452078759670257568e-01 -2.557741850614547729e-02 -1.300523877143859863e-01 -1.171490550041198730e-01 -9.722679853439331055e-02 -1.885866820812225342e-01 -2.130685597658157349e-01
1.599583961069583893e-02 -4.302134513854980469e-01 7.523211836814880371e-02 -1.449660956859588623e-01 8.527087420225143433e-02 -1.934863626956939697e-01 -2.151121497154235840e-01 3.841861709952354431e-02 -3.360111713409423828e-01 -2.065349966287612915e-01 1.696084812283515930e-02 2.402019500732421875e-01 9.340903908014297485e-02 1.430730521678924561e-01 1.810369938611984253e-01 -9.939970076084136963e-02 -2.617877721786499023e-01 -4.834662005305290222e-02 -5.090191960334777832e-02 4.790178686380386353e-02 2.520278990268707275e-01 1.282601654529571533e-01 3.047285079956054688e-01 2.020777612924575806e-01 -1.844352930784225464e-01 -1.663676798343658447e-01 3.064268529415130615e-01 -4.009498655796051025e-01 1.636281982064247131e-02 -7.539531588554382324e-02 -4.178908765316009521e-01 -1.671627610921859741e-01
-5.467837303876876831e-02 4.558036923408508301e-01 -1.853516697883605957e-01 -3.225950896739959717e-01 -3.157885074615478516e-01 -3.685252964496612549e-01 1.480788439512252808e-01 -1.730185896158218384e-01 -2.569143176078796387e-01 2.092221677303314209e-01 -1.008397191762924194e-01 -1.146892160177230835e-01 4.599598944187164307e-01 -9.089290350675582886e-02 -5.362294912338256836e-01 -5.182503461837768555e-01 -1.048727333545684814e-01 1.092163026332855225e-01 3.447984457015991211e-01 -5.618985891342163086e-01 -6.813424825668334961e-02 4.242393672466278076e-01 6.428910046815872192e-02 -6.807335466146469116e-02 -2.101576775312423706e-01 1.368078589439392090e-02 -8.619420975446701050e-02 2.315304428339004517e-01 4.407651424407958984e-01 7.740825414657592773e-02 -1.581963598728179932e-01 2.919042408466339111e-01
1.968871951103210449e-01 -1.368876248598098755e-01 2.081092894077301025e-01 -7.739160954952239990e-02 7.534679025411605835e-02 -9.303743392229080200e-02 -2.178644984960556030e-01 1.282894611358642578e-01 2.550721913576126099e-02 -1.376026570796966553e-01 2.600507140159606934e-01 1.132399588823318481e-01 2.159253954887390137e-01 6.042007356882095337e-02 1.333046853542327881e-01 1.766504645347595215e-01 2.513772994279861450e-02 1.954231113195419312e-01 -5.719527602195739746e-02 1.827274858951568604e-01 4.652093350887298584e-02 -8.863864839076995850e-02 8.331269025802612305e-02 1.740389615297317505e-01 6.732071936130523682e-02 4.411464184522628784e-02 -7.944932579994201660e-02 -1.177951022982597351e-01 -3.569708019495010376e-02 -5.896624922752380371e-02 -1.986353993415832520e-01 -1.048044934868812561e-01
-2.484330348670482635e-02 2.136486470699310303e-01 -3.864178806543350220e-02 -1.329545974731445312e-01 -2.586817145347595215e-01 -1.356192231178283691e-01 5.662811920046806335e-03 -1.016059145331382751e-01 -2.148844152688980103e-01 9.264315664768218994e-02 -3.078280389308929443e-01 -2.933339178562164307e-01 2.449976205825805664e-01 -6.387037038803100586e-02 -4.177265465259552002e-01 -1.565473526716232300e-02 -3.069972246885299683e-02 -7.262716442346572876e-02 -8.216462284326553345e-02 -5.851173996925354004e-01 -2.613500952720642090e-01 2.813305556774139404e-01 -7.763884961605072021e-02 -1.120417565107345581e-01 3.933248296380043030e-02 -1.825420260429382324e-01 -2.508563399314880371e-01 1.464270204305648804e-01 2.248537987470626831e-01 -7.202692329883575439e-03 -1.515504568815231323e-01 4.436764121055603027e-02
7.196322828531265259e-02 -2.491664513945579529e-02 1.800280436873435974e-02 -8.023376017808914185e-02 -2.006857097148895264e-02 -2.414426207542419434e-01 5.299508571624755859e-02 -4.450008273124694824e-03 1.404492557048797607e-02 1.751079410314559937e-02 3.924355804920196533e-01 1.625421941280364990e-01 1.208305135369300842e-01 -2.623174339532852173e-02 2.828666567802429199e-02 -1.604951471090316772e-01 2.224177122116088867e-03 2.120414972305297852e-01 2.419434338808059692e-01 1.876622885465621948e-01 9.513536095619201660e-02 -9.410597383975982666e-02 4.142357036471366882e-02 2.495832592248916626e-01 -7.717591524124145508e-02 3.607841432094573975e-01 5.756690353155136108e-02 -2.824739553034305573e-03 2.356085926294326782e-02 -1.480978578329086304e-01 -1.032667756080627441e-01 8.575597405433654785e-02
5.243477597832679749e-02 7.446783781051635742e-02 4.775836318731307983e-02 -2.461972981691360474e-01 -3.176523745059967041e-02 -3.068062663078308105e-01 -4.532764852046966553e-02 1.239686161279678345e-01 -2.438868209719657898e-02 6.400942802429199219e-04 2.186656743288040161e-01 1.614740043878555298e-01 3.799034953117370605e-01 -9.812593460083007812e-03 -1.401331424713134766e-01 -1.486965715885162354e-01 2.412722259759902954e-02 2.549163997173309326e-01 1.179346591234207153e-01 1.265825796872377396e-02 -5.217679589986801147e-02 1.385352462530136108e-01 1.231753975152969360e-01 1.672342419624328613e-01 8.424906432628631592e-02 2.003169059753417969e-01 -1.496074497699737549e-01 5.630189180374145508e-02 9.989106655120849609e-02 -5.891956388950347900e-02 -1.355164349079132080e-01 1.317036896944046021e-01
7.354766130447387695e-04 -1.200515553355216980e-01 2.264399453997612000e-02 6.110969185829162598e-02 2.089090645313262939e-02 3.758870065212249756e-03 -6.148113310337066650e-02 -6.759259104728698730e-02 6.115351617336273193e-02 8.389119803905487061e-02 3.925122320652008057e-03 -4.658099263906478882e-02 6.511680036783218384e-02 2.214635908603668213e-02 -3.287905827164649963e-03 -1.961947232484817505e-02 8.406050503253936768e-02 1.671513915061950684e-02 -9.618782997131347656e-02 -1.057663038372993469e-01 -1.600806787610054016e-02 7.317442446947097778e-03 -2.106869965791702271e-02 3.329834714531898499e-02 -2.394844964146614075e-02 -1.322020590305328369e-01 -9.101057425141334534e-03 -9.626453369855880737e-02 -8.299905806779861450e-02 5.474716424942016602e-03 -1.184948980808258057e-01 -2.296613603830337524e-01
8.418683707714080811e-02 7.638486474752426147e-02 -1.157239601016044617e-01 4.220508038997650146e-02 -5.449809134006500244e-02 7.957103848457336426e-02 3.323383629322052002e-02 -2.446393221616744995e-01 1.290110498666763306e-01 5.459761619567871094e-02 -7.315018773078918457e-02 -7.609501481056213379e-02 -9.621540457010269165e-02 -4.793033003807067871e-02 -1.410036683082580566e-01 -3.311038762331008911e-02 1.657304465770721436e-01 3.470151126384735107e-02 -5.314099416136741638e-02 -2.021317929029464722e-01 -1.999306529760360718e-01 -1.147551313042640686e-01 -1.102005690336227417e-01 5.681239068508148193e-03 2.374717034399509430e-02 2.197109162807464600e-03 -8.348770439624786377e-02 9.486117213964462280e-02 -9.030606597661972046e-04 7.358629256486892700e-02 1.216916516423225403e-01 -1.060409918427467346e-01
1.943233162164688110e-01 -7.623477280139923096e-02 1.717947125434875488e-01 -6.972274184226989746e-02 1.147537156939506531e-01 -1.114332824945449829e-01 -1.797607392072677612e-01 2.089640200138092041e-01 2.022730559110641479e-02 -1.361860781908035278e-01 2.384470254182815552e-01 1.152109205722808838e-01 2.094903886318206787e-01 1.042857766151428223e-01 1.119021922349929810e-01 1.046218425035476685e-01 -7.300408184528350830e-02 1.442160457372665405e-01 -8.209869265556335449e-02 2.108311802148818970e-01 4.916855692863464355e-02 -1.337698101997375488e-02 9.817333519458770752e-02 1.542137563228607178e-01 5.578529834747314453e-02 1.436980962753295898e-01 -1.135541871190071106e-01 -8.873526751995086670e-02 -7.937765121459960938e-02 -1.493725031614303589e-01 -1.617225110530853271e-01 -1.771160587668418884e-02
1.831298694014549255e-02 -2.401903867721557617e-01 -1.092578396201133728e-01 6.102780252695083618e-02 1.758690476417541504e-01 8.299626410007476807e-03 -2.811049222946166992e-01 5.366117879748344421e-02 -7.007940113544464111e-02 -2.107715010643005371e-01 -1.194244623184204102e-01 -5.365360528230667114e-02 -1.006200984120368958e-01 2.253735437989234924e-02 1.603383570909500122e-01 -1.776436716318130493e-02 -1.706016510725021362e-01 -1.183467060327529907e-01 -4.387705922126770020e-01 6.724375486373901367e-02 3.726167231798171997e-02 -1.480437815189361572e-01 4.582107067108154297e-05 4.805299267172813416e-02 -5.701630935072898865e-02 -8.642616868019104004e-02 1.106264740228652954e-01 -2.828719317913055420e-01 -1.505746692419052124e-01 1.519285142421722412e-03 -1.467317640781402588e-01 -3.664614856243133545e-01
7.128172367811203003e-02 6.267294287681579590e-03 4.297667741775512695e-02 -1.248467043042182922e-01 -7.505812495946884155e-02 -2.720266282558441162e-01 6.544350832700729370e-02 3.509418293833732605e-02 -1.293018460273742676e-03 1.563246548175811768e-02 2.785843908786773682e-01 1.232114732265472412e-01 2.486689090728759766e-01 4.653334617614746094e-02 -6.975318491458892822e-02 -1.497249603271484375e-01 8.246068656444549561e-02 2.276360988616943359e-01 1.935871690511703491e-01 2.106095850467681885e-02 6.605745851993560791e-02 5.324151366949081421e-03 7.192887365818023682e-02 2.088916450738906860e-01 -2.489190548658370972e-02 2.299961447715759277e-01 -5.974129587411880493e-02 1.254173927009105682e-02 6.505736708641052246e-02 -1.434989720582962036e-01 -1.773611903190612793e-01 1.126025095582008362e-01
-4.497801885008811951e-03 -2.405164241790771484e-01 1.376999914646148682e-01 1.089588925242424011e-01 8.069682866334915161e-02 4.476457089185714722e-02 3.799280524253845215e-02 -1.702886521816253662e-01 -1.839905977249145508e-03 3.988970816135406494e-02 1.291937232017517090e-01 9.867489337921142578e-02 -1.819664388895034790e-01 7.202385365962982178e-02 1.536149382591247559e-01 1.664166748523712158e-01 7.571586966514587402e-02 7.615906745195388794e-02 4.032480716705322266e-02 1.310361474752426147e-01 1.635846495628356934e-01 -3.036163151264190674e-01 -1.174532622098922729e-02 5.739657208323478699e-02 -2.649800851941108704e-03 6.283205002546310425e-02 2.384988367557525635e-01 -1.146490052342414856e-01 -2.457229793071746826e-02 5.067882314324378967e-02 3.236864507198333740e-02 -8.832023292779922485e-02
-1.658719480037689209e-01 -2.574610151350498199e-02 -2.357599139213562012e-01 6.434022635221481323e-02 4.235558211803436279e-03 3.260086476802825928e-01 -4.012615233659744263e-02 -1.032394841313362122e-01 1.584747433662414551e-01 -2.169580012559890747e-02 -1.714458316564559937e-01 -1.830876171588897705e-01 -1.185925602912902832e-01 -3.800961375236511230e-02 -3.346969559788703918e-02 2.421412244439125061e-02 -1.771654486656188965e-01 -4.276138246059417725e-01 -1.375550776720046997e-01 -2.908991575241088867e-01 -4.649693071842193604e-01 -8.374302834272384644e-02 -8.020576834678649902e-02 -3.772550225257873535e-01 7.103390991687774658e-02 -7.586070895195007324e-02 8.264473080635070801e-02 2.477462738752365112e-01 9.996630251407623291e-05 1.623705923557281494e-01 4.070030152797698975e-01 -1.459477394819259644e-01
2.411536723375320435e-01 -2.707080245018005371e-01 1.488905549049377441e-01 -3.973867744207382202e-03 -3.213828802108764648e-02 -6.879113614559173584e-02 3.907519578933715820e-02 -8.514886349439620972e-02 3.782495856285095215e-02 -7.906469702720642090e-02 2.394818514585494995e-01 2.793625742197036743e-02 -3.761246800422668457e-03 1.148969009518623352e-01 3.820930421352386475e-02 1.818448677659034729e-02 5.422110855579376221e-02 1.975208520889282227e-01 1.708704978227615356e-02 1.222369000315666199e-01 1.662626713514328003e-01 -2.574405670166015625e-01 6.259318441152572632e-02 1.748002022504806519e-01 -1.659491509199142456e-01 1.117458269000053406e-01 1.554876118898391724e-01 -4.192679375410079956e-02 -6.537377834320068359e-02 -1.957668513059616089e-01 -1.830188333988189697e-01 -5.469359084963798523e-02
3.372631967067718506e-03 -2.375109791755676270e-01 1.391988992691040039e-01 1.208901777863502502e-01 5.544139817357063293e-02 1.243066787719726562e-01 1.118281856179237366e-02 -1.381968408823013306e-01 4.477696865797042847e-02 3.961785137653350830e-02 -1.370134949684143066e-02 3.419023007154464722e-02 -2.192588150501251221e-01 8.620013296604156494e-02 1.430803835391998291e-01 2.482682615518569946e-01 4.531575366854667664e-02 -1.842054352164268494e-02 -7.556504011154174805e-02 5.186059325933456421e-02 4.569701850414276123e-02 -2.965958714485168457e-01 -3.790902346372604370e-02 -1.476010773330926895e-02 2.132674679160118103e-02 -1.436985563486814499e-02 1.906787902116775513e-01 -6.903967261314392090e-02 -3.769281506538391113e-02 5.730911344289779663e-02 8.192401379346847534e-02 -1.238708794116973877e-01
8.309368789196014404e-02 -6.313232332468032837e-02 -4.104296118021011353e-02 -6.337817013263702393e-02 1.450720429420471191e-01 -9.256120026111602783e-02 -2.964639067649841309e-01 2.686617970466613770e-01 -1.608498767018318176e-02 -2.192427963018417358e-01 2.329483032226562500e-01 1.376350820064544678e-01 9.275371581315994263e-02 1.447100937366485596e-01 1.697613894939422607e-01 3.169279918074607849e-02 -2.289567291736602783e-01 2.381235361099243164e-02 -1.578863263130187988e-01 3.178218305110931396e-01 1.484098732471466064e-01 -4.953192546963691711e-02 7.950067520141601562e-04 6.183325126767158508e-02 5.889692157506942749e-02 1.920523941516876221e-01 6.926169246435165405e-02 -8.215906471014022827e-02 -6.082057580351829529e-02 -2.073263972997665405e-01 -1.500270217657089233e-01 -2.653069794178009033e-02
2.125895172357559204e-01 -1.685056090354919434e-01 -1.014554128050804138e-01 -1.321840882301330566e-01 7.925312221050262451e-02 7.655593752861022949e-02 -1.730161011219024658e-01 1.744494289159774780e-01 -2.508778125047683716e-02 -3.292252421379089355e-01 -2.631964981555938721e-01 -1.104570999741554260e-01 -9.897786378860473633e-02 1.550787687301635742e-01 1.188283711671829224e-01 5.428984761238098145e-03 -3.016028702259063721e-01 -1.648823320865631104e-01 -4.262245297431945801e-01 3.848711028695106506e-03 -9.926177561283111572e-02 -2.631235867738723755e-02 1.014139950275421143e-01 -9.966392070055007935e-03 -5.934856459498405457e-02 -1.396299004554748535e-01 1.155744642019271851e-01 -1.431684494018554688e-01 -1.125856935977935791e-01 -1.820430010557174683e-01 -2.095135152339935303e-01 -2.603145539760589600e-01
1.985554248094558716e-01 -4.383117705583572388e-02 1.180631443858146667e-01 -9.169329702854156494e-02 5.412846803665161133e-04 -1.180953904986381531e-01 -9.482134133577346802e-02 1.810987144708633423e-01 2.719690650701522827e-02 -1.092980057001113892e-01 2.236870378255844116e-01 6.762067973613739014e-02 2.367236912250518799e-01 -1.440888643264770508e-02 1.635394617915153503e-02 -6.372544914484024048e-02 -5.886034667491912842e-02 1.919322162866592407e-01 9.622018039226531982e-02 1.344173550605773926e-01 7.863546907901763916e-02 3.459838032722473145e-02 1.101467609405517578e-01 2.665723562240600586e-01 -6.833115220069885254e-02 2.339713573455810547e-01 -7.491473108530044556e-02 -2.055502124130725861e-02 -1.390416733920574188e-02 -2.409406155347824097e-01 -2.476396858692169189e-01 6.669144332408905029e-02
-3.576094657182693481e-02 2.895919978618621826e-01 -1.496677398681640625e-01 -2.553786933422088623e-01 -9.810348600149154663e-02 -2.236964106559753418e-01 4.395406693220138550e-02 1.296771168708801270e-01 -5.509300529956817627e-02 -7.689222693443298340e-03 2.505071461200714111e-02 1.625575423240661621e-01 2.182944416999816895e-01 6.777904927730560303e-02 -5.756153911352157593e-02 -2.165194898843765259e-01 -2.346701323986053467e-01 -2.810008823871612549e-03 1.666439622640609741e-01 2.314033173024654388e-02 -1.024035215377807617e-01 1.967666447162628174e-01 -1.748656481504440308e-02 1.980248093605041504e-02 1.307849735021591187e-01 2.633409500122070312e-01 -1.108818426728248596e-01 1.274752765893936157e-01 1.250536143779754639e-01 -1.230772435665130615e-01 7.882002741098403931e-03 3.283416926860809326e-01
-1.272580958902835846e-02 -3.314306139945983887e-01 1.418051272630691528e-01 -1.646216213703155518e-01 -2.197418361902236938e-02 -2.476198673248291016e-01 -1.368392705917358398e-01 -1.480532810091972351e-02 -2.449963688850402832e-01 -1.592110097408294678e-02 1.361532062292098999e-01 1.902678608894348145e-01 1.811617016792297363e-01 9.194189310073852539e-02 4.167869687080383301e-02 -1.465696245431900024e-01 -1.367718577384948730e-01 -1.311568543314933777e-02 1.507590711116790771e-01 -9.040830284357070923e-02 2.041928768157958984e-01 1.232334226369857788e-01 2.723862528800964355e-01 1.842885017395019531e-01 -1.357419639825820923e-01 -1.641045808792114258e-01 3.391455411911010742e-01 -2.819420099258422852e-01 9.589764475822448730e-02 -6.795625388622283936e-02 -3.015555739402770996e-01 -7.080692052841186523e-02
1.994696259498596191e-02 -3.314669728279113770e-01 2.162070944905281067e-03 5.743107199668884277e-02 1.445494294166564941e-01 -3.928261995315551758e-02 -2.704817354679107666e-01 3.421153500676155090e-02 -1.467893272638320923e-01 -1.518412530422210693e-01 -6.964559853076934814e-02 1.923151314258575439e-02 1.251210272312164307e-02 4.567690566182136536e-02 1.812517344951629639e-01 1.160085573792457581e-02 -1.449822783470153809e-01 -4.130129888653755188e-02 -2.649576365947723389e-01 7.110229879617691040e-02 1.166522800922393799e-01 2.038621157407760620e-02 1.016633957624435425e-01 1.123262345790863037e-01 -9.985533356666564941e-02 -1.629438102245330811e-01 1.834063231945037842e-01 -3.090182840824127197e-01 -8.682215213775634766e-02 -6.581628322601318359e-02 -3.099684417247772217e-01 -2.845659554004669189e-01
1.375515200197696686e-02 -8.705325424671173096e-02 9.236781299114227295e-02 -6.194254010915756226e-02 -1.864017546176910400e-02 -1.825647950172424316e-01 3.207425773143768311e-02 -1.095862239599227905e-01 -2.117994427680969238e-02 6.778380274772644043e-02 1.897608041763305664e-01 9.897342324256896973e-02 1.048315241932868958e-01 -3.268058598041534424e-02 -5.051752552390098572e-02 3.437855094671249390e-02 1.318581849336624146e-01 2.022684514522552490e-01 1.795193254947662354e-01 1.230936683714389801e-02 9.058600664138793945e-02 -1.676845550537109375e-01 -5.919367074966430664e-03 2.387815564870834351e-01 1.571958884596824646e-03 1.087496504187583923e-01 -5.633845925331115723e-03 -1.103545725345611572e-02 2.914040535688400269e-02 -1.998709142208099365e-02 -1.343090534210205078e-01 -2.104024216532707214e-02
3.256129845976829529e-02 -1.646315120160579681e-02 1.401597559452056885e-01 -4.569296538829803467e-02 -8.814126998186111450e-02 -1.373802274465560913e-01 5.080158263444900513e-02 -1.388233602046966553e-01 -5.253278464078903198e-02 8.558419346809387207e-02 4.086047410964965820e-03 2.504210174083709717e-02 3.011860698461532593e-02 -2.895634621381759644e-02 -8.025580644607543945e-02 6.337828189134597778e-02 6.849959492683410645e-02 1.438638716936111450e-01 9.300740063190460205e-02 -7.585498690605163574e-02 -1.569965109229087830e-02 -1.677382439374923706e-01 -5.663774162530899048e-02 1.217056065797805786e-01 6.010529771447181702e-02 4.405882209539413452e-02 1.069989055395126343e-03 -2.968375943601131439e-02 4.358992353081703186e-02 -5.955815315246582031e-03 -1.092710494995117188e-01 -2.591380849480628967e-02
