3.378691375255584717e-01 -1.094871014356613159e-02 -1.365223228931427002e-01 -3.956617712974548340e-01 1.990390866994857788e-01 -2.241787910461425781e-01 1.093494705855846405e-02 5.346364527940750122e-02 -1.969468593597412109e-01 -4.943843930959701538e-02 1.435960456728935242e-02 -2.057019025087356567e-01 5.050271004438400269e-02 6.322455406188964844e-02 -4.033963382244110107e-01 -1.624886095523834229e-01 -8.222600072622299194e-02 1.517034173011779785e-01 1.619946211576461792e-02 -2.397673279047012329e-01 -5.409730598330497742e-02 1.729282140731811523e-01 1.754805892705917358e-01 2.071641534566879272e-01 -6.389133632183074951e-02 -5.264853686094284058e-02 -1.817873567342758179e-01 1.381151750683784485e-02 -9.551709145307540894e-02 -9.627789258956909180e-02 8.282653242349624634e-02 7.883916608989238739e-03
-2.615876495838165283e-01 -2.117314003407955170e-02 -1.393605917692184448e-01 1.169233024120330811e-01 -5.341368168592453003e-02 -3.727994859218597412e-03 -1.323072016239166260e-01 -1.295489519834518433e-01 3.122545033693313599e-02 -4.126934707164764404e-02 9.177404642105102539e-02 7.683552801609039307e-03 2.430527210235595703e-01 -2.068494260311126709e-02 -9.369279444217681885e-02 -1.800194382667541504e-03 7.552325725555419922e-02 6.924328207969665527e-02 -6.419377028942108154e-02 -2.101891785860061646e-01 4.201580584049224854e-02 -1.049915850162506104e-01 -2.208788692951202393e-02 6.632693111896514893e-04 -1.326681971549987793e-01 -1.757914759218692780e-02 -7.210677862167358398e-02 2.020278275012969971e-01 2.837489172816276550e-02 2.145279943943023682e-01 5.131310224533081055e-02 -3.517656400799751282e-02
1.446833312511444092e-01 -1.570676863193511963e-01 -2.908221259713172913e-02 -5.298602953553199768e-02 1.708776131272315979e-02 -2.840273082256317139e-03 7.985056936740875244e-02 -2.529178187251091003e-02 -3.953523933887481689e-03 8.143269270658493042e-02 1.674772948026657104e-01 -3.304374590516090393e-02 -1.524519920349121094e-01 5.578460544347763062e-02 1.960109546780586243e-02 5.335453897714614868e-03 -3.666050732135772705e-03 7.877259701490402222e-02 -1.036545559763908386e-01 -1.858219802379608154e-01 -2.968684956431388855e-02 4.763340577483177185e-02 -4.441247135400772095e-02 -7.938084006309509277e-02 -1.931015402078628540e-02 1.042452603578567505e-01 -2.519787661731243134e-02 1.993957161903381348e-02 1.237808316946029663e-01 -1.622373908758163452e-01 6.368934363126754761e-02 -2.214336991310119629e-01
2.219505012035369873e-01 -5.482307076454162598e-01 1.528103649616241455e-01 -3.103499710559844971e-01 2.635465860366821289e-01 -2.593558132648468018e-01 -6.577233970165252686e-02 2.657242864370346069e-02 -3.423808142542839050e-02 -1.353140324354171753e-01 -8.483477681875228882e-02 -4.682424664497375488e-02 1.150888130068778992e-01 1.144934371113777161e-01 6.927549839019775391e-02 -2.209185808897018433e-02 -6.566043943166732788e-02 -1.487988531589508057e-01 -2.068697512149810791e-01 -3.344864249229431152e-01 -1.833866536617279053e-02 -1.600048840045928955e-01 2.632243037223815918e-01 2.857469022274017334e-01 9.126843512058258057e-02 -9.111843258142471313e-02 1.642629355192184448e-01 -3.863801062107086182e-01 9.087844938039779663e-02 2.143338322639465332e-03 6.326984614133834839e-02 -5.604975819587707520e-01
1.968971341848373413e-01 1.595678031444549561e-01 -1.275284886360168457e-01 -3.952543437480926514e-01 7.183664292097091675e-02 -2.802463769912719727e-01 1.858757883310317993e-01 -2.440177276730537415e-02 -6.886985898017883301e-02 -6.581224501132965088e-03 2.581204846501350403e-02 -2.392404079437255859e-01 -7.680207490921020508e-02 1.257702410221099854e-01 -3.660142123699188232e-01 -1.629308164119720459e-01 -1.310867071151733398e-01 -1.134423166513442993e-02 1.091917157173156738e-01 -2.740219533443450928e-01 7.233213633298873901e-02 -2.623946964740753174e-02 1.340980231761932373e-01 -2.608080208301544189e-02 -6.412456929683685303e-02 -6.270112842321395874e-02 -1.779212802648544312e-01 -8.551345765590667725e-02 -1.591430976986885071e-03 -1.587932407855987549e-01 1.283558607101440430e-01 -8.681658655405044556e-03
1.628444939851760864e-01 -1.571168601512908936e-01 -4.557869955897331238e-02 8.839714527130126953e-02 7.204373925924301147e-02 3.691561520099639893e-03 -1.321950554847717285e-01 -4.670526087284088135e-02 1.066788136959075928e-01 -4.997152835130691528e-02 2.037727236747741699e-01 2.280812859535217285e-01 -1.259956806898117065e-01 -8.178789168596267700e-03 2.004519999027252197e-01 1.052227020263671875e-01 -1.043073758482933044e-01 -3.671772778034210205e-03 -2.746585011482238770e-01 -2.144291996955871582e-02 8.787085860967636108e-02 -1.259506791830062866e-01 -2.676379084587097168e-01 -8.879174292087554932e-02 -5.230750516057014465e-02 1.765437871217727661e-01 -5.598152801394462585e-02 -1.994703412055969238e-01 1.111567765474319458e-01 -2.629528194665908813e-02 -1.006599813699722290e-01 -3.119828701019287109e-01
6.390983611345291138e-02 -1.638147234916687012e-01 -4.400474950671195984e-02 -1.995560824871063232e-01 2.697099447250366211e-01 -3.269284963607788086e-03 1.818607747554779053e-01 -9.340519458055496216e-02 -5.828064680099487305e-02 4.395178705453872681e-02 1.648815870285034180e-01 -2.377480268478393555e-01 -4.691419377923011780e-02 2.943014800548553467e-01 -1.277592629194259644e-01 5.991086363792419434e-02 1.489118635654449463e-01 -5.042144656181335449e-02 -4.806670919060707092e-02 -2.405263632535934448e-01 1.479033380746841431e-02 4.295084625482559204e-03 -6.482381373643875122e-02 5.545733869075775146e-02 -3.256068751215934753e-02 4.907607287168502808e-02 -5.648356676101684570e-02 -1.532449722290039062e-01 2.717318758368492126e-02 -7.357579469680786133e-02 7.885964959859848022e-02 -3.823746740818023682e-01
2.627422809600830078e-01 -3.737374767661094666e-02 -1.116786599159240723e-01 -2.759247422218322754e-01 -2.121091187000274658e-01 -2.453733682632446289e-01 -1.092939227819442749e-01 -6.707448512315750122e-03 -3.403156995773315430e-02 3.782054036855697632e-02 1.330557018518447876e-01 1.164536923170089722e-02 -1.259138286113739014e-01 6.914762407541275024e-02 -1.613903045654296875e-01 -6.863128393888473511e-02 -3.171703517436981201e-01 -9.841887652873992920e-02 2.889955043792724609e-02 -3.242697417736053467e-01 -4.237362742424011230e-02 1.721537485718727112e-02 2.580992281436920166e-01 -2.629296779632568359e-01 6.973452866077423096e-02 -6.403794139623641968e-02 2.603210508823394775e-03 -4.161659255623817444e-02 1.667075157165527344e-01 -1.656196117401123047e-01 3.409488201141357422e-01 1.673393547534942627e-01
-6.981223076581954956e-02 3.111157715320587158e-01 -3.813652321696281433e-02 1.568615436553955078e-01 1.101132482290267944e-02 7.965644448995590210e-02 2.212006784975528717e-02 -1.357043087482452393e-01 2.650327235460281372e-02 -1.933498680591583252e-02 1.110784932971000671e-01 3.325221687555313110e-02 -8.999313414096832275e-02 -1.192094907164573669e-01 -6.736384332180023193e-02 -3.416026383638381958e-02 8.516097068786621094e-02 1.769557595252990723e-01 8.176653832197189331e-02 2.769484370946884155e-02 -8.284707367420196533e-02 -2.122770249843597412e-02 -2.632654011249542236e-01 -1.539182066917419434e-01 5.054164305329322815e-02 1.629766672849655151e-01 -1.261165440082550049e-01 9.294360876083374023e-02 1.853072643280029297e-01 1.989434212446212769e-01 3.384151309728622437e-02 -3.782356902956962585e-02
-2.410474270582199097e-01 2.520206272602081299e-01 -1.286906376481056213e-02 4.594941064715385437e-02 8.125884085893630981e-02 4.732958227396011353e-02 1.973984539508819580e-01 -3.698674589395523071e-02 -3.710138052701950073e-02 5.832115560770034790e-02 -1.304863691329956055e-01 -2.058840394020080566e-01 5.388581007719039917e-02 1.549544930458068848e-01 -1.605108976364135742e-01 1.666671633720397949e-01 2.918738126754760742e-01 -5.945708602666854858e-02 2.638681232929229736e-01 9.449780918657779694e-03 -6.586699187755584717e-02 8.776159584522247314e-02 3.645423799753189087e-02 -1.733890622854232788e-01 9.912522137165069580e-02 1.141688525676727295e-01 1.196115091443061829e-02 3.841435611248016357e-01 -1.163160428404808044e-02 -1.445966958999633789e-01 5.972950905561447144e-02 2.772130370140075684e-01
3.151595294475555420e-01 -2.530491650104522705e-01 -1.063109040260314941e-01 -2.596713006496429443e-01 1.045695692300796509e-01 -1.119162067770957947e-01 1.136166453361511230e-01 8.112892508506774902e-02 -3.151074647903442383e-01 -1.505493521690368652e-01 8.146069943904876709e-02 -2.861261665821075439e-01 2.016771137714385986e-01 3.516684770584106445e-01 -2.388095557689666748e-01 1.159933954477310181e-01 1.291518509387969971e-01 -5.054552108049392700e-03 -5.006227642297744751e-02 -1.335389018058776855e-01 9.879795461893081665e-02 6.008345633745193481e-03 -1.501592248678207397e-02 4.198502004146575928e-01 -1.788798272609710693e-01 3.422791510820388794e-02 -2.652637362480163574e-01 5.148870870471000671e-02 -2.741874754428863525e-01 -3.028515577316284180e-01 -1.267051845788955688e-01 2.341547235846519470e-02
-1.126071512699127197e-01 1.327341422438621521e-02 -1.710322648286819458e-01 -1.010662466287612915e-01 -6.226313114166259766e-02 -9.529337286949157715e-02 3.677818179130554199e-02 -7.014375925064086914e-02 5.662879347801208496e-02 -3.289593011140823364e-02 7.319215685129165649e-02 -1.379238963127136230e-01 2.349400818347930908e-01 2.986929938197135925e-02 -2.189481407403945923e-01 7.588363438844680786e-02 1.658265292644500732e-02 -4.361313953995704651e-02 -1.360019445419311523e-01 -3.387960791587829590e-01 9.327605366706848145e-04 2.483439818024635315e-02 5.431647226214408875e-02 1.086258701980113983e-02 -2.091857939958572388e-01 -1.892551183700561523e-01 -1.697113662958145142e-01 1.381087601184844971e-01 1.305516362190246582e-01 6.863574683666229248e-02 8.427282422780990601e-02 -1.175523847341537476e-01
1.232553049921989441e-01 4.063318297266960144e-02 -8.942246437072753906e-03 -3.456118702888488770e-01 -6.918840110301971436e-03 -1.714778244495391846e-01 1.669342368841171265e-01 2.176738530397415161e-02 -1.101567149162292480e-01 -7.534182816743850708e-02 -1.147328987717628479e-01 -2.126322388648986816e-01 4.960969835519790649e-02 6.337958574295043945e-02 -2.153358459472656250e-01 1.188538223505020142e-01 -5.288042873144149780e-02 -8.546045422554016113e-02 -2.206948772072792053e-02 -2.460177391767501831e-01 -1.156462356448173523e-01 2.561562657356262207e-01 1.700133383274078369e-01 -3.363361209630966187e-02 -8.914333581924438477e-02 -2.199549376964569092e-01 -1.766469031572341919e-01 -6.540045887231826782e-02 1.654707640409469604e-01 -1.048795133829116821e-01 3.602545708417892456e-02 -7.159820199012756348e-02
4.664334952831268311e-01 -1.596401631832122803e-01 1.862100660800933838e-01 -3.533324301242828369e-01 -1.146173477172851562e-01 -2.547316551208496094e-01 -3.751174807548522949e-01 1.572357863187789917e-01 -2.266756147146224976e-01 -1.364632844924926758e-01 -1.110696271061897278e-01 -1.662012189626693726e-02 4.197974503040313721e-02 -1.919310688972473145e-01 -5.298984795808792114e-02 -1.745075881481170654e-01 -3.564037084579467773e-01 9.171622246503829956e-02 -1.020608097314834595e-02 -2.704185247421264648e-01 -1.423258483409881592e-01 3.139420449733734131e-01 5.167024731636047363e-01 -1.938264518976211548e-01 1.595485955476760864e-03 -2.117135748267173767e-02 2.847675979137420654e-02 8.130843751132488251e-03 4.693354666233062744e-02 -6.964632868766784668e-02 1.441878378391265869e-01 2.724536061286926270e-01
-2.180416136980056763e-01 -1.277970969676971436e-01 7.135875523090362549e-02 1.922502666711807251e-01 2.195885777473449707e-02 8.866814523935317993e-02 -7.309172302484512329e-02 -9.376128762960433960e-02 -7.812638580799102783e-02 -1.036286801099777222e-01 -6.762638688087463379e-03 1.262418925762176514e-03 2.152662277221679688e-01 1.263581812381744385e-01 -1.591144129633903503e-02 1.552710831165313721e-01 2.991630434989929199e-01 6.858769804239273071e-02 -4.600818082690238953e-02 1.096300687640905380e-02 8.992173522710800171e-02 -1.525181382894515991e-01 -2.973408252000808716e-02 8.441480994224548340e-02 -1.523493826389312744e-01 -2.947032451629638672e-03 -1.037332788109779358e-01 1.028868779540061951e-01 9.878244251012802124e-03 1.827890872955322266e-01 -9.393588453531265259e-02 -1.096591129899024963e-01
1.501899510622024536e-01 -2.963728010654449463e-01 4.293225705623626709e-02 -8.659860491752624512e-02 -1.763511449098587036e-01 -1.074678003787994385e-01 3.333239257335662842e-02 2.194406688213348389e-01 -1.600645333528518677e-01 8.381776511669158936e-03 -1.415292620658874512e-01 -5.232483148574829102e-02 1.782386749982833862e-02 1.721455156803131104e-01 4.687044396996498108e-02 1.527941375970840454e-01 -5.250444263219833374e-02 -1.856828331947326660e-01 1.039773970842361450e-01 7.348955422639846802e-02 1.128995195031166077e-01 1.275526434183120728e-01 1.594873219728469849e-01 1.630399972200393677e-01 -6.093446537852287292e-02 3.522562980651855469e-02 -4.132035002112388611e-02 -3.841868415474891663e-02 -1.252042353153228760e-01 -3.862609267234802246e-01 -4.692601785063743591e-02 1.840011328458786011e-01
1.203939318656921387e-01 2.201153188943862915e-01 -2.152972966432571411e-01 -3.514763414859771729e-01 1.244758963584899902e-01 -2.325229644775390625e-01 2.478930503129959106e-01 -1.052524596452713013e-01 -2.775698155164718628e-02 1.430802792310714722e-02 2.953775227069854736e-03 -2.312197685241699219e-01 -9.881039708852767944e-02 8.602610230445861816e-02 -3.804050981998443604e-01 -1.895635128021240234e-01 -5.561204999685287476e-02 1.997247338294982910e-03 6.903650611639022827e-02 -2.524413168430328369e-01 2.512540668249130249e-02 -4.048071801662445068e-02 4.642641544342041016e-02 -1.176531985402107239e-01 1.854478195309638977e-02 -5.534547567367553711e-02 -1.617667675018310547e-01 -1.285818517208099365e-01 8.342316001653671265e-02 -6.680528819561004639e-02 1.557051837444305420e-01 -1.228139773011207581e-01
1.886496543884277344e-01 1.172782629728317261e-01 -7.298207283020019531e-02 -2.977792322635650635e-01 3.831681013107299805e-01 -1.043944954872131348e-01 1.659833937883377075e-01 9.643162786960601807e-02 -2.750653624534606934e-01 -7.494729757308959961e-02 -1.154270544648170471e-01 -1.732096374034881592e-01 9.778245538473129272e-02 -9.330224245786666870e-03 -1.617722511291503906e-01 -1.492974758148193359e-01 2.576035633683204651e-02 9.278359264135360718e-02 1.912666559219360352e-01 -3.305646777153015137e-02 -2.614308148622512817e-02 1.997296065092086792e-01 5.006629973649978638e-02 3.932013809680938721e-01 -1.561207175254821777e-01 -2.866494283080101013e-02 -2.056034356355667114e-01 -1.818646788597106934e-01 -1.604655534029006958e-01 9.355974942445755005e-02 -2.109530568122863770e-01 -5.090086907148361206e-02
-8.869873732328414917e-02 2.248625010251998901e-01 -1.574757695198059082e-01 -2.268943786621093750e-01 1.634332165122032166e-02 -1.758412718772888184e-01 9.240981191396713257e-02 -1.210977062582969666e-01 1.251565068960189819e-01 2.816630154848098755e-02 2.407531812787055969e-02 -1.661339700222015381e-01 1.465537548065185547e-01 -8.313905447721481323e-02 -2.634434103965759277e-01 -4.024372994899749756e-02 -1.319744884967803955e-01 -1.259036362171173096e-03 -4.085083678364753723e-02 -4.555138349533081055e-01 -1.221097260713577271e-01 5.806070938706398010e-02 1.018905341625213623e-01 -1.693810075521469116e-01 -8.259989321231842041e-02 -2.221104353666305542e-01 -1.126706823706626892e-01 -2.149647567421197891e-03 2.874454259872436523e-01 9.952902793884277344e-02 1.864822208881378174e-01 -1.629767119884490967e-01
-3.956571221351623535e-02 3.854772821068763733e-02 6.198883056640625000e-06 3.636304289102554321e-02 -5.766335129737854004e-02 6.142651289701461792e-02 1.224446296691894531e-01 2.698382735252380371e-02 -3.624721616506576538e-02 6.005079299211502075e-02 8.791018277406692505e-03 -1.572205871343612671e-01 -5.024209618568420410e-03 1.483327299356460571e-01 -9.504418075084686279e-02 1.295516490936279297e-01 1.484302580356597900e-01 5.505221337080001831e-02 8.256668597459793091e-02 -7.371320575475692749e-02 -2.673723921179771423e-02 1.038676202297210693e-01 1.926010102033615112e-02 -8.575478196144104004e-02 3.395296633243560791e-02 6.257953494787216187e-02 -2.250905334949493408e-02 3.360709547996520996e-01 -1.935861073434352875e-02 -2.068295329809188843e-01 1.406399905681610107e-01 1.825811415910720825e-01
-3.717300295829772949e-02 -8.633871376514434814e-02 -2.553746998310089111e-01 -1.375019848346710205e-01 -1.257329434156417847e-01 -1.267952769994735718e-01 1.314186155796051025e-01 -6.001030281186103821e-02 -2.365845069289207458e-02 -6.664890795946121216e-02 1.596249490976333618e-01 -2.477725148200988770e-01 1.848492324352264404e-01 2.078328430652618408e-01 -2.816317379474639893e-01 1.164564639329910278e-01 1.009390354156494141e-01 -9.376001358032226562e-02 -1.095340624451637268e-01 -3.035455644130706787e-01 1.155249997973442078e-01 -1.054906621575355530e-01 3.296496346592903137e-02 6.236057728528976440e-02 -2.030199468135833740e-01 -1.215386837720870972e-01 -2.669310569763183594e-01 1.342747807502746582e-01 5.210494995117187500e-02 -1.256077140569686890e-01 1.340096890926361084e-01 -1.197642460465431213e-01
-2.376937419176101685e-01 6.888489425182342529e-02 -4.050472974777221680e-01 2.329534739255905151e-01 -1.490011662244796753e-01 -8.330543339252471924e-02 -2.009073346853256226e-01 -2.743847370147705078e-01 2.158680260181427002e-01 9.767503291368484497e-02 3.188192248344421387e-01 8.389285951852798462e-02 7.394667714834213257e-02 -1.383961141109466553e-01 -3.527688607573509216e-02 -2.698117494583129883e-01 -1.279057860374450684e-01 7.510622590780258179e-02 -2.438716776669025421e-02 -2.941143512725830078e-01 9.213977307081222534e-02 -2.570967674255371094e-01 -5.467379093170166016e-02 -2.515391111373901367e-01 1.062045618891716003e-02 5.849558115005493164e-02 3.194102644920349121e-02 1.063829809427261353e-01 -1.205979287624359131e-02 1.907481551170349121e-01 2.929830849170684814e-01 1.324488073587417603e-01
8.536442369222640991e-02 1.204604506492614746e-01 -1.453129053115844727e-01 -3.128396570682525635e-01 -1.530591100454330444e-01 -2.726887762546539307e-01 -5.518393963575363159e-02 -1.143994256854057312e-01 1.389744132757186890e-02 2.408377826213836670e-02 9.937036782503128052e-02 -1.499433219432830811e-01 4.498534649610519409e-02 -6.139682233333587646e-02 -2.724684476852416992e-01 -9.529279917478561401e-02 -2.683557569980621338e-01 -5.263748764991760254e-02 1.653732731938362122e-02 -5.164460539817810059e-01 -5.360604077577590942e-02 3.897479549050331116e-02 2.316871583461761475e-01 -3.104001283645629883e-01 -1.142994314432144165e-02 -1.405605524778366089e-01 -3.231984004378318787e-02 -3.355289623141288757e-02 2.981199622154235840e-01 -7.247771322727203369e-02 3.433304727077484131e-01 2.979878149926662445e-02
3.625426813960075378e-02 -6.637898087501525879e-02 -3.154007196426391602e-01 -1.911533325910568237e-01 -2.136932909488677979e-01 -2.013368606567382812e-01 1.318162232637405396e-01 -1.273802220821380615e-01 3.660506010055541992e-02 -2.664726600050926208e-02 1.957743167877197266e-01 -2.861033082008361816e-01 1.108893975615501404e-01 1.498489379882812500e-01 -3.413637280464172363e-01 6.992157548666000366e-02 2.378332242369651794e-02 -8.861489593982696533e-02 -1.200725212693214417e-01 -3.663169145584106445e-01 1.716051101684570312e-01 -9.122899174690246582e-02 9.399146586656570435e-02 -2.602710947394371033e-02 -1.942951232194900513e-01 -1.771249026060104370e-01 -2.714850604534149170e-01 4.892358928918838501e-02 5.918098986148834229e-02 -2.292941063642501831e-01 1.927410066127777100e-01 -4.681712761521339417e-02
5.785974115133285522e-02 -1.115774214267730713e-01 1.655885428190231323e-01 6.177010014653205872e-03 -1.924554407596588135e-01 4.764252156019210815e-02 2.009594626724720001e-02 1.979416608810424805e-01 5.569845438003540039e-02 4.776152223348617554e-02 -2.088225781917572021e-01 1.220660433173179626e-01 3.616949170827865601e-02 -2.378384768962860107e-02 6.262010335922241211e-02 1.088963449001312256e-01 -1.230999901890754700e-01 -1.984291970729827881e-01 1.416771113872528076e-01 -3.915546089410781860e-02 -3.685680404305458069e-02 1.547775566577911377e-01 1.508109569549560547e-01 -7.748629897832870483e-02 -1.543095335364341736e-02 2.656575851142406464e-02 4.888808727264404297e-02 3.488603234291076660e-02 8.737172186374664307e-02 -1.207090467214584351e-01 1.079410314559936523e-02 1.375509500503540039e-01
-1.396088302135467529e-01 -2.749277353286743164e-01 3.846101462841033936e-03 2.066487520933151245e-01 -2.791090309619903564e-01 4.367164522409439087e-02 -3.133861124515533447e-01 -3.284065425395965576e-02 6.664241850376129150e-02 -2.498775348067283630e-02 1.200354844331741333e-01 1.988340616226196289e-01 1.927290558815002441e-01 8.504457771778106689e-03 1.492072194814682007e-01 8.958827704191207886e-02 -3.826767206192016602e-02 -8.225914090871810913e-02 -8.637335896492004395e-02 -1.521001756191253662e-01 -4.021237045526504517e-02 -6.544757634401321411e-02 6.340985745191574097e-02 -5.478925257921218872e-02 -3.528100624680519104e-02 1.188823431730270386e-01 7.210891693830490112e-02 2.257369458675384521e-01 -2.040157839655876160e-02 5.411573499441146851e-02 7.762520760297775269e-02 1.437868028879165649e-01
-7.017119973897933960e-02 2.286375612020492554e-01 -1.027116775512695312e-01 1.676712185144424438e-01 -1.103372126817703247e-02 8.096454292535781860e-02 1.771291643381118774e-01 -6.275131553411483765e-02 8.871610462665557861e-02 5.383155494928359985e-02 5.698231607675552368e-02 -9.534144401550292969e-02 -4.046939313411712646e-02 8.589135855436325073e-02 -6.665284931659698486e-02 1.520659774541854858e-01 1.616910994052886963e-01 3.367606550455093384e-02 1.270526647567749023e-02 -2.017814666032791138e-02 -4.921935498714447021e-02 2.926177158951759338e-02 -2.011183798313140869e-01 -4.476515203714370728e-02 -5.556136742234230042e-02 1.040161699056625366e-01 -1.634222269058227539e-01 1.661725640296936035e-01 4.989324510097503662e-02 -4.773265868425369263e-02 5.408936738967895508e-02 2.419174462556838989e-02
1.540074124932289124e-03 -1.796445436775684357e-02 -2.729917690157890320e-02 1.299400180578231812e-01 -1.076444536447525024e-01 3.452196717262268066e-02 -8.662115037441253662e-02 1.431317627429962158e-02 3.600650280714035034e-02 -1.525065451860427856e-01 1.312591135501861572e-01 -3.661231324076652527e-02 5.465969443321228027e-04 5.866716429591178894e-02 8.234392106533050537e-02 1.906892955303192139e-01 1.143476366996765137e-01 1.239847317337989807e-01 -2.282855659723281860e-01 -5.877320468425750732e-02 -5.951955541968345642e-02 3.949757665395736694e-03 -1.177996471524238586e-01 9.823510423302650452e-03 -4.434106126427650452e-02 2.982516027987003326e-02 -8.319912850856781006e-02 1.635100841522216797e-01 7.565432041883468628e-02 -8.410218358039855957e-02 -2.165250480175018311e-04 -7.637991011142730713e-02
1.565482616424560547e-01 -1.450103670358657837e-01 7.603785395622253418e-02 -9.362578392028808594e-02 -8.429346978664398193e-02 -1.171924173831939697e-03 1.187909692525863647e-01 -3.146661818027496338e-02 -1.406530886888504028e-01 2.203784286975860596e-01 -1.091852039098739624e-02 -1.278535723686218262e-01 -8.414743095636367798e-02 2.007225155830383301e-02 -1.230614483356475830e-01 -1.569474339485168457e-01 -4.178678989410400391e-02 -1.272555068135261536e-02 1.640268266201019287e-01 -2.767332494258880615e-01 7.360942661762237549e-03 8.980429172515869141e-02 2.148007154464721680e-01 -8.580110967159271240e-02 2.158178761601448059e-02 2.101357467472553253e-02 5.235199630260467529e-02 1.019516736268997192e-01 -3.711063414812088013e-03 -1.721359342336654663e-01 1.694550812244415283e-01 5.359739437699317932e-02
9.626019001007080078e-02 -6.700928509235382080e-02 -2.637967839837074280e-02 1.649755984544754028e-02 1.497789025306701660e-01 3.561101853847503662e-02 -4.586654901504516602e-02 -2.092486619949340820e-01 4.092608392238616943e-02 -3.195264637470245361e-01 3.664322793483734131e-01 9.250745177268981934e-03 6.191141158342361450e-02 2.669121623039245605e-01 7.418794929981231689e-02 2.311712205410003662e-01 2.648990452289581299e-01 2.706411480903625488e-02 -2.743778824806213379e-01 -1.143388226628303528e-01 2.489306032657623291e-03 -2.376657873392105103e-01 -3.618662655353546143e-01 1.358435899019241333e-01 -1.351994648575782776e-02 2.163568288087844849e-01 -1.363715231418609619e-01 -8.754433691501617432e-02 1.356070861220359802e-02 1.337328851222991943e-01 -7.534075528383255005e-02 -3.658238351345062256e-01
3.585186898708343506e-01 -1.117695569992065430e-01 1.976121217012405396e-03 -3.200359940528869629e-01 4.911160841584205627e-02 -1.990574896335601807e-01 -5.781562626361846924e-02 1.256404072046279907e-01 -3.260930180549621582e-01 -5.438943579792976379e-02 -5.403193831443786621e-02 -1.186358779668807983e-01 7.401200383901596069e-02 -1.347042620182037354e-02 -1.538740098476409912e-01 -1.194745227694511414e-01 -1.648184359073638916e-01 1.532743126153945923e-02 9.185385704040527344e-02 -1.078339219093322754e-01 -4.691187292337417603e-02 2.595455944538116455e-01 2.778252065181732178e-01 2.584838569164276123e-01 -1.411602199077606201e-01 3.100718371570110321e-02 -1.515470445156097412e-01 -6.329338997602462769e-02 -1.886930316686630249e-01 -1.447564661502838135e-01 -3.063325025141239166e-02 1.231896802783012390e-01
1.868187785148620605e-01 -9.249202609062194824e-01 4.461320340633392334e-01 -2.263523340225219727e-01 -2.597104310989379883e-01 -3.102514743804931641e-01 -5.150797367095947266e-01 2.141851484775543213e-01 -1.389001309871673584e-01 -1.389573067426681519e-01 -4.542862474918365479e-01 4.978038668632507324e-01 3.796595633029937744e-01 -1.323016285896301270e-01 4.387788474559783936e-01 2.200098335742950439e-01 -1.887280941009521484e-01 -4.386107921600341797e-01 -1.497777104377746582e-01 -1.747709065675735474e-01 -1.937674283981323242e-01 -1.938365846872329712e-01 6.271313428878784180e-01 1.187445595860481262e-01 3.832639157772064209e-01 9.607629850506782532e-03 5.059940218925476074e-01 -7.625037431716918945e-02 2.521984577178955078e-01 -2.392736822366714478e-01 -1.112703830003738403e-01 8.617464452981948853e-02
7.253999263048171997e-02 -2.676514536142349243e-02 1.863464526832103729e-02 1.784449219703674316e-01 -5.710469186305999756e-02 5.593106895685195923e-02 -3.971638679504394531e-01 9.696532785892486572e-02 1.098359376192092896e-02 -1.818239092826843262e-01 9.756244719028472900e-02 1.900797188282012939e-01 -7.508774101734161377e-02 -2.135991752147674561e-01 2.775563299655914307e-01 -3.324374556541442871e-02 -2.061245441436767578e-01 1.238775029778480530e-01 -1.862463355064392090e-01 -4.659220576286315918e-02 -4.843991622328758240e-02 7.508920133113861084e-02 -1.048452928662300110e-01 -1.626794487237930298e-01 -4.225308075547218323e-02 7.141954451799392700e-02 3.618239611387252808e-02 -1.102024987339973450e-01 3.162308335304260254e-01 1.170575320720672607e-01 -6.899084895849227905e-02 -2.467171698808670044e-01
5.308727025985717773e-01 -8.927182853221893311e-02 2.561761140823364258e-01 1.684521734714508057e-01 -3.347707986831665039e-01 -6.956142187118530273e-02 -4.569422304630279541e-01 9.048219025135040283e-02 -1.914265379309654236e-02 1.695872545242309570e-01 1.379293948411941528e-02 5.329818725585937500e-01 -3.864990472793579102e-01 -1.029321029782295227e-01 2.176964133977890015e-01 -3.217597007751464844e-01 -5.742494463920593262e-01 1.483815908432006836e-02 1.599041074514389038e-01 -3.747296705842018127e-02 6.142031401395797729e-02 -3.637942969799041748e-01 1.333089917898178101e-01 -2.325522750616073608e-01 3.522564172744750977e-01 3.690720796585083008e-01 3.935989737510681152e-01 -1.240824386477470398e-01 -5.819540098309516907e-02 -1.931585818529129028e-01 2.912105619907379150e-01 2.534841597080230713e-01
7.966772466897964478e-02 -1.388227492570877075e-01 -7.795529067516326904e-02 -2.992039918899536133e-02 1.252088248729705811e-01 4.673112183809280396e-02 7.830426841974258423e-02 -5.283325165510177612e-02 4.686684906482696533e-02 -1.981456577777862549e-02 2.355440855026245117e-01 -8.809836208820343018e-02 -1.319407969713211060e-01 1.409224569797515869e-01 3.057328984141349792e-02 1.326347142457962036e-01 1.110099554061889648e-01 9.446198493242263794e-02 -2.489478588104248047e-01 -1.251050531864166260e-01 -1.366666704416275024e-02 4.743725433945655823e-02 -1.770335733890533447e-01 -4.142050072550773621e-02 -6.621100008487701416e-02 1.215100437402725220e-01 -9.509342908859252930e-02 -2.227010205388069153e-02 1.303001642227172852e-01 -7.928289473056793213e-02 3.103732317686080933e-02 -3.521814346313476562e-01
1.783626228570938110e-01 -1.840557903051376343e-01 -2.118070423603057861e-02 4.484895244240760803e-02 -7.842315733432769775e-02 -1.571801304817199707e-02 -1.380431801080703735e-01 -6.245842203497886658e-02 6.185846030712127686e-02 -1.652868688106536865e-01 1.792976111173629761e-01 3.519623726606369019e-02 -6.223764270544052124e-02 4.115927219390869141e-02 1.306388527154922485e-01 1.431567072868347168e-01 -9.515579789876937866e-02 1.121492311358451843e-01 -3.594446480274200439e-01 -1.713829636573791504e-01 -8.954766392707824707e-02 -8.515151590108871460e-02 -1.401812732219696045e-01 2.667752467095851898e-02 -5.814496055245399475e-02 1.105969548225402832e-01 -1.800193078815937042e-02 -3.958652727305889130e-03 6.258474290370941162e-02 -1.269875764846801758e-01 4.131611436605453491e-02 -2.751914858818054199e-01
2.193421274423599243e-01 -7.031980156898498535e-01 1.935854256153106689e-01 -3.109600841999053955e-01 2.147101461887359619e-01 -2.447581887245178223e-01 -1.482381373643875122e-01 1.115845888853073120e-01 7.791166007518768311e-02 -2.578417360782623291e-01 -5.443746596574783325e-02 6.404479593038558960e-02 2.439607083797454834e-01 1.406331211328506470e-01 1.868856400251388550e-01 1.910060942173004150e-01 1.317650079727172852e-03 -1.644663065671920776e-01 -3.264986574649810791e-01 -2.318065911531448364e-01 -3.153691068291664124e-02 -2.030295431613922119e-01 1.756643056869506836e-01 2.912576496601104736e-01 8.922848105430603027e-02 -3.034818917512893677e-03 1.735151112079620361e-01 -2.722690105438232422e-01 1.586561203002929688e-01 -1.108116656541824341e-01 -1.549970731139183044e-02 -5.950716733932495117e-01
1.245467066764831543e-01 3.956717625260353088e-02 1.709512472152709961e-01 1.857752203941345215e-01 -2.515377104282379150e-01 -5.267382413148880005e-02 -3.965516686439514160e-01 -1.679473742842674255e-02 -4.721739143133163452e-02 -3.017200231552124023e-01 -1.144941970705986023e-01 9.975690394639968872e-02 8.307496458292007446e-02 -2.019727230072021484e-01 -1.635072752833366394e-03 -4.851873964071273804e-02 -4.424440115690231323e-02 1.773850917816162109e-01 1.246269792318344116e-03 -8.338037878274917603e-02 -9.884707629680633545e-02 -1.409042775630950928e-01 2.278211116790771484e-01 -1.588571071624755859e-01 1.915466338396072388e-01 -3.588311374187469482e-03 8.576097339391708374e-02 3.042014837265014648e-01 -5.588194727897644043e-02 4.275110736489295959e-02 1.873356103897094727e-02 2.881484627723693848e-01
-1.478863060474395752e-01 -1.058793067932128906e-02 -9.861786663532257080e-02 5.147935077548027039e-02 -1.422331184148788452e-01 -3.823070228099822998e-02 -8.816074579954147339e-03 -4.431188479065895081e-02 1.336867064237594604e-01 -1.595270633697509766e-02 2.796982228755950928e-02 -4.568032920360565186e-03 1.134413853287696838e-01 -3.938747942447662354e-02 -7.968600094318389893e-02 4.472637921571731567e-02 4.681184887886047363e-03 -7.543034851551055908e-02 -2.419463358819484711e-02 -1.901864260435104370e-01 3.763844072818756104e-02 1.735419034957885742e-03 1.021938174962997437e-01 -5.098631605505943298e-02 -1.655443161725997925e-01 -6.281733512878417969e-02 -1.132809147238731384e-01 8.368577063083648682e-02 8.081077039241790771e-02 8.229814469814300537e-02 9.465704113245010376e-02 -3.779638931155204773e-02
2.880274653434753418e-01 -1.982825100421905518e-01 1.525042057037353516e-01 5.827925726771354675e-02 -1.882338523864746094e-01 -5.972839146852493286e-02 -1.152751818299293518e-01 -7.710640132427215576e-02 5.601005256175994873e-02 -2.969707921147346497e-02 1.254833638668060303e-01 6.082045286893844604e-02 -8.601558208465576172e-02 3.585121035575866699e-02 7.995314896106719971e-03 4.680295288562774658e-02 -5.339204519987106323e-02 1.008170023560523987e-01 -1.045439913868904114e-01 -2.388509064912796021e-01 -1.350766792893409729e-02 -1.371100544929504395e-01 7.481758296489715576e-02 -7.353694736957550049e-02 8.160665631294250488e-02 1.989712417125701904e-01 4.275239259004592896e-02 1.609528064727783203e-01 -1.110535673797130585e-02 -2.559853792190551758e-01 1.389548182487487793e-01 -1.038650721311569214e-01
1.226072013378143311e-01 -1.610446721315383911e-01 1.732549816370010376e-02 -3.333107754588127136e-02 2.929348945617675781e-01 5.005610734224319458e-02 4.471615701913833618e-02 1.164962649345397949e-01 -2.665379941463470459e-01 -2.078968882560729980e-01 3.483141213655471802e-02 -1.005320399999618530e-01 1.372748613357543945e-01 1.769094467163085938e-01 5.578687414526939392e-02 1.528576314449310303e-01 2.562912702560424805e-01 -4.667699709534645081e-02 1.180821508169174194e-01 1.238368824124336243e-01 1.574441194534301758e-01 -3.913737088441848755e-02 -1.216336563229560852e-01 3.503361940383911133e-01 -1.997175067663192749e-01 6.971929967403411865e-02 -1.110863834619522095e-01 -2.484538555145263672e-01 -1.398582160472869873e-01 3.447689116001129150e-03 -3.334597945213317871e-01 -1.429973840713500977e-01
-1.593145579099655151e-01 1.365944743156433105e-01 1.192343086004257202e-01 7.734856009483337402e-02 -1.210683882236480713e-01 1.301604509353637695e-02 -7.325914502143859863e-02 -3.088768012821674347e-02 -1.968163698911666870e-01 3.047941625118255615e-02 -2.548692822456359863e-01 -1.443360298871994019e-01 2.544581890106201172e-03 -2.506193518638610840e-02 -1.241723299026489258e-01 -5.406028032302856445e-02 1.114818006753921509e-01 3.189439326524734497e-02 4.526965618133544922e-01 -4.108393192291259766e-02 -3.565206751227378845e-02 6.253159046173095703e-02 2.562504112720489502e-01 -4.024558365345001221e-01 1.093135327100753784e-01 -1.019248086959123611e-02 1.177850812673568726e-01 4.377140104770660400e-01 2.071507647633552551e-02 -1.325920224189758301e-01 -1.678749173879623413e-02 4.626796245574951172e-01
-2.820157408714294434e-01 5.115473642945289612e-02 -1.336730271577835083e-02 7.728186249732971191e-02 -7.917179167270660400e-02 -1.637323945760726929e-02 -1.141359359025955200e-01 -5.395060405135154724e-02 1.149986833333969116e-01 -6.305404007434844971e-03 -5.114983767271041870e-02 1.542210280895233154e-01 1.115211173892021179e-01 -1.332632303237915039e-01 2.177678421139717102e-02 -2.952630817890167236e-02 -7.089645415544509888e-02 2.422492951154708862e-02 4.779178649187088013e-02 -1.497319191694259644e-01 -3.540778532624244690e-02 -5.795232951641082764e-03 6.625909358263015747e-02 -1.317640542984008789e-01 -5.383717641234397888e-02 5.847565084695816040e-02 1.770177483558654785e-02 1.050001606345176697e-01 1.053635478019714355e-01 2.227649390697479248e-01 4.768164455890655518e-02 3.888500481843948364e-02
2.516711056232452393e-01 3.802547231316566467e-02 -5.346622318029403687e-03 -2.625118196010589600e-01 1.415301114320755005e-01 -2.507835924625396729e-01 -2.766220457851886749e-02 -1.492778956890106201e-02 -1.799313426017761230e-01 -3.792909383773803711e-01 8.876249939203262329e-02 -9.747032821178436279e-02 3.790839612483978271e-01 1.141154766082763672e-01 -3.035016357898712158e-01 -2.883225679397583008e-02 8.539292216300964355e-02 1.804390251636505127e-01 -3.443931043148040771e-02 -1.922759413719177246e-01 -9.727761149406433105e-02 4.008797928690910339e-02 1.087421774864196777e-01 4.684964716434478760e-01 -7.014110684394836426e-02 7.554246485233306885e-02 -1.612317711114883423e-01 1.794532835483551025e-01 -2.461553066968917847e-01 9.464494884014129639e-02 -3.907659277319908142e-02 -1.261987537145614624e-02
5.944120138883590698e-02 -4.603016972541809082e-01 1.392558217048645020e-01 -4.713279604911804199e-01 3.790738880634307861e-01 -2.696188390254974365e-01 1.127266585826873779e-01 -2.301672473549842834e-02 -2.209437936544418335e-01 2.595294266939163208e-02 -1.746591627597808838e-01 -2.357162833213806152e-01 -1.382295042276382446e-02 1.583419740200042725e-01 -1.181132644414901733e-01 -3.695122301578521729e-01 -5.465466529130935669e-02 -1.932661831378936768e-01 8.398039638996124268e-02 -4.396746456623077393e-01 2.561477571725845337e-02 -4.079000279307365417e-02 3.667326271533966064e-01 3.228341341018676758e-01 5.579242855310440063e-02 -2.665206789970397949e-01 1.769292950630187988e-01 -6.119270920753479004e-01 6.005692481994628906e-02 2.073539942502975464e-01 5.228084325790405273e-02 -5.351364016532897949e-01
-2.954881191253662109e-01 -1.279328577220439911e-02 -9.389823675155639648e-02 2.273039668798446655e-01 -1.151487231254577637e-04 2.768144011497497559e-03 -9.547033905982971191e-02 -1.536991298198699951e-01 2.589131146669387817e-02 -4.043386876583099365e-02 1.043608784675598145e-01 1.367221027612686157e-02 2.089830040931701660e-01 2.396695315837860107e-03 -2.735487930476665497e-02 -3.113143146038055420e-03 1.405182629823684692e-01 9.324818104505538940e-02 -3.609910607337951660e-03 -1.273503154516220093e-01 8.099000900983810425e-02 -1.760389357805252075e-01 -4.848735779523849487e-02 3.639705479145050049e-02 -1.364091336727142334e-01 1.881321333348751068e-02 -5.096571892499923706e-02 1.466693282127380371e-01 1.617679372429847717e-03 2.546257674694061279e-01 3.212245553731918335e-02 -7.760761678218841553e-02
-3.354634642601013184e-01 5.264973267912864685e-02 -1.644582599401473999e-01 2.538866102695465088e-01 -2.605935186147689819e-02 -7.042601704597473145e-03 -1.415166407823562622e-01 -2.116301953792572021e-01 9.714426100254058838e-02 -7.580026984214782715e-03 1.976109147071838379e-01 7.159677892923355103e-02 1.780588924884796143e-01 -4.185923188924789429e-02 -6.920818239450454712e-03 -1.000072732567787170e-01 4.581614583730697632e-02 1.431888341903686523e-01 -2.331788837909698486e-02 -1.394806057214736938e-01 5.064409971237182617e-02 -2.223832607269287109e-01 -7.590755075216293335e-02 -4.788632690906524658e-02 -9.006224572658538818e-02 2.758746035397052765e-02 -1.316407695412635803e-02 1.394376158714294434e-01 -3.109300881624221802e-02 2.835287153720855713e-01 6.463164091110229492e-02 -3.706178069114685059e-02
2.359968572854995728e-01 -3.291621804237365723e-01 1.171025484800338745e-01 4.722199216485023499e-02 -1.393292844295501709e-02 -6.611269712448120117e-02 -2.012074887752532959e-01 1.878028362989425659e-02 9.844051301479339600e-02 -1.123209744691848755e-01 1.513303071260452271e-01 2.103631496429443359e-01 -1.080176085233688354e-01 4.769745096564292908e-02 2.516890764236450195e-01 1.456361711025238037e-01 -1.739783287048339844e-01 -8.981682360172271729e-02 -3.519600033760070801e-01 -6.861561536788940430e-02 5.587720125913619995e-02 -1.752429753541946411e-01 -6.519123166799545288e-02 -1.228190958499908447e-04 6.996789947152137756e-03 2.561303079128265381e-01 1.134118735790252686e-01 -1.702124774456024170e-01 1.451126933097839355e-01 -1.717485338449478149e-01 6.002324074506759644e-02 -3.531490266323089600e-01
7.735434919595718384e-02 -9.049919247627258301e-01 3.250763416290283203e-01 -5.679206252098083496e-01 1.445114910602569580e-01 -5.097975730895996094e-01 -3.222663104534149170e-01 9.677761793136596680e-02 -2.869665026664733887e-01 -3.869846090674400330e-02 -5.327746272087097168e-01 1.933352947235107422e-01 4.803998768329620361e-01 -1.922005712985992432e-01 2.483696639537811279e-01 -1.581380963325500488e-01 -8.974916487932205200e-02 -3.250276446342468262e-01 1.473891288042068481e-01 -2.915287315845489502e-01 -1.171551644802093506e-01 -1.563542336225509644e-01 8.056612014770507812e-01 4.773077070713043213e-01 3.425562977790832520e-01 -2.792221009731292725e-01 5.418124198913574219e-01 -3.871231377124786377e-01 2.904388904571533203e-01 1.362868249416351318e-01 -9.202412515878677368e-02 -1.759618371725082397e-01
1.479097362607717514e-02 9.813947975635528564e-02 3.302084282040596008e-02 1.585058271884918213e-01 -2.126013338565826416e-01 3.484028577804565430e-02 -1.135900095105171204e-01 -4.632580280303955078e-02 3.835208714008331299e-03 -2.371406555175781250e-01 -2.324928343296051025e-02 -3.495954722166061401e-02 3.627306967973709106e-02 -6.216282397508621216e-02 -3.640742227435112000e-02 1.087386980652809143e-01 8.651693910360336304e-02 1.466642916202545166e-01 -5.354237556457519531e-02 -7.735015451908111572e-02 -1.674867272377014160e-01 -6.576139479875564575e-02 2.044218406081199646e-02 -4.935114830732345581e-02 6.204850971698760986e-02 7.798736542463302612e-02 -2.457028999924659729e-02 3.204571306705474854e-01 -3.021289221942424774e-02 -4.711885750293731689e-02 6.570278108119964600e-02 1.616276949644088745e-01
-2.348363548517227173e-01 6.507284939289093018e-02 -1.967643648386001587e-01 7.411150634288787842e-02 -1.151189655065536499e-01 -6.707627326250076294e-02 -9.189209342002868652e-02 -1.414029151201248169e-01 1.576433479785919189e-01 2.662738412618637085e-02 1.078631430864334106e-01 3.185676783323287964e-02 1.266203522682189941e-01 -9.828350692987442017e-02 -7.601080834865570068e-02 -8.618184179067611694e-02 -4.779341071844100952e-02 9.722277522087097168e-03 -3.411562740802764893e-02 -2.509553432464599609e-01 2.491042017936706543e-02 -8.947384357452392578e-02 3.958365321159362793e-02 -1.088061109185218811e-01 -1.053077876567840576e-01 -1.026610285043716431e-02 -3.352257236838340759e-02 1.202523633837699890e-01 6.860490143299102783e-02 1.626809239387512207e-01 1.663383841514587402e-01 -1.671687513589859009e-02
4.037050604820251465e-01 -3.477021157741546631e-01 9.578780829906463623e-02 2.949263527989387512e-02 -3.791448771953582764e-01 -1.049019694328308105e-01 -2.663921117782592773e-01 -1.810938492417335510e-02 -1.178584247827529907e-02 -3.779657185077667236e-03 -1.444329321384429932e-02 1.358690857887268066e-01 -5.754793435335159302e-02 -1.723382174968719482e-01 1.768125891685485840e-01 3.994990140199661255e-03 -2.413706481456756592e-01 6.320590525865554810e-02 -1.927614063024520874e-01 -2.539747953414916992e-01 -7.090373337268829346e-02 -6.611094623804092407e-02 3.187499344348907471e-01 -1.627489179372787476e-02 1.129486411809921265e-01 1.032918244600296021e-01 1.483870893716812134e-01 1.607809066772460938e-01 -2.608441002666950226e-02 -2.965321540832519531e-01 1.993099153041839600e-01 4.885536804795265198e-02
-3.227713704109191895e-01 2.369984239339828491e-01 1.354330964386463165e-02 6.407541036605834961e-02 7.859550416469573975e-02 5.526190251111984253e-02 2.050763182342052460e-02 1.664187759160995483e-02 -1.624380648136138916e-01 1.740493625402450562e-02 -1.474542617797851562e-01 -2.331960797309875488e-01 5.829776078462600708e-02 1.048586890101432800e-02 -9.758892655372619629e-02 1.149146631360054016e-02 2.292797863483428955e-01 2.611134946346282959e-02 3.246344029903411865e-01 8.634869009256362915e-03 -8.934447169303894043e-02 1.908446997404098511e-01 4.667204245924949646e-02 -2.910715341567993164e-01 1.727236248552799225e-02 -8.194076828658580780e-03 7.500983774662017822e-04 3.056120276451110840e-01 1.460045427083969116e-01 -1.472219079732894897e-02 -6.715973466634750366e-02 3.249145448207855225e-01
1.709905713796615601e-01 2.542473971843719482e-01 -8.652350306510925293e-02 -2.390434890985488892e-01 1.982946991920471191e-01 -2.908530533313751221e-01 5.245722085237503052e-02 -4.227492958307266235e-02 -8.576153963804244995e-02 -1.388413757085800171e-01 -1.334270834922790527e-01 -5.740963667631149292e-02 1.245428696274757385e-01 -1.252900660037994385e-01 -3.660480380058288574e-01 -2.794896066188812256e-01 -9.617134928703308105e-03 2.797803580760955811e-01 4.939371347427368164e-02 -8.718375861644744873e-02 -6.216307729482650757e-02 5.896734073758125305e-02 1.928543448448181152e-01 1.977046281099319458e-01 4.743823409080505371e-02 -2.925066091120243073e-02 -1.615597456693649292e-01 1.563406288623809814e-01 -2.647748589515686035e-01 1.711008995771408081e-01 1.377487927675247192e-02 1.179876774549484253e-01
-4.403553903102874756e-04 -1.907131522893905640e-01 1.906723342835903168e-02 2.024565935134887695e-01 -1.280250996351242065e-01 5.233494192361831665e-02 1.131839305162429810e-01 1.097171455621719360e-01 2.010410279035568237e-02 -9.227602928876876831e-02 -5.168127268552780151e-02 3.554531186819076538e-02 -6.755699217319488525e-02 1.803297102451324463e-01 6.262883543968200684e-03 4.408355429768562317e-02 1.531367450952529907e-01 -1.332907080650329590e-01 2.441881895065307617e-01 1.711329072713851929e-01 2.472406327724456787e-01 -2.275522202253341675e-01 -7.606505602598190308e-02 5.898997187614440918e-05 -3.924367204308509827e-02 2.043129652738571167e-01 -7.447944581508636475e-02 -4.953486844897270203e-02 1.354260742664337158e-02 -1.771360784769058228e-01 -7.092303037643432617e-02 2.382693625986576080e-02
1.425072848796844482e-01 -2.822177708148956299e-01 1.759168691933155060e-02 -2.530307769775390625e-01 2.583866715431213379e-01 -1.125890016555786133e-01 1.183362603187561035e-01 -4.631821811199188232e-02 -1.281693130731582642e-01 1.479765772819519043e-02 8.294831961393356323e-02 -2.135587930679321289e-01 -6.708069890737533569e-02 1.913345158100128174e-01 -6.741560995578765869e-02 -6.966475397348403931e-02 1.657575368881225586e-02 -6.146292388439178467e-02 -8.820290118455886841e-02 -2.872930467128753662e-01 1.027283817529678345e-02 -2.374227717518806458e-02 8.906833827495574951e-02 1.426648050546646118e-01 -3.064290061593055725e-02 -2.100708335638046265e-02 1.808570325374603271e-02 -3.296232819557189941e-01 3.054772689938545227e-02 -7.360883057117462158e-03 6.061333417892456055e-02 -4.972176849842071533e-01
-2.396627515554428101e-01 9.296160191297531128e-03 -3.156888857483863831e-02 1.272867172956466675e-01 1.091020926833152771e-02 1.693375408649444580e-02 -7.632674276828765869e-02 -9.177929162979125977e-02 2.094101905822753906e-02 -5.391553789377212524e-02 1.728245615959167480e-02 -9.802773594856262207e-03 2.107067704200744629e-01 -1.561862975358963013e-02 -7.686726003885269165e-02 5.686257407069206238e-02 1.109517961740493774e-01 5.503652244806289673e-02 -8.026565611362457275e-02 -1.557191312313079834e-01 2.221809327602386475e-02 -7.526707649230957031e-02 2.690851688385009766e-04 1.876804791390895844e-02 -1.630418598651885986e-01 -7.905079424381256104e-02 -7.517489790916442871e-02 1.428385674953460693e-01 4.415183514356613159e-02 2.041576057672500610e-01 1.006989553570747375e-02 -1.018673330545425415e-01
-4.352171719074249268e-02 6.500256061553955078e-02 -8.915789425373077393e-02 1.263025403022766113e-01 1.167224049568176270e-01 8.012197166681289673e-02 -4.356110095977783203e-02 -1.139445379376411438e-01 5.257515609264373779e-02 -1.760005950927734375e-01 2.203339636325836182e-01 5.023535341024398804e-02 -4.860794916749000549e-02 -1.830003410577774048e-02 4.677059128880500793e-02 8.963830024003982544e-02 1.364611238241195679e-01 1.229306086897850037e-01 -1.746086180210113525e-01 8.092703297734260559e-03 -2.836497873067855835e-02 -2.667997404932975769e-02 -3.329468667507171631e-01 -5.166044458746910095e-03 -1.028904616832733154e-01 9.990592300891876221e-02 -1.679875701665878296e-01 -1.003642380237579346e-01 1.564085334539413452e-01 2.267587929964065552e-01 -1.437525153160095215e-01 -3.083713352680206299e-01
2.558965384960174561e-01 -6.200056076049804688e-01 2.581667006015777588e-01 -4.272796213626861572e-01 7.090941816568374634e-02 -3.483889997005462646e-01 -1.029903516173362732e-01 2.062930911779403687e-02 -2.098769992589950562e-01 -5.960025638341903687e-02 -3.283000588417053223e-01 -2.750659361481666565e-02 9.681420773267745972e-02 -7.775779813528060913e-02 9.062409400939941406e-02 -2.784665226936340332e-01 -1.854963898658752441e-01 -2.015681862831115723e-01 6.535702198743820190e-02 -4.225026071071624756e-01 -7.051592320203781128e-02 -1.113668605685234070e-01 5.518998503684997559e-01 2.790955007076263428e-01 1.465395241975784302e-01 -1.725789159536361694e-01 3.545339703559875488e-01 -4.208774864673614502e-01 1.088273078203201294e-01 1.217459142208099365e-02 6.641329824924468994e-02 -3.734330832958221436e-01
2.329538762569427490e-01 -3.060475587844848633e-01 1.492593586444854736e-01 5.841656401753425598e-02 -1.644394546747207642e-01 -1.315012872219085693e-01 -3.571353256702423096e-01 3.424271196126937866e-02 -1.066053509712219238e-01 -4.619638621807098389e-01 2.156573534011840820e-01 1.902314424514770508e-01 2.591905593872070312e-01 4.584126174449920654e-03 1.808138340711593628e-01 1.905037462711334229e-01 -7.011841982603073120e-02 5.842986702919006348e-02 -2.125680446624755859e-01 -3.768929839134216309e-02 -1.160185262560844421e-01 -1.076679676771163940e-01 -1.998379081487655640e-02 2.287544161081314087e-01 -9.153130650520324707e-02 1.388828009366989136e-01 2.210776135325431824e-02 -1.508342660963535309e-02 -1.225055754184722900e-01 -5.258701741695404053e-02 -1.606000959873199463e-01 -9.328429400920867920e-02
1.455850452184677124e-01 -2.015513926744461060e-01 4.508339613676071167e-02 4.648682847619056702e-02 1.326862424612045288e-01 3.736337274312973022e-02 7.188592851161956787e-02 1.683536767959594727e-01 -1.599737703800201416e-01 -1.402156651020050049e-01 -1.595269888639450073e-02 -4.717570543289184570e-02 -1.623962074518203735e-02 2.215505540370941162e-01 2.590897679328918457e-02 9.107965230941772461e-02 1.712023913860321045e-01 -7.244651019573211670e-02 1.321576088666915894e-01 1.546186655759811401e-01 2.137062251567840576e-01 -8.834926038980484009e-02 -1.059770509600639343e-01 1.630621254444122314e-01 -1.007889360189437866e-01 1.200086623430252075e-01 -8.792388439178466797e-02 -2.099667787551879883e-01 -1.040338575839996338e-01 -2.015653997659683228e-01 -2.735684216022491455e-01 -2.580844610929489136e-02
2.527096271514892578e-01 3.364802524447441101e-02 -1.981942951679229736e-01 -3.662538230419158936e-01 7.680863887071609497e-02 -3.196383416652679443e-01 1.254535913467407227e-01 -3.268337994813919067e-02 -1.330747902393341064e-01 8.024568110704421997e-02 1.347861140966415405e-01 -2.352938055992126465e-01 4.483907669782638550e-02 1.603395342826843262e-01 -3.787090182304382324e-01 -1.369254291057586670e-01 -1.873552799224853516e-01 5.293589830398559570e-02 5.086746811866760254e-02 -2.516155242919921875e-01 4.418740421533584595e-02 1.682599261403083801e-02 1.270432174205780029e-01 2.029448300600051880e-01 -4.604422673583030701e-02 -5.776046961545944214e-02 -1.805491596460342407e-01 2.848064340651035309e-02 -1.560322642326354980e-01 -2.147731035947799683e-01 1.957865357398986816e-01 1.089963167905807495e-01
-8.333090692758560181e-02 1.122990399599075317e-01 1.282323151826858521e-03 4.808119311928749084e-02 3.327571600675582886e-02 6.678978353738784790e-02 1.507912576198577881e-01 1.549718528985977173e-02 -4.692333564162254333e-02 1.411981880664825439e-01 -9.796045720577239990e-03 -1.811883300542831421e-01 -4.915279895067214966e-02 1.239934414625167847e-01 -1.014876067638397217e-01 6.887280941009521484e-02 1.319072246551513672e-01 -3.710430115461349487e-03 2.118665277957916260e-01 -8.296535164117813110e-02 3.005012869834899902e-03 1.140482276678085327e-01 -2.688405662775039673e-02 -2.102919965982437134e-01 -1.881252601742744446e-02 5.335464328527450562e-02 -7.682529091835021973e-02 2.513924241065979004e-01 5.378416925668716431e-02 -1.499218344688415527e-01 4.455696791410446167e-02 1.319296211004257202e-01
1.854069381952285767e-01 1.069089919328689575e-01 7.711979746818542480e-02 -1.529879271984100342e-01 2.383202463388442993e-01 -4.868366196751594543e-02 1.481525748968124390e-01 1.332498043775558472e-01 -2.148806750774383545e-01 -9.189467132091522217e-02 -2.366818189620971680e-01 -9.583435952663421631e-02 -5.947792530059814453e-02 -6.186182051897048950e-02 -1.028007864952087402e-01 -9.560351818799972534e-02 4.994474351406097412e-03 9.083159267902374268e-03 1.917083561420440674e-01 8.251437544822692871e-02 -1.357039809226989746e-02 2.226883918046951294e-01 8.090835064649581909e-02 1.380438655614852905e-01 -1.348952054977416992e-01 -4.486701264977455139e-02 -1.732016801834106445e-01 -2.708239555358886719e-01 -8.514569699764251709e-02 2.418666332960128784e-02 -2.640809714794158936e-01 -1.160892657935619354e-02
1.481844633817672729e-01 -1.442596614360809326e-01 -8.851009607315063477e-02 -1.319447457790374756e-01 -1.940989494323730469e-02 -7.060865312814712524e-02 2.431122213602066040e-01 1.133409589529037476e-01 -2.092151492834091187e-01 -8.560720831155776978e-02 -4.351809620857238770e-02 -2.252855300903320312e-01 2.062170207500457764e-02 2.921532094478607178e-01 -2.282822430133819580e-01 1.195527091622352600e-01 1.327154487371444702e-01 -1.332796514034271240e-01 1.178065985441207886e-01 -2.914647385478019714e-02 1.287188529968261719e-01 -1.368723437190055847e-02 -4.631159454584121704e-02 1.804366260766983032e-01 -1.316805034875869751e-01 -4.234459623694419861e-02 -2.295905947685241699e-01 5.832748487591743469e-03 -4.753682762384414673e-02 -2.562736868858337402e-01 -6.242209672927856445e-02 2.861731452867388725e-03
1.954545639455318451e-02 2.413952723145484924e-02 1.247662678360939026e-02 -2.557291090488433838e-01 -1.830622553825378418e-02 -8.878416568040847778e-02 7.222314178943634033e-02 2.257480472326278687e-02 -2.576869353652000427e-02 -5.076310411095619202e-02 -9.006593376398086548e-02 -1.136987656354904175e-01 1.591675877571105957e-01 3.446561843156814575e-02 -1.650824546813964844e-01 1.644629389047622681e-01 -6.018657237291336060e-02 -6.104708462953567505e-02 -1.416448652744293213e-01 -2.999627590179443359e-01 -1.420416980981826782e-01 2.226160317659378052e-01 1.453264951705932617e-01 -2.483275160193443298e-02 -2.048398405313491821e-01 -2.268388271331787109e-01 -1.703874915838241577e-01 2.780079096555709839e-02 2.181508243083953857e-01 1.476253196597099304e-02 1.719955354928970337e-03 -1.265107989311218262e-01
2.195393592119216919e-01 1.899448335170745850e-01 -2.322878092527389526e-01 -4.119139909744262695e-01 2.613806724548339844e-01 -2.915800213813781738e-01 1.087561994791030884e-01 -4.565098881721496582e-02 -1.193365678191184998e-01 -4.440997913479804993e-02 8.049409836530685425e-02 -1.579801738262176514e-01 5.682574957609176636e-02 1.530088186264038086e-01 -4.186233878135681152e-01 -2.768473029136657715e-01 -8.933060616254806519e-02 1.704559922218322754e-01 2.829274535179138184e-02 -1.933450698852539062e-01 6.357312202453613281e-03 -3.390185534954071045e-02 1.191873252391815186e-01 1.638608723878860474e-01 5.336893349885940552e-02 3.014877997338771820e-02 -1.457039117813110352e-01 6.982520967721939087e-02 -2.128484100103378296e-01 -1.509802788496017456e-02 1.790429055690765381e-01 1.537344418466091156e-02
3.257248997688293457e-01 -2.807659208774566650e-01 -4.624661058187484741e-03 2.149476855993270874e-02 -2.070066332817077637e-02 -1.363336443901062012e-01 -1.541723161935806274e-01 3.488603979349136353e-03 -6.118194758892059326e-02 -3.069442510604858398e-01 2.941106259822845459e-01 8.407451957464218140e-02 2.925758063793182373e-01 2.627678513526916504e-01 9.537100791931152344e-02 1.947230994701385498e-01 5.849699303507804871e-02 -3.238328546285629272e-02 -2.065321654081344604e-01 6.130028516054153442e-02 1.874315738677978516e-01 -2.578453719615936279e-01 -1.092149987816810608e-01 3.881214559078216553e-01 -1.361622065305709839e-01 2.330426871776580811e-01 -6.497995555400848389e-02 7.095679640769958496e-03 -4.587806463241577148e-01 -1.630407869815826416e-01 -1.261785328388214111e-01 1.738872751593589783e-02
1.121507734060287476e-01 1.834958940744400024e-01 9.263254702091217041e-02 -1.991082429885864258e-01 2.059395462274551392e-01 -1.691854745149612427e-02 2.257186919450759888e-01 3.538876026868820190e-02 -1.074075996875762939e-01 -9.852372854948043823e-02 -2.919220328330993652e-01 -1.830725520849227905e-01 -7.815443724393844604e-02 -3.071101754903793335e-02 -9.415085613727569580e-02 -1.648874580860137939e-02 4.459897428750991821e-02 9.619206190109252930e-03 1.213114261627197266e-01 -7.612466067075729370e-02 -1.124068349599838257e-01 1.552741229534149170e-01 3.987420350313186646e-02 -5.146162584424018860e-02 -3.007001802325248718e-02 -1.063526123762130737e-01 -1.559270173311233521e-01 -1.965812742710113525e-01 1.719822585582733154e-01 5.168017745018005371e-02 -1.059540212154388428e-01 -2.131088227033615112e-01
-2.690770328044891357e-01 -8.605278283357620239e-02 1.448582112789154053e-01 1.120292842388153076e-01 -7.089135050773620605e-02 5.206687003374099731e-02 -1.129702925682067871e-01 2.004922926425933838e-02 6.192390620708465576e-02 -4.406780004501342773e-02 -9.305489808320999146e-02 1.727073192596435547e-01 2.013633847236633301e-01 -1.267859339714050293e-02 4.938220605254173279e-02 1.279087513685226440e-01 1.969742774963378906e-02 -9.892784059047698975e-03 -5.825252830982208252e-02 -3.059503808617591858e-02 -8.562836796045303345e-02 5.277929082512855530e-02 4.232073575258255005e-02 -1.550362538546323776e-02 -9.745000302791595459e-02 2.120492421090602875e-02 -2.448733523488044739e-02 1.494477987289428711e-01 6.142575293779373169e-03 1.801528930664062500e-01 -4.617274552583694458e-02 -1.008085720241069794e-02
1.778144687414169312e-01 1.160582304000854492e-01 -7.973985373973846436e-02 -8.347994089126586914e-02 2.118122875690460205e-01 -1.458186656236648560e-01 -1.179321389645338058e-02 -3.979332000017166138e-02 -9.894629567861557007e-02 -3.276834487915039062e-01 2.205784618854522705e-01 2.188547700643539429e-02 2.498855590820312500e-01 1.589350700378417969e-01 -8.417102694511413574e-02 6.547141820192337036e-03 1.873606741428375244e-01 6.268575787544250488e-02 -3.741146996617317200e-02 6.431541591882705688e-02 4.582282900810241699e-02 -1.315739005804061890e-01 -1.584292650222778320e-01 3.386784195899963379e-01 -2.104556933045387268e-02 1.681569069623947144e-01 -1.223747432231903076e-01 -4.742341116070747375e-03 -3.192358613014221191e-01 1.640392988920211792e-01 -1.530397087335586548e-01 -7.080724090337753296e-02
1.781991124153137207e-01 4.490218684077262878e-02 4.952847212553024292e-02 1.641645431518554688e-01 -1.383216679096221924e-01 -1.430558562278747559e-01 -2.731211185455322266e-01 2.037450671195983887e-03 -1.903491094708442688e-02 -2.518477141857147217e-01 1.192851364612579346e-01 2.565949261188507080e-01 1.024111285805702209e-01 -8.204748481512069702e-02 4.475303366780281067e-02 -1.196104362607002258e-01 -8.899158984422683716e-02 1.004282161593437195e-01 5.705956369638442993e-02 8.427632600069046021e-02 3.334894031286239624e-02 -2.123405784368515015e-01 -1.022998616099357605e-01 1.099955812096595764e-01 8.749998360872268677e-02 1.748529374599456787e-01 -2.996675670146942139e-03 -2.152032218873500824e-02 -2.282510399818420410e-01 5.677439272403717041e-02 -1.565321683883666992e-01 1.184044182300567627e-01
3.232314065098762512e-02 8.712688088417053223e-02 4.929240792989730835e-03 1.158610582351684570e-01 -2.491600811481475830e-02 3.370682150125503540e-02 -2.002917230129241943e-01 -1.078992262482643127e-01 -2.986821159720420837e-02 -2.570427954196929932e-01 1.326836198568344116e-01 2.457377314567565918e-02 7.787441462278366089e-02 -6.462071835994720459e-02 7.350309193134307861e-02 7.721194624900817871e-02 1.344579607248306274e-01 1.193228438496589661e-01 -1.189721301198005676e-01 -4.176090657711029053e-02 -6.725041568279266357e-02 -7.076295465230941772e-02 -1.236862316727638245e-01 -3.709938377141952515e-02 7.163728028535842896e-02 1.034013628959655762e-01 -3.170442581176757812e-02 1.391488909721374512e-01 6.110339611768722534e-02 1.568425595760345459e-01 6.082002818584442139e-02 -3.236195817589759827e-02
-7.832369953393936157e-02 -6.843647360801696777e-02 -8.650511503219604492e-02 7.653829455375671387e-02 -1.714765876531600952e-01 -5.273148790001869202e-02 9.375797957181930542e-02 4.565507173538208008e-02 4.152605682611465454e-02 -2.840258181095123291e-03 -3.352659940719604492e-02 -4.334403201937675476e-02 6.105231493711471558e-02 1.938501000404357910e-02 -1.137518137693405151e-01 7.229893654584884644e-02 3.661044314503669739e-02 -1.421878933906555176e-01 1.332198679447174072e-01 -1.021295115351676941e-01 1.291133165359497070e-01 4.904862493276596069e-03 8.090493083000183105e-02 2.279959619045257568e-03 -1.573998332023620605e-01 -7.018464803695678711e-02 -1.358284503221511841e-01 7.569242268800735474e-02 4.268424212932586670e-02 -2.440487593412399292e-02 7.385741919279098511e-02 5.783773586153984070e-02
1.164830327033996582e-01 -1.466299593448638916e-02 -2.356217652559280396e-01 -2.098450213670730591e-01 -3.141672164201736450e-02 -1.687779426574707031e-01 2.359063923358917236e-01 -3.088952973484992981e-02 -9.229000657796859741e-02 -5.919016152620315552e-02 7.440151274204254150e-02 -3.009498119354248047e-01 -1.791745424270629883e-02 2.522200942039489746e-01 -3.069580495357513428e-01 2.886124700307846069e-02 6.870731711387634277e-02 -4.510426521301269531e-02 -2.845925465226173401e-02 -2.191468775272369385e-01 1.582437455654144287e-01 -1.158345937728881836e-01 -1.046670228242874146e-02 3.323567658662796021e-02 -1.289451718330383301e-01 -1.001967489719390869e-01 -2.697532176971435547e-01 -4.569621756672859192e-02 3.378371149301528931e-02 -2.298365384340286255e-01 6.732557713985443115e-02 -8.351480960845947266e-02
4.964250028133392334e-01 -4.033909440040588379e-01 2.957646846771240234e-01 1.008391380310058594e-01 -6.347405910491943359e-01 -2.193458676338195801e-01 -8.129645586013793945e-01 -4.801228642463684082e-03 -3.482201993465423584e-01 -2.775954604148864746e-01 -2.467644214630126953e-01 2.657698094844818115e-01 -1.079910844564437866e-01 -3.034600615501403809e-01 1.047961860895156860e-01 -2.848047018051147461e-01 -4.470967948436737061e-01 2.051534950733184814e-01 8.373565971851348877e-02 -1.872978061437606812e-01 -2.416341304779052734e-01 -1.300649940967559814e-01 7.206173539161682129e-01 -4.826241135597229004e-01 3.166685998439788818e-01 9.941542148590087891e-02 2.959369421005249023e-01 3.038407266139984131e-01 -3.425051644444465637e-02 -1.207437664270401001e-01 1.636748015880584717e-01 6.415008306503295898e-01
1.242271214723587036e-01 -1.261846274137496948e-01 -3.621215000748634338e-02 1.119367778301239014e-01 -1.410535573959350586e-01 -3.733447566628456116e-02 -4.854798316955566406e-02 -7.599177956581115723e-02 1.053904145956039429e-01 -1.916291415691375732e-01 1.698039770126342773e-01 -1.097880303859710693e-02 2.037126570940017700e-02 1.379163563251495361e-01 4.583932831883430481e-02 2.884971797466278076e-01 1.055994480848312378e-01 1.007288023829460144e-01 -3.772935569286346436e-01 -1.680367141962051392e-01 -5.134617537260055542e-02 -1.420866400003433228e-01 -1.281373798847198486e-01 1.136031672358512878e-01 -4.936945065855979919e-02 5.436072498559951782e-02 -1.139808967709541321e-01 1.584272682666778564e-01 -6.757958978414535522e-02 -1.374581456184387207e-01 5.801890790462493896e-02 -1.437426954507827759e-01
2.327407300472259521e-01 -4.919050633907318115e-01 1.024941653013229370e-01 -2.178824841976165771e-01 2.420492917299270630e-01 -1.860922873020172119e-01 -9.121359139680862427e-02 7.296982407569885254e-02 -2.195618301630020142e-02 -1.107630282640457153e-01 -2.654385566711425781e-02 4.243186861276626587e-02 1.796273887157440186e-02 6.460551917552947998e-02 1.587188690900802612e-01 5.387323722243309021e-02 -4.935396462678909302e-02 -9.667225182056427002e-02 -2.199639230966567993e-01 -1.981245130300521851e-01 5.479256063699722290e-02 -1.219599023461341858e-01 1.567926853895187378e-01 1.977098137140274048e-01 3.604525327682495117e-02 1.152927614748477936e-02 9.981770813465118408e-02 -3.794232308864593506e-01 1.804666072130203247e-01 -6.283691525459289551e-02 2.676293253898620605e-02 -5.517665147781372070e-01
1.420865356922149658e-01 1.118316948413848877e-01 -1.659358739852905273e-01 -3.210825026035308838e-01 -2.084876596927642822e-01 -4.094173312187194824e-01 -1.663330048322677612e-01 -1.323005259037017822e-01 4.731913655996322632e-02 1.031510457396507263e-01 1.379977315664291382e-01 -5.268234014511108398e-02 -9.498021751642227173e-02 -8.250088244676589966e-02 -2.238920778036117554e-01 -1.970805823802947998e-01 -4.199285805225372314e-01 -1.027806103229522705e-02 2.780966460704803467e-03 -3.959917426109313965e-01 -6.321125477552413940e-02 2.504398301243782043e-02 3.346201777458190918e-01 -4.046683311462402344e-01 1.478628963232040405e-01 -1.620729714632034302e-01 8.380781859159469604e-03 -7.418987900018692017e-02 2.588425874710083008e-01 -4.734247177839279175e-02 4.856189787387847900e-01 2.220335006713867188e-01
1.717343628406524658e-01 -1.620380729436874390e-01 -2.994815632700920105e-02 -1.712485551834106445e-01 2.335976362228393555e-01 2.803298830986022949e-02 1.829849779605865479e-01 6.922008842229843140e-02 -3.536084294319152832e-01 -1.737001836299896240e-01 -6.454596668481826782e-02 -3.308334052562713623e-01 9.073890000581741333e-02 3.126890063285827637e-01 -1.636539846658706665e-01 1.340464055538177490e-01 3.303592205047607422e-01 -6.261876970529556274e-02 5.918467044830322266e-02 1.704450696706771851e-02 1.521191895008087158e-01 -6.640586256980895996e-02 -9.906672686338424683e-02 3.462585508823394775e-01 -1.423533260822296143e-01 7.912757992744445801e-02 -1.824552863836288452e-01 -8.396125584840774536e-02 -8.133587241172790527e-02 -1.424678415060043335e-01 -2.317141294479370117e-01 -1.105007007718086243e-01
8.410081267356872559e-02 -7.737599313259124756e-02 -3.900928199291229248e-01 -1.721937060356140137e-01 -3.077005445957183838e-01 -2.007927447557449341e-01 -4.445646703243255615e-02 -1.518678963184356689e-01 1.105075180530548096e-01 6.008129566907882690e-02 3.129849731922149658e-01 -1.710067689418792725e-01 7.496946305036544800e-02 1.009687632322311401e-01 -2.932508587837219238e-01 1.957331970334053040e-02 -1.255546808242797852e-01 -8.026829361915588379e-02 -1.817095875740051270e-01 -4.863952398300170898e-01 1.004503145813941956e-01 -1.140706390142440796e-01 9.005115926265716553e-02 -1.305406838655471802e-01 -1.384415626525878906e-01 -1.814276874065399170e-01 -1.553266048431396484e-01 9.845997393131256104e-02 9.207024425268173218e-02 -2.234077602624893188e-01 3.243359625339508057e-01 6.837440282106399536e-02
2.611999213695526123e-01 1.167702525854110718e-01 4.561642184853553772e-02 -4.286038875579833984e-02 1.013865843415260315e-01 -1.047372594475746155e-01 7.065217941999435425e-02 1.499079316854476929e-01 -1.840554177761077881e-02 9.197888523340225220e-02 -2.406064271926879883e-01 4.029333591461181641e-02 -2.170664370059967041e-01 -1.733074784278869629e-01 -2.945817075669765472e-02 -3.070545494556427002e-01 -2.117102146148681641e-01 4.901230335235595703e-03 4.088993072509765625e-01 8.090913295745849609e-02 4.645592719316482544e-02 1.038698852062225342e-01 1.016682013869285583e-01 -1.320001669228076935e-02 3.056004270911216736e-02 4.285119473934173584e-02 -4.363290965557098389e-03 -2.319179475307464600e-01 -6.806872785091400146e-02 -6.527121365070343018e-02 -5.813155323266983032e-02 1.520185321569442749e-01
2.384893149137496948e-01 9.506012499332427979e-02 5.498655140399932861e-03 -4.278103411197662354e-01 2.311602979898452759e-01 -1.979860961437225342e-01 1.515852659940719604e-01 5.026368051767349243e-02 -2.866288423538208008e-01 -1.401505470275878906e-01 -1.470020711421966553e-01 -2.054567635059356689e-01 8.324851840734481812e-02 3.545148670673370361e-02 -2.470697015523910522e-01 -8.109111338853836060e-02 -3.551331162452697754e-02 6.439085304737091064e-02 8.151242882013320923e-02 -2.162111997604370117e-01 -9.682130813598632812e-02 2.840081155300140381e-01 1.913267076015472412e-01 1.122014150023460388e-01 -1.255807727575302124e-01 -6.332319974899291992e-02 -1.609764099121093750e-01 -1.055665090680122375e-01 1.645652949810028076e-02 -2.430804073810577393e-03 -1.052875369787216187e-01 -4.961848631501197815e-02
2.826166339218616486e-02 -2.486149035394191742e-02 -1.223495602607727051e-02 6.943960487842559814e-02 -2.141036093235015869e-03 6.552872806787490845e-02 9.038172662258148193e-02 -5.650821328163146973e-02 9.080238640308380127e-02 1.783740520477294922e-02 1.714321672916412354e-01 -1.009312644600868225e-01 -1.108468025922775269e-01 1.280288398265838623e-01 -8.556321263313293457e-03 1.523995697498321533e-01 1.290568858385086060e-01 8.337593823671340942e-02 -1.232963427901268005e-01 -9.684054553508758545e-02 -8.023507893085479736e-03 1.269057020545005798e-02 -1.642668247222900391e-01 -1.136872470378875732e-01 -4.407985135912895203e-02 1.239182054996490479e-01 -9.037344157695770264e-02 1.434821188449859619e-01 9.130899608135223389e-02 -1.387574225664138794e-01 4.312505573034286499e-02 -1.181592196226119995e-01
-2.703597247600555420e-01 2.638239562511444092e-01 2.561680972576141357e-03 8.077694475650787354e-02 1.295141577720642090e-01 1.160762235522270203e-01 4.420892894268035889e-02 -1.197206974029541016e-02 -1.305607110261917114e-01 8.113650232553482056e-02 -4.696108400821685791e-02 -1.741843223571777344e-01 -7.767705619335174561e-02 -9.350808709859848022e-02 -4.372181743383407593e-02 -9.071717411279678345e-02 1.837762892246246338e-01 3.980154544115066528e-02 3.157196938991546631e-01 4.541843384504318237e-02 -1.424039900302886963e-02 2.000257223844528198e-01 -7.227198034524917603e-02 -3.783536553382873535e-01 -1.272846385836601257e-02 7.591924071311950684e-02 -7.667462527751922607e-02 1.436358392238616943e-01 2.372800856828689575e-01 9.639693051576614380e-02 -1.066849827766418457e-01 1.083590835332870483e-01
2.636108994483947754e-01 -2.177222669124603271e-01 -3.187016025185585022e-02 -1.454807817935943604e-01 3.286012262105941772e-02 -8.610231429338455200e-02 1.023990809917449951e-01 1.512305885553359985e-01 -1.965693086385726929e-01 -5.425733327865600586e-02 5.711101740598678589e-02 -1.063842996954917908e-01 1.780994236469268799e-03 2.646080255508422852e-01 -1.619493216276168823e-01 3.307861089706420898e-02 2.977753430604934692e-02 -5.750634521245956421e-02 1.151328086853027344e-01 -2.790155634284019470e-02 1.968387663364410400e-01 -9.763146936893463135e-02 -8.185826241970062256e-03 2.355619221925735474e-01 -9.292285144329071045e-02 1.292084008455276489e-01 -1.501551568508148193e-01 -4.898560419678688049e-02 -2.133489549160003662e-01 -3.436091542243957520e-01 -7.871779799461364746e-02 6.717899441719055176e-02
8.625604212284088135e-02 -1.328390389680862427e-01 -7.083749771118164062e-02 6.229754164814949036e-02 2.015001922845840454e-01 3.930351883172988892e-02 -8.438519388437271118e-02 -8.918975293636322021e-02 4.650211334228515625e-02 -1.915691345930099487e-01 2.551918327808380127e-01 9.619491547346115112e-02 -2.602954581379890442e-02 7.550169527530670166e-02 1.522434651851654053e-01 1.517898440361022949e-01 6.733309477567672729e-02 6.645549088716506958e-02 -2.680048346519470215e-01 -2.517491951584815979e-02 6.296411901712417603e-02 -1.528168022632598877e-01 -3.355958163738250732e-01 6.280060112476348877e-02 -1.076470315456390381e-01 1.868996620178222656e-01 -1.178377643227577209e-01 -2.157596945762634277e-01 -4.556626081466674805e-04 5.585861951112747192e-02 -1.755222678184509277e-01 -3.866982460021972656e-01
9.679012745618820190e-02 2.087414413690567017e-01 -1.340487897396087646e-01 -1.761010736227035522e-01 1.798056364059448242e-01 -1.347383856773376465e-01 2.811756134033203125e-01 2.649843692779541016e-03 -9.783272445201873779e-02 9.494300931692123413e-02 2.640838176012039185e-02 -1.404283493757247925e-01 -1.636309176683425903e-01 1.386073976755142212e-01 -2.943307161331176758e-01 -2.613234221935272217e-01 -3.552097082138061523e-02 7.908456027507781982e-04 2.924467325210571289e-01 5.776088312268257141e-02 1.476677060127258301e-01 -1.492511332035064697e-01 -8.102231472730636597e-02 2.740977518260478973e-02 6.238052994012832642e-02 1.574281752109527588e-01 -9.179218113422393799e-02 -1.830936074256896973e-01 -7.724216580390930176e-02 -1.718343794345855713e-01 7.475063949823379517e-02 -3.118455875664949417e-03
-1.609119921922683716e-01 -1.367823630571365356e-01 -2.583944424986839294e-02 2.714043557643890381e-01 -1.136412173509597778e-01 8.804938942193984985e-02 3.382997959852218628e-02 -4.655962064862251282e-02 5.216737091541290283e-02 -4.286285117268562317e-02 -1.068371534347534180e-02 3.487782180309295654e-02 5.055477470159530640e-02 7.924225181341171265e-02 3.496438264846801758e-02 4.128482565283775330e-02 2.530928850173950195e-01 -1.560944877564907074e-02 1.658532619476318359e-01 1.466741859912872314e-01 2.518872618675231934e-01 -2.379716634750366211e-01 -3.335793316364288330e-02 4.537342116236686707e-03 -5.905200913548469543e-02 1.074264943599700928e-01 -1.093784943222999573e-01 3.840399906039237976e-02 -2.470679208636283875e-02 3.295956179499626160e-02 -5.444161966443061829e-02 1.340528577566146851e-02
-2.872268259525299072e-01 -6.286837160587310791e-04 -2.761376202106475830e-01 2.242442965507507324e-01 1.401460915803909302e-02 -7.976241409778594971e-03 -2.617208957672119141e-01 -2.587965726852416992e-01 4.885588586330413818e-02 -2.544696256518363953e-02 2.864125967025756836e-01 3.202299773693084717e-02 2.907430529594421387e-01 -3.718600422143936157e-02 -8.218690752983093262e-02 -1.244486644864082336e-01 -4.048727452754974365e-03 1.919342577457427979e-01 -1.149208843708038330e-01 -3.344853520393371582e-01 -2.052083611488342285e-03 -2.082938551902770996e-01 -1.420628130435943604e-01 -3.415383398532867432e-02 -9.912683069705963135e-02 1.385428570210933685e-02 5.766067653894424438e-03 2.550521790981292725e-01 -4.238304123282432556e-02 3.291271924972534180e-01 8.019893616437911987e-02 -3.384275361895561218e-02
4.777269810438156128e-02 -2.808249294757843018e-01 4.370940104126930237e-02 1.370130032300949097e-01 -2.465918362140655518e-01 1.145365089178085327e-02 1.225881837308406830e-02 1.496875584125518799e-01 1.985609531402587891e-02 -7.578805088996887207e-04 -3.575705736875534058e-02 9.850377589464187622e-02 3.959310799837112427e-02 1.741949468851089478e-01 4.920091852545738220e-02 1.189308613538742065e-01 5.470417439937591553e-02 -1.912864744663238525e-01 1.879537105560302734e-01 1.026334390044212341e-01 1.621612608432769775e-01 -1.060409843921661377e-01 1.105079054832458496e-02 3.477277606725692749e-02 -2.685505151748657227e-02 1.549131423234939575e-01 -7.715633139014244080e-03 6.480202823877334595e-02 -5.104711279273033142e-03 -2.437831908464431763e-01 4.488877952098846436e-02 1.264934092760086060e-01
-1.788654923439025879e-01 -1.735853701829910278e-01 1.377436332404613495e-02 2.521627545356750488e-01 -6.135301291942596436e-02 8.691488951444625854e-02 -2.426096796989440918e-02 -6.641848385334014893e-02 -8.981414139270782471e-03 -6.988998502492904663e-02 4.077355191111564636e-02 -5.804821848869323730e-03 1.685614287853240967e-01 1.688328385353088379e-01 4.071871563792228699e-02 1.219258084893226624e-01 2.765921056270599365e-01 5.138307809829711914e-03 -3.789818659424781799e-02 6.756000220775604248e-02 1.586408913135528564e-01 -2.208045572042465210e-01 -4.488834738731384277e-02 5.699186027050018311e-02 -1.402617990970611572e-01 4.304712265729904175e-02 -1.292671412229537964e-01 1.019832193851470947e-01 -4.430188983678817749e-02 4.878813400864601135e-02 -4.999858513474464417e-02 -6.640128791332244873e-02
1.474944800138473511e-01 -7.863954454660415649e-02 -2.673403546214103699e-02 6.202157586812973022e-03 2.531238198280334473e-01 -7.480002939701080322e-02 -6.444916874170303345e-02 6.633903086185455322e-02 -1.827041059732437134e-01 -1.805033385753631592e-01 1.345836669206619263e-01 2.592077106237411499e-02 1.577177941799163818e-01 6.733625382184982300e-02 6.678442656993865967e-02 -6.108460575342178345e-02 5.717667564749717712e-02 2.505496144294738770e-03 9.114551544189453125e-02 1.710081398487091064e-01 2.073711156845092773e-01 -1.216344684362411499e-01 -1.329076886177062988e-01 2.784123122692108154e-01 -1.319820284843444824e-01 1.826854050159454346e-01 -6.953404843807220459e-02 -2.407018542289733887e-01 -3.304497003555297852e-01 2.164935320615768433e-02 -2.144011259078979492e-01 -3.147192299365997314e-02
3.347073495388031006e-01 -4.048928618431091309e-01 3.353561758995056152e-01 -5.106111988425254822e-02 7.023271173238754272e-02 -1.168918758630752563e-01 -4.443446397781372070e-01 1.680850237607955933e-01 -7.226753979921340942e-02 -3.692395687103271484e-01 2.164852619171142578e-01 2.938537895679473877e-01 1.293291449546813965e-01 1.050793379545211792e-02 3.172220289707183838e-01 6.480368971824645996e-02 -1.262392699718475342e-01 -1.590654253959655762e-03 -1.610438823699951172e-01 1.068558450788259506e-02 4.610569775104522705e-02 -1.901154965162277222e-01 -5.639635026454925537e-03 -3.443076461553573608e-02 4.806761816143989563e-02 3.393523395061492920e-01 1.552967727184295654e-01 -1.968566477298736572e-01 3.544248640537261963e-03 -1.010095775127410889e-01 -1.647291928529739380e-01 -2.027291059494018555e-01
3.563945591449737549e-01 -1.305830925703048706e-01 1.354297995567321777e-02 -2.073161154985427856e-01 3.588264435529708862e-02 -1.031085848808288574e-01 2.513946034014225006e-02 1.636029332876205444e-01 -2.274007201194763184e-01 -7.770711183547973633e-02 -5.807626992464065552e-02 -7.406285405158996582e-02 -1.863950490951538086e-02 9.992773830890655518e-02 -1.416020840406417847e-01 -5.541829764842987061e-02 -4.985307902097702026e-02 -7.147448509931564331e-02 1.500101983547210693e-01 -8.638112992048263550e-02 4.339396953582763672e-03 1.110938638448715210e-01 9.854964911937713623e-02 9.611936658620834351e-02 -5.860789492726325989e-02 5.789735168218612671e-02 -8.721685409545898438e-02 -1.000599861145019531e-01 -7.523145526647567749e-02 -2.330227643251419067e-01 -6.560228765010833740e-02 6.062176078557968140e-02
2.715791761875152588e-01 1.226212680339813232e-01 5.338160321116447449e-02 -9.220649302005767822e-02 -1.317137479782104492e-01 -2.230357527732849121e-01 -2.372223436832427979e-01 -2.148502506315708160e-02 -6.789319217205047607e-02 -1.805014610290527344e-01 -1.248612478375434875e-01 4.576464742422103882e-02 4.151424765586853027e-02 -1.737634241580963135e-01 -3.012410104274749756e-01 -3.741076588630676270e-01 -1.210045740008354187e-01 2.535960972309112549e-01 1.318462193012237549e-01 -9.884137660264968872e-02 -7.139340043067932129e-02 -1.453209966421127319e-01 2.568090260028839111e-01 -1.286877319216728210e-03 2.269719839096069336e-01 1.064469814300537109e-01 3.876402229070663452e-02 2.523708641529083252e-01 -1.831743270158767700e-01 2.843705192208290100e-02 1.362101733684539795e-01 2.943649888038635254e-01
3.061241805553436279e-01 -3.262477815151214600e-01 6.910561025142669678e-02 -1.846862286329269409e-01 2.307865396142005920e-02 -1.152471005916595459e-01 -1.341672055423259735e-02 -7.640034705400466919e-02 -8.516747504472732544e-02 7.850097864866256714e-02 5.641894787549972534e-02 -5.055078864097595215e-02 -5.774328112602233887e-02 1.212308034300804138e-01 -1.794997230172157288e-02 -1.477075219154357910e-01 -1.400861740112304688e-01 -7.353381067514419556e-02 -4.602910205721855164e-02 -3.686632812023162842e-01 9.640008211135864258e-03 -7.457716017961502075e-02 1.768854856491088867e-01 9.064296633005142212e-02 4.872955381870269775e-02 1.627905108034610748e-02 1.312898695468902588e-01 -2.340971529483795166e-01 4.675492644309997559e-02 -1.218678057193756104e-01 1.254910230636596680e-01 -2.780647575855255127e-01
1.708543747663497925e-01 -2.429802268743515015e-01 -6.304888427257537842e-02 1.748464256525039673e-02 1.210780739784240723e-01 -2.633497118949890137e-03 -6.482609547674655914e-03 -9.328343719244003296e-02 1.161462962627410889e-01 -1.388760805130004883e-01 2.627227604389190674e-01 6.832974404096603394e-02 -1.488977372646331787e-01 2.222701609134674072e-01 9.723067283630371094e-02 1.956604421138763428e-01 6.154055893421173096e-02 -3.548312932252883911e-02 -3.467834293842315674e-01 -1.495141386985778809e-01 4.355673491954803467e-02 -1.716230213642120361e-01 -2.525004446506500244e-01 6.151851266622543335e-02 -3.138560429215431213e-02 2.387346923351287842e-01 -8.422736823558807373e-02 -1.842488646507263184e-01 1.299350261688232422e-01 -1.112194955348968506e-01 -7.657811045646667480e-03 -4.816876649856567383e-01
-2.477781288325786591e-02 -3.627737611532211304e-02 5.450446903705596924e-02 6.753169000148773193e-02 -2.048867940902709961e-02 4.918117076158523560e-02 1.958110779523849487e-01 9.913991391658782959e-02 -5.075218901038169861e-02 -4.961476847529411316e-02 -2.034139335155487061e-01 -6.521100550889968872e-02 -6.158385425806045532e-02 1.071005910634994507e-01 -5.810120329260826111e-02 7.718890160322189331e-02 1.556157767772674561e-01 -7.741443067789077759e-02 3.271634280681610107e-01 1.660416275262832642e-01 1.691298484802246094e-01 -1.888209208846092224e-02 2.640105411410331726e-02 8.584285527467727661e-02 -8.943904936313629150e-02 2.839575894176959991e-02 -1.409770697355270386e-01 -1.220102384686470032e-01 5.666911602020263672e-02 -6.652770936489105225e-02 -1.443754583597183228e-01 6.966620218008756638e-03
-3.997608274221420288e-02 4.996556416153907776e-02 -4.468687996268272400e-02 -3.675555437803268433e-02 -5.879387259483337402e-02 -4.326623678207397461e-02 2.028347253799438477e-01 2.606165409088134766e-02 7.763983309268951416e-02 -4.860404878854751587e-02 -1.476945579051971436e-01 -9.053695201873779297e-02 -4.326157271862030029e-02 1.992987841367721558e-02 -1.725179404020309448e-01 1.026734709739685059e-02 5.250347033143043518e-02 -9.006977081298828125e-02 1.522059589624404907e-01 -2.922735363245010376e-02 1.298659443855285645e-01 -3.006033413112163544e-02 4.118189215660095215e-02 -4.422231018543243408e-02 -9.635321795940399170e-02 -5.048454180359840393e-02 -2.071383446455001831e-01 -7.489576190710067749e-02 5.704462528228759766e-02 -7.620050013065338135e-02 1.442875713109970093e-02 -6.562396883964538574e-02
