2.773150205612182617e-01 1.017711907625198364e-01 -3.444535657763481140e-02 -3.680882751941680908e-01 1.084493696689605713e-01 -2.328436672687530518e-01 7.709034532308578491e-02 4.638411104679107666e-02 -1.528908610343933105e-01 1.079789549112319946e-02 -1.257190704345703125e-01 -1.554637849330902100e-01 3.696643561124801636e-02 -9.560429304838180542e-02 -2.772873044013977051e-01 -1.381596624851226807e-01 -2.063603103160858154e-01 6.540723145008087158e-02 1.488028317689895630e-01 -1.818596869707107544e-01 -8.011177927255630493e-02 3.735941648483276367e-01 2.872014939785003662e-01 1.220100894570350647e-01 -9.380379319190979004e-02 -1.810535639524459839e-01 -1.419767141342163086e-01 -5.802310258150100708e-02 2.597832679748535156e-02 3.608383238315582275e-03 2.822744846343994141e-02 1.186713725328445435e-01
-2.243083268404006958e-01 -7.172929495573043823e-02 -2.022325098514556885e-01 1.176264733076095581e-01 -8.112396299839019775e-02 -1.161076873540878296e-02 -1.678929477930068970e-01 -1.508457660675048828e-01 6.336559355258941650e-02 -2.804489433765411377e-02 1.619811058044433594e-01 7.006344944238662720e-02 2.469970881938934326e-01 2.239348180592060089e-02 -6.511332839727401733e-02 -1.473438739776611328e-02 3.723360598087310791e-02 5.811902135610580444e-02 -1.350045502185821533e-01 -2.076888978481292725e-01 3.176153451204299927e-02 -1.163611114025115967e-01 -4.775922000408172607e-02 -4.200395196676254272e-02 -1.158662587404251099e-01 6.832804530858993530e-03 -4.402473568916320801e-02 2.125701010227203369e-01 1.919177174568176270e-02 1.807602345943450928e-01 7.474569231271743774e-02 -5.822470877319574356e-03
1.920105516910552979e-01 -1.876341551542282104e-01 -8.282598108053207397e-03 -7.731755077838897705e-02 8.224304765462875366e-03 -3.698373585939407349e-02 -1.416261121630668640e-02 -1.762090995907783508e-02 -2.473510801792144775e-03 5.305492132902145386e-02 2.058880031108856201e-01 -2.062512561678886414e-02 -1.304120868444442749e-01 7.803952693939208984e-02 8.458070456981658936e-02 -2.955943346023559570e-03 -5.367036908864974976e-02 5.864746123552322388e-02 -1.426379382610321045e-01 -2.148636430501937866e-01 -3.471475467085838318e-02 1.871970668435096741e-02 -4.079094529151916504e-02 -4.817622154951095581e-02 -3.351631388068199158e-02 8.991203457117080688e-02 -7.715448737144470215e-05 -7.221607863903045654e-02 1.326616257429122925e-01 -1.610975116491317749e-01 4.901392012834548950e-02 -2.818630337715148926e-01
2.708069384098052979e-01 -5.095179677009582520e-01 1.734134554862976074e-01 -2.850346863269805908e-01 1.771627366542816162e-01 -2.113590836524963379e-01 -8.614169806241989136e-02 1.105727255344390869e-02 -3.861069679260253906e-03 -9.012961387634277344e-02 -4.663056880235671997e-02 -4.062573239207267761e-02 9.493371099233627319e-02 1.000909954309463501e-01 8.737508952617645264e-02 -3.206046670675277710e-02 -9.641545265913009644e-02 -1.044591963291168213e-01 -1.935004740953445435e-01 -3.839523792266845703e-01 -3.202546387910842896e-02 -1.549875885248184204e-01 2.412162721157073975e-01 2.257003039121627808e-01 5.675093829631805420e-02 -6.988760083913803101e-02 1.794669181108474731e-01 -2.894064784049987793e-01 7.067114114761352539e-02 -6.839901208877563477e-02 6.232065707445144653e-02 -5.012471675872802734e-01
2.093733549118041992e-01 1.733949631452560425e-01 -1.547711640596389771e-01 -3.574626445770263672e-01 1.553920507431030273e-01 -1.925954818725585938e-01 1.653922051191329956e-01 -4.478099197149276733e-02 -4.739332944154739380e-02 1.233845949172973633e-02 -4.020038992166519165e-02 -2.062543928623199463e-01 -7.848161458969116211e-02 5.176128447055816650e-02 -3.190308511257171631e-01 -1.761946976184844971e-01 -1.063331738114356995e-01 1.304088532924652100e-02 6.660155951976776123e-02 -2.629214227199554443e-01 -1.427265629172325134e-02 1.908108219504356384e-02 4.120688140392303467e-02 -5.889249593019485474e-02 2.956929802894592285e-02 -1.101912409067153931e-01 -1.112634688615798950e-01 -1.169813051819801331e-01 9.935827553272247314e-02 -8.513914048671722412e-02 1.211016997694969177e-01 -7.521582394838333130e-02
1.584284156560897827e-01 -1.644023209810256958e-01 -3.760261461138725281e-02 7.585938274860382080e-02 1.169383972883224487e-01 2.322383224964141846e-03 -1.813003867864608765e-01 -1.256602257490158081e-02 7.046763598918914795e-02 -1.015154272317886353e-01 2.424730658531188965e-01 1.885342597961425781e-01 -1.702387034893035889e-01 5.507478490471839905e-02 2.267819046974182129e-01 6.838482618331909180e-02 -1.079371348023414612e-01 -1.301437988877296448e-02 -2.985536754131317139e-01 -5.673347413539886475e-02 7.557030767202377319e-02 -1.165085434913635254e-01 -2.692137360572814941e-01 -1.053458228707313538e-01 -4.863931611180305481e-02 2.393134832382202148e-01 -2.737610414624214172e-02 -2.600529193878173828e-01 2.265516370534896851e-01 -2.436847239732742310e-02 -5.964963510632514954e-02 -3.949072659015655518e-01
4.997198656201362610e-02 -1.713409572839736938e-01 -3.855783119797706604e-02 -1.792830973863601685e-01 2.960034012794494629e-01 2.287618815898895264e-03 1.973420679569244385e-01 -3.749637305736541748e-02 -1.091301366686820984e-01 8.559788018465042114e-02 1.929188668727874756e-01 -2.241040468215942383e-01 -1.436063051223754883e-01 2.056455612182617188e-01 -9.925389289855957031e-02 -2.559136599302291870e-02 9.328083693981170654e-02 1.057592779397964478e-02 -7.160245627164840698e-02 -1.628089398145675659e-01 4.777292907238006592e-02 5.167148634791374207e-02 -6.385286897420883179e-02 5.162478238344192505e-02 -8.445402979850769043e-02 5.601252615451812744e-02 -9.466183185577392578e-02 -2.521575987339019775e-01 8.289724588394165039e-02 -1.590259373188018799e-02 6.495402008295059204e-02 -4.492566883563995361e-01
1.317515820264816284e-01 9.132418781518936157e-03 -1.445001214742660522e-01 -2.434459328651428223e-01 -1.858225166797637939e-01 -2.220911085605621338e-01 2.862009964883327484e-02 -4.328418523073196411e-03 3.724622726440429688e-02 1.112689748406410217e-01 7.668644934892654419e-02 -3.864440694451332092e-02 -7.980554550886154175e-02 7.318750768899917603e-02 -2.269750982522964478e-01 -5.729280412197113037e-03 -2.399410605430603027e-01 -1.342057883739471436e-01 7.095870375633239746e-02 -3.112262487411499023e-01 -1.538022980093955994e-02 6.388433277606964111e-02 1.931567788124084473e-01 -1.728373020887374878e-01 3.824733197689056396e-02 -8.795622736215591431e-02 -4.817749187350273132e-02 -3.173387423157691956e-02 1.567860543727874756e-01 -1.883908957242965698e-01 3.143534362316131592e-01 1.442299336194992065e-01
-1.892849355936050415e-01 3.554284572601318359e-01 -1.629979312419891357e-01 2.400990873575210571e-01 -1.806066930294036865e-02 1.451826095581054688e-02 1.100128814578056335e-01 -1.767155528068542480e-01 1.006066799163818359e-01 1.685078442096710205e-02 5.406669154763221741e-02 3.502443432807922363e-02 -3.796026110649108887e-02 -9.362979978322982788e-02 -2.148806862533092499e-02 -1.999688148498535156e-02 5.806693434715270996e-02 9.858752042055130005e-02 1.140859574079513550e-01 2.295097708702087402e-02 -5.800360441207885742e-02 -2.399932965636253357e-02 -3.761028647422790527e-01 -2.581916004419326782e-02 -3.553408756852149963e-02 1.594048924744129181e-02 -1.697393059730529785e-01 -1.776642166078090668e-04 1.568556725978851318e-01 1.933710277080535889e-01 -4.141899943351745605e-02 -3.163010999560356140e-02
-2.173699587583541870e-01 2.410292178392410278e-01 8.282449096441268921e-03 6.547777354717254639e-02 4.719006642699241638e-02 4.129685461521148682e-02 1.843138784170150757e-01 -4.550973325967788696e-02 -3.955653682351112366e-02 1.013206616044044495e-01 -1.305999457836151123e-01 -2.056443393230438232e-01 2.768580615520477295e-02 9.589420258998870850e-02 -1.533868312835693359e-01 1.046359688043594360e-01 2.239885330200195312e-01 -1.316843181848526001e-02 3.020260632038116455e-01 -2.744166925549507141e-02 -6.249896436929702759e-02 8.116188645362854004e-02 3.470323979854583740e-03 -2.099560648202896118e-01 8.810627460479736328e-02 9.904488176107406616e-02 -1.173069886863231659e-02 3.649652302265167236e-01 -8.244905620813369751e-04 -1.618186831474304199e-01 4.159899055957794189e-02 3.018704652786254883e-01
2.410695999860763550e-01 -2.509130835533142090e-01 -1.175049990415573120e-01 -2.258368879556655884e-01 1.810114085674285889e-01 -1.337744295597076416e-01 1.254089623689651489e-01 7.609722018241882324e-02 -3.409577012062072754e-01 -1.794787198305130005e-01 2.944788709282875061e-02 -3.096066415309906006e-01 1.705627143383026123e-01 3.544013202190399170e-01 -2.496353387832641602e-01 1.342322826385498047e-01 2.192920148372650146e-01 3.953777998685836792e-02 -4.245601966977119446e-02 -5.191387981176376343e-02 1.397612988948822021e-01 -4.210013896226882935e-02 -5.474535375833511353e-02 4.743732511997222900e-01 -1.835290491580963135e-01 6.284277886152267456e-02 -2.887737154960632324e-01 6.027840543538331985e-03 -2.482872456312179565e-01 -2.509930729866027832e-01 -1.440467834472656250e-01 -3.590940684080123901e-02
-7.027151435613632202e-02 -4.113604128360748291e-02 -1.999770104885101318e-01 -1.429109573364257812e-01 -1.528079360723495483e-01 -1.187860071659088135e-01 1.964620314538478851e-02 -7.514772564172744751e-02 7.267160713672637939e-02 -4.725312441587448120e-02 1.017796248197555542e-01 -1.607093513011932373e-01 2.415391206741333008e-01 5.806837603449821472e-02 -2.042444795370101929e-01 1.288008093833923340e-01 -1.298987865447998047e-02 -8.504319190979003906e-02 -2.039740830659866333e-01 -3.968270123004913330e-01 -2.185003831982612610e-02 2.700826153159141541e-02 7.710928469896316528e-02 1.183442771434783936e-03 -2.223574370145797729e-01 -1.844511628150939941e-01 -2.217299193143844604e-01 1.548683941364288330e-01 9.969727694988250732e-02 -1.848031580448150635e-02 1.095420196652412415e-01 -9.912730753421783447e-02
1.248139962553977966e-01 9.490768611431121826e-02 -4.911084845662117004e-02 -3.620212376117706299e-01 9.261323511600494385e-02 -1.486578881740570068e-01 2.113770395517349243e-01 -3.020520880818367004e-02 -1.596324294805526733e-01 -7.458360493183135986e-02 -9.922153502702713013e-02 -2.820168733596801758e-01 5.817512422800064087e-02 7.641501724720001221e-02 -2.552386224269866943e-01 8.533434569835662842e-02 -3.354266285896301270e-03 -2.644247561693191528e-02 -3.286470845341682434e-02 -2.342340797185897827e-01 -8.950937539339065552e-02 2.232868224382400513e-01 1.049151420593261719e-01 3.822000324726104736e-02 -1.148124635219573975e-01 -2.085214406251907349e-01 -2.192458659410476685e-01 -9.554255753755569458e-02 1.606999188661575317e-01 -6.129255890846252441e-02 6.225466728210449219e-03 -1.424883604049682617e-01
4.653857648372650146e-01 -1.684903502464294434e-01 1.482933759689331055e-01 -3.110037446022033691e-01 -1.017120331525802612e-01 -2.032471001148223877e-01 -3.017731010913848877e-01 1.755112111568450928e-01 -2.255161851644515991e-01 -1.270842254161834717e-01 -1.015091016888618469e-01 -2.511386200785636902e-02 4.765809327363967896e-02 -1.649168431758880615e-01 -1.154658943414688110e-01 -1.944737434387207031e-01 -3.175156414508819580e-01 3.051279485225677490e-02 4.255328327417373657e-02 -1.875929981470108032e-01 -8.350861072540283203e-02 3.004015982151031494e-01 4.739198386669158936e-01 -7.600639760494232178e-02 -6.191566959023475647e-02 -3.038058802485466003e-02 -6.755582988262176514e-03 4.249798599630594254e-03 -3.443650901317596436e-02 -8.879417181015014648e-02 7.281059771776199341e-02 2.634645998477935791e-01
-1.796909719705581665e-01 -1.121029257774353027e-01 1.558538153767585754e-02 1.334297209978103638e-01 -1.491531729698181152e-02 5.681658536195755005e-02 -1.808164454996585846e-02 -4.962481185793876648e-02 -1.380416005849838257e-02 -6.989695131778717041e-02 2.001278102397918701e-03 -1.635587960481643677e-02 2.152090072631835938e-01 1.292538344860076904e-01 -2.233087085187435150e-02 1.116947159171104431e-01 2.350349724292755127e-01 7.987730205059051514e-03 -2.993500977754592896e-02 -1.764037832617759705e-02 7.061012834310531616e-02 -1.420774906873703003e-01 -3.463203459978103638e-02 7.216721028089523315e-02 -1.524267941713333130e-01 -6.674138829112052917e-03 -1.352282613515853882e-01 1.139569729566574097e-01 8.219834417104721069e-03 1.142003685235977173e-01 -3.807864338159561157e-02 -1.222042813897132874e-01
2.291379570960998535e-01 -2.328581660985946655e-01 8.392197638750076294e-02 -7.829871773719787598e-02 -1.620391160249710083e-01 -4.503492638468742371e-02 1.251134276390075684e-01 2.251627743244171143e-01 -1.573309749364852905e-01 -4.748360440135002136e-02 -1.630405187606811523e-01 -4.046013951301574707e-02 -4.021837934851646423e-02 1.400343179702758789e-01 -1.521448697894811630e-02 1.560522615909576416e-01 -4.919806867837905884e-02 -2.177659869194030762e-01 5.431468784809112549e-02 5.506057292222976685e-02 5.400853604078292847e-02 1.982623785734176636e-01 1.479604244232177734e-01 8.051375299692153931e-02 -8.344501256942749023e-02 -3.319656476378440857e-02 -9.071959555149078369e-02 -3.133363649249076843e-02 -9.386575222015380859e-02 -3.300772905349731445e-01 -1.143890917301177979e-01 1.929387450218200684e-01
9.371273964643478394e-02 2.584705650806427002e-01 -2.249419540166854858e-01 -4.117091596126556396e-01 1.575791537761688232e-01 -2.683152854442596436e-01 2.535663545131683350e-01 -1.176963299512863159e-01 -5.895224213600158691e-02 -1.853205263614654541e-03 3.858592733740806580e-02 -2.722499966621398926e-01 -3.851132094860076904e-02 1.322304308414459229e-01 -3.982983529567718506e-01 -1.691708564758300781e-01 -6.574796885251998901e-02 7.139954715967178345e-03 2.159152552485466003e-02 -2.881455421447753906e-01 3.990545123815536499e-02 -3.292786329984664917e-02 5.505906045436859131e-02 -5.288455635309219360e-02 -2.335410192608833313e-02 -7.304387539625167847e-02 -1.977659016847610474e-01 -1.339213252067565918e-01 5.496799945831298828e-02 -8.093483746051788330e-02 1.323809325695037842e-01 -1.072701066732406616e-01
2.020656466484069824e-01 9.451624751091003418e-02 -8.782209455966949463e-02 -3.039728105068206787e-01 3.687899708747863770e-01 -1.296290308237075806e-01 1.906296312808990479e-01 8.841305971145629883e-02 -2.526332437992095947e-01 -5.194672942161560059e-02 -1.036221906542778015e-01 -1.694861799478530884e-01 7.741802185773849487e-02 2.162108942866325378e-02 -2.320349663496017456e-01 -1.803936362266540527e-01 2.204693853855133057e-02 6.517342478036880493e-02 1.738452464342117310e-01 -5.357725173234939575e-02 1.933217793703079224e-02 1.499231308698654175e-01 2.773872017860412598e-02 3.264179229736328125e-01 -1.143533438444137573e-01 -6.297474727034568787e-03 -2.070647627115249634e-01 -1.437160670757293701e-01 -1.748817563056945801e-01 3.638122975826263428e-02 -1.409049332141876221e-01 -4.399225115776062012e-02
-1.647355854511260986e-01 2.144139856100082397e-01 -2.395991832017898560e-01 -1.853429675102233887e-01 -8.137911558151245117e-02 -1.324879825115203857e-01 4.707743972539901733e-02 -1.453843265771865845e-01 1.752031743526458740e-01 3.751574456691741943e-02 4.505223035812377930e-02 -1.237915754318237305e-01 1.429582536220550537e-01 -1.094688698649406433e-01 -2.146525979042053223e-01 -5.586483329534530640e-02 -1.388372182846069336e-01 -5.808785557746887207e-03 -5.197244137525558472e-02 -4.120096266269683838e-01 -9.148512780666351318e-02 4.425127431750297546e-02 6.568130105733871460e-02 -1.535270065069198608e-01 -1.132448017597198486e-01 -1.108922362327575684e-01 -1.439905166625976562e-01 2.821373380720615387e-02 1.954185813665390015e-01 8.403021842241287231e-02 1.938780546188354492e-01 -1.116319000720977783e-01
-3.081346116960048676e-02 2.571463957428932190e-02 1.442285254597663879e-02 6.426291167736053467e-02 -8.025735616683959961e-02 5.624712258577346802e-02 9.661878645420074463e-02 2.589507400989532471e-02 -3.182919695973396301e-02 4.008004814386367798e-02 5.421616137027740479e-03 -1.568944752216339111e-01 1.304581016302108765e-02 1.305959522724151611e-01 -6.577984988689422607e-02 1.538306027650833130e-01 1.422549039125442505e-01 6.199093163013458252e-02 5.854564160108566284e-02 -5.566543340682983398e-02 -1.383040472865104675e-02 9.240108728408813477e-02 3.354501724243164062e-02 -9.198535978794097900e-02 4.019600898027420044e-02 6.202504783868789673e-02 -1.166737079620361328e-02 3.454873859882354736e-01 -4.839286208152770996e-02 -2.382353097200393677e-01 1.263381838798522949e-01 1.712350994348526001e-01
-1.198961026966571808e-02 -8.988273143768310547e-02 -2.229715138673782349e-01 -1.267118752002716064e-01 -1.185521632432937622e-01 -9.885394573211669922e-02 1.526024937629699707e-01 -4.004596173763275146e-02 -2.238119766116142273e-02 -7.596346735954284668e-02 1.053989082574844360e-01 -2.398379743099212646e-01 1.357467770576477051e-01 2.011407315731048584e-01 -2.587436735630035400e-01 1.178057789802551270e-01 1.043926551938056946e-01 -8.964760601520538330e-02 -8.540983498096466064e-02 -2.693417370319366455e-01 1.313726902008056641e-01 -9.415519982576370239e-02 3.646519035100936890e-02 5.718223005533218384e-02 -2.047074437141418457e-01 -1.053264215588569641e-01 -2.765020132064819336e-01 9.438717365264892578e-02 4.419039189815521240e-02 -1.412715315818786621e-01 1.049409583210945129e-01 -1.188887432217597961e-01
-2.507236599922180176e-01 8.250042796134948730e-02 -3.945989310741424561e-01 2.067072689533233643e-01 -1.350248903036117554e-01 -8.910227566957473755e-02 -1.724653393030166626e-01 -2.677007913589477539e-01 2.198393344879150391e-01 9.182039648294448853e-02 3.337557017803192139e-01 7.294676452875137329e-02 5.917742103338241577e-02 -1.080843880772590637e-01 -2.891616337001323700e-02 -2.452648878097534180e-01 -1.190879717469215393e-01 9.699980169534683228e-02 -3.114533424377441406e-02 -2.778946757316589355e-01 9.053855389356613159e-02 -2.646344006061553955e-01 -5.703566223382949829e-02 -2.245053201913833618e-01 -1.561308652162551880e-02 6.763116270303726196e-02 2.638758718967437744e-02 1.036611646413803101e-01 -2.361144870519638062e-04 1.892619431018829346e-01 2.751892805099487305e-01 7.824098318815231323e-02
3.721456229686737061e-02 2.511470317840576172e-01 -1.920832693576812744e-01 -4.128480553627014160e-01 2.419309318065643311e-02 -3.203283846378326416e-01 9.274417906999588013e-02 -1.814368814229965210e-01 -8.971244096755981445e-03 2.938001602888107300e-02 5.326801538467407227e-02 -2.169506847858428955e-01 2.605195343494415283e-02 -5.680218338966369629e-02 -3.537085652351379395e-01 -1.632156372070312500e-01 -2.018630206584930420e-01 4.319050908088684082e-02 -1.638139784336090088e-02 -4.793535768985748291e-01 -6.684932857751846313e-02 2.257667109370231628e-02 1.888041347265243530e-01 -2.961453497409820557e-01 2.629437111318111420e-02 -1.646785140037536621e-01 -3.895039483904838562e-02 -7.400882989168167114e-02 3.436805009841918945e-01 2.022798359394073486e-02 2.924610972404479980e-01 -8.513643592596054077e-02
1.359040755778551102e-02 -4.900797083973884583e-02 -3.160901665687561035e-01 -2.042579650878906250e-01 -1.962888538837432861e-01 -2.093011438846588135e-01 1.319616585969924927e-01 -1.325489133596420288e-01 3.997109830379486084e-02 -3.112416341900825500e-02 1.879816651344299316e-01 -2.608718872070312500e-01 1.129251793026924133e-01 1.394305229187011719e-01 -3.530942797660827637e-01 5.436373129487037659e-02 9.134016931056976318e-03 -8.439217507839202881e-02 -1.077017858624458313e-01 -3.613741397857666016e-01 1.629936993122100830e-01 -9.018512815237045288e-02 8.165532350540161133e-02 -3.111383691430091858e-02 -1.747508943080902100e-01 -1.626699119806289673e-01 -2.555894255638122559e-01 4.167868196964263916e-02 6.631619483232498169e-02 -2.111550718545913696e-01 1.983415782451629639e-01 -4.956967011094093323e-02
9.304969757795333862e-02 -9.360907971858978271e-02 1.701438426971435547e-01 -9.849777817726135254e-02 -2.095087170600891113e-01 1.369093358516693115e-02 -5.597931891679763794e-02 1.826801598072052002e-01 2.191698551177978516e-02 2.105167508125305176e-02 -1.528496742248535156e-01 1.290418207645416260e-01 -1.740083098411560059e-04 -2.849387377500534058e-02 8.000020682811737061e-02 6.894162297248840332e-02 -1.815965473651885986e-01 -1.887196898460388184e-01 1.262759566307067871e-01 -8.802996575832366943e-02 -8.583312481641769409e-02 1.832296401262283325e-01 2.196063995361328125e-01 -1.762733906507492065e-01 4.629514366388320923e-02 5.981923639774322510e-02 8.853609859943389893e-02 -7.757945917546749115e-03 1.552978157997131348e-01 -1.221112757921218872e-01 5.843142420053482056e-02 1.747259944677352905e-01
-1.137589365243911743e-01 -2.590045928955078125e-01 9.939461946487426758e-02 1.146745979785919189e-01 -2.543838620185852051e-01 2.180255949497222900e-02 -3.030471503734588623e-01 8.880089968442916870e-03 2.954626083374023438e-02 -3.777839243412017822e-03 5.227696150541305542e-02 2.278683781623840332e-01 2.266957163810729980e-01 3.358237817883491516e-02 1.039666682481765747e-01 1.639722585678100586e-01 -6.540628522634506226e-02 -1.330027878284454346e-01 -1.596546620130538940e-01 -1.577572375535964966e-01 -8.527324348688125610e-02 5.964947864413261414e-02 1.375905722379684448e-01 -8.806844055652618408e-02 -7.708269357681274414e-02 3.901480138301849365e-02 8.536044508218765259e-02 2.031733989715576172e-01 2.483439445495605469e-02 3.072353452444076538e-02 6.077117472887039185e-02 1.744712293148040771e-01
-7.383227348327636719e-02 1.776221543550491333e-01 -8.343490958213806152e-02 1.481245607137680054e-01 -1.213690638542175293e-02 8.056873828172683716e-02 9.008396416902542114e-02 -8.535623550415039062e-02 1.019505113363265991e-01 -2.080067247152328491e-02 9.732774645090103149e-02 -9.740181267261505127e-02 -1.100374013185501099e-02 1.139534860849380493e-01 -2.151412330567836761e-02 1.679053008556365967e-01 1.722468733787536621e-01 3.332406282424926758e-02 -5.488549917936325073e-02 -3.747870400547981262e-02 -4.189620912075042725e-02 -1.689935103058815002e-02 -2.476826906204223633e-01 -4.772120714187622070e-02 -4.939352348446846008e-02 8.390777558088302612e-02 -1.578136384487152100e-01 1.485671401023864746e-01 7.856213301420211792e-02 -1.624848693609237671e-02 9.937193244695663452e-03 -3.420624136924743652e-02
1.363542396575212479e-02 -1.731196232140064240e-02 -3.431604430079460144e-02 8.700899779796600342e-02 -2.628180384635925293e-02 6.026820093393325806e-02 -1.056438982486724854e-01 -4.016079008579254150e-03 2.960337698459625244e-02 -1.213190406560897827e-01 1.472204625606536865e-01 -7.995892316102981567e-02 -5.145072937011718750e-04 4.815829917788505554e-02 9.636506438255310059e-02 1.666875034570693970e-01 1.210534274578094482e-01 1.428646743297576904e-01 -2.032766193151473999e-01 -8.314581215381622314e-02 -9.548678994178771973e-02 1.872265711426734924e-02 -1.209548041224479675e-01 -6.563526391983032227e-02 -8.094966411590576172e-03 4.316879808902740479e-02 -7.611185312271118164e-02 1.454949676990509033e-01 7.646553963422775269e-02 -6.959415972232818604e-02 1.604568958282470703e-02 -4.656181484460830688e-02
2.238582223653793335e-01 -1.939654648303985596e-01 1.340669840574264526e-01 -9.125468134880065918e-02 -1.448986530303955078e-01 -5.257568135857582092e-02 5.682021379470825195e-02 -6.019204854965209961e-02 -1.675263196229934692e-01 1.242430284619331360e-01 -3.953288495540618896e-02 -1.626987159252166748e-01 -7.267628610134124756e-02 1.435766369104385376e-02 -4.544296860694885254e-02 -8.368777483701705933e-02 -4.599993675947189331e-02 -1.585199870169162750e-02 1.472907662391662598e-01 -3.145851194858551025e-01 -2.503627911210060120e-02 2.866751328110694885e-02 2.993696033954620361e-01 -5.235942453145980835e-02 3.529915213584899902e-02 3.326149284839630127e-02 1.285486519336700439e-01 8.679266273975372314e-02 -9.221416711807250977e-02 -2.390352636575698853e-01 1.745966970920562744e-01 1.934289559721946716e-02
-5.571890622377395630e-03 -5.898533388972282410e-02 -1.172473281621932983e-01 -2.511341311037540436e-02 2.587597668170928955e-01 8.406377583742141724e-02 2.475284598767757416e-02 -1.809358745813369751e-01 -2.899437770247459412e-02 -2.843549549579620361e-01 3.296575546264648438e-01 -8.510059118270874023e-02 5.109011381864547729e-02 2.227999269962310791e-01 8.780713379383087158e-02 2.630249857902526855e-01 3.218401670455932617e-01 7.300450652837753296e-02 -3.266574144363403320e-01 -5.045632272958755493e-02 -4.253883659839630127e-02 -1.397609114646911621e-01 -3.615100681781768799e-01 1.835424453020095825e-01 -6.868988275527954102e-02 1.160567551851272583e-01 -1.529197394847869873e-01 -1.081790402531623840e-01 -1.383263617753982544e-03 1.895878463983535767e-01 -8.541429042816162109e-02 -4.000294506549835205e-01
3.819099068641662598e-01 -1.982067078351974487e-01 -1.011130511760711670e-01 -3.184891343116760254e-01 7.417427748441696167e-02 -1.708119064569473267e-01 -4.214802384376525879e-02 1.345209032297134399e-01 -3.137841224670410156e-01 -6.918002665042877197e-02 1.928207650780677795e-02 -1.423511207103729248e-01 1.639469265937805176e-01 1.461548209190368652e-01 -2.113033086061477661e-01 -7.309379428625106812e-02 -8.419091254472732544e-02 9.489294141530990601e-03 1.180098801851272583e-01 -1.488963067531585693e-01 -3.278197720646858215e-02 1.638220846652984619e-01 5.541116371750831604e-02 3.808684051036834717e-01 -4.300175234675407410e-02 6.305457651615142822e-02 -1.177438572049140930e-01 4.392482805997133255e-03 -1.712460368871688843e-01 -2.474230378866195679e-01 -2.610467374324798584e-02 8.850378543138504028e-02
1.324680596590042114e-01 -9.583117365837097168e-01 3.957507908344268799e-01 -2.585084140300750732e-01 -2.011692821979522705e-01 -2.974992692470550537e-01 -4.692548215389251709e-01 2.133911848068237305e-01 -1.122772693634033203e-01 -1.512956321239471436e-01 -4.229247570037841797e-01 4.455808401107788086e-01 4.532473981380462646e-01 -7.824208587408065796e-02 4.055612683296203613e-01 3.055670261383056641e-01 -1.019499674439430237e-01 -4.759795963764190674e-01 -1.993929594755172729e-01 -1.952701807022094727e-01 -1.968587636947631836e-01 -1.833326816558837891e-01 5.480267405509948730e-01 1.649464070796966553e-01 3.678052425384521484e-01 -1.408873032778501511e-02 4.599471688270568848e-01 -6.948880106210708618e-02 2.502487301826477051e-01 -2.668844461441040039e-01 -1.469455957412719727e-01 4.174339026212692261e-02
-1.471262425184249878e-03 -7.459222525358200073e-02 -3.633201494812965393e-02 1.185815036296844482e-01 -4.728466272354125977e-02 7.424055784940719604e-02 -3.302577137947082520e-01 8.873008191585540771e-02 3.926500678062438965e-03 -9.872899204492568970e-02 6.132401525974273682e-02 1.734143495559692383e-01 -1.179397627711296082e-01 -2.420654594898223877e-01 2.597560286521911621e-01 -1.054397448897361755e-01 -2.442583441734313965e-01 1.579712629318237305e-01 -1.151515766978263855e-01 -7.732465118169784546e-02 -1.172545254230499268e-01 1.512418836355209351e-01 -1.177726313471794128e-01 -1.368566453456878662e-01 -6.555075943470001221e-02 1.790549419820308685e-02 4.647793620824813843e-02 -9.540496766567230225e-02 4.056538343429565430e-01 1.344634443521499634e-01 -5.549126490950584412e-02 -2.106493711471557617e-01
4.874911010265350342e-01 -1.468369066715240479e-01 1.810550838708877563e-01 1.987711489200592041e-01 -4.407345652580261230e-01 -1.180188804864883423e-01 -4.513530135154724121e-01 8.596725761890411377e-02 4.693657159805297852e-03 1.481209695339202881e-01 -5.586791783571243286e-02 4.637773036956787109e-01 -3.066481947898864746e-01 -1.521145701408386230e-01 3.465333282947540283e-01 -1.697169244289398193e-01 -6.225641965866088867e-01 -7.883135974407196045e-02 3.661695867776870728e-02 -3.932621330022811890e-02 2.727030962705612183e-02 -3.112896680831909180e-01 1.626313626766204834e-01 -1.084271296858787537e-01 3.069217503070831299e-01 3.098175823688507080e-01 3.930877447128295898e-01 -7.783415913581848145e-02 -6.116219982504844666e-02 -2.708393931388854980e-01 3.143000602722167969e-01 2.445013225078582764e-01
1.430161595344543457e-01 -1.733961850404739380e-01 -5.156282708048820496e-02 -1.104366779327392578e-02 1.506224647164344788e-02 -2.356460317969322205e-02 9.988097846508026123e-02 -8.249494433403015137e-02 5.070073902606964111e-02 -1.358051598072052002e-02 2.352312207221984863e-01 -9.642163664102554321e-02 -1.215603202581405640e-01 2.176392376422882080e-01 4.786122590303421021e-03 1.440358608961105347e-01 8.902814984321594238e-02 3.261189162731170654e-02 -2.242455333471298218e-01 -1.991564482450485229e-01 -1.985749229788780212e-02 -4.921348392963409424e-02 -1.399220824241638184e-01 2.982507087290287018e-02 -5.842827633023262024e-02 1.576193720102310181e-01 -7.668255269527435303e-02 -1.412999629974365234e-02 4.261621087789535522e-02 -2.114500552415847778e-01 8.105310052633285522e-02 -2.687942087650299072e-01
1.860540509223937988e-01 -2.623645663261413574e-01 -4.203893244266510010e-03 -2.590129151940345764e-03 -5.686415731906890869e-02 -3.967500105500221252e-02 -1.189837381243705750e-01 -5.124504119157791138e-02 4.314896464347839355e-02 -2.080216705799102783e-01 2.044140696525573730e-01 4.319516569375991821e-02 1.383282244205474854e-03 9.929879009723663330e-02 1.557106971740722656e-01 2.212125957012176514e-01 -3.620491921901702881e-02 5.351588129997253418e-02 -3.981111645698547363e-01 -1.862217932939529419e-01 -1.419091224670410156e-01 -7.487960159778594971e-02 -1.175204738974571228e-01 6.931815296411514282e-02 -3.485910221934318542e-02 9.897202998399734497e-02 -1.507174037396907806e-02 -2.568114362657070160e-02 3.677532076835632324e-02 -1.629977822303771973e-01 2.467402815818786621e-02 -3.031981289386749268e-01
2.460487782955169678e-01 -7.295134663581848145e-01 1.948892772197723389e-01 -2.911144495010375977e-01 1.573498249053955078e-01 -2.336333394050598145e-01 -1.081680282950401306e-01 1.372767984867095947e-01 1.330462843179702759e-01 -2.059808671474456787e-01 -3.434945642948150635e-02 9.129806607961654663e-02 2.637083530426025391e-01 1.351144611835479736e-01 2.352347671985626221e-01 2.511617839336395264e-01 -2.151416987180709839e-02 -1.928842067718505859e-01 -3.765060603618621826e-01 -2.844897508621215820e-01 4.169084131717681885e-03 -2.401728481054306030e-01 1.895558238029479980e-01 2.509312927722930908e-01 5.762635916471481323e-02 -2.168749086558818817e-02 1.662463992834091187e-01 -1.694322228431701660e-01 1.623349040746688843e-01 -1.752277165651321411e-01 -7.503852248191833496e-05 -5.257574915885925293e-01
1.585057005286216736e-03 7.975770533084869385e-02 1.368690580129623413e-01 4.237633571028709412e-02 -9.658667445182800293e-02 -7.978931069374084473e-03 -3.554483056068420410e-01 7.069090753793716431e-02 -1.462115943431854248e-01 -3.744109570980072021e-01 -1.597241759300231934e-01 2.787176519632339478e-02 1.690100133419036865e-01 -2.783984541893005371e-01 -4.150696098804473877e-02 -4.184609651565551758e-02 9.067120403051376343e-02 1.897249817848205566e-01 -4.438551887869834900e-02 -2.476716414093971252e-02 -2.020042836666107178e-01 5.467969551682472229e-02 2.570432424545288086e-01 -1.511999070644378662e-01 1.279231905937194824e-01 -5.970793217420578003e-02 4.532311856746673584e-02 3.031687736511230469e-01 8.448522537946701050e-03 1.424429714679718018e-01 -1.294281780719757080e-01 2.463046163320541382e-01
-1.671938896179199219e-01 -2.259186469018459320e-02 -1.589744240045547485e-01 8.143946528434753418e-02 -1.755674928426742554e-01 -5.558403581380844116e-02 -1.176720857620239258e-02 -7.147192955017089844e-02 1.543989479541778564e-01 -1.067092269659042358e-02 6.237160041928291321e-02 1.382161676883697510e-02 7.783173769712448120e-02 -2.685751020908355713e-02 -5.898483097553253174e-02 1.134569942951202393e-02 -4.917979240417480469e-04 -4.829915240406990051e-02 -3.786994516849517822e-02 -1.861240416765213013e-01 1.117844656109809875e-01 -8.200365304946899414e-02 6.879373639822006226e-02 -1.046652048826217651e-01 -1.379840821027755737e-01 -4.204559326171875000e-02 -1.089586988091468811e-01 8.217770606279373169e-02 6.388892978429794312e-02 6.382335722446441650e-02 1.026792153716087341e-01 3.145621391013264656e-03
2.567284107208251953e-01 -2.188406586647033691e-01 1.169655919075012207e-01 7.074847817420959473e-02 -3.168273866176605225e-01 -4.778572171926498413e-02 -1.409347951412200928e-01 -5.665405094623565674e-02 3.739936649799346924e-02 -1.621712297201156616e-01 8.599057793617248535e-02 1.571375131607055664e-02 5.625277757644653320e-03 3.398258239030838013e-02 7.072800397872924805e-02 2.069446444511413574e-01 -8.049584925174713135e-03 1.161326244473457336e-01 -1.982062458992004395e-01 -2.570537626743316650e-01 -1.201513707637786865e-01 -1.090022921562194824e-01 1.107519865036010742e-01 2.508299238979816437e-02 6.261330097913742065e-02 1.291227638721466064e-01 3.728380799293518066e-02 2.902033627033233643e-01 -9.118382632732391357e-02 -2.982129454612731934e-01 1.414140760898590088e-01 4.415301606059074402e-02
7.244042307138442993e-02 -1.454496085643768311e-01 8.150687813758850098e-02 3.538865223526954651e-02 2.718239128589630127e-01 6.976605206727981567e-02 2.199824340641498566e-02 1.589649617671966553e-01 -2.006038129329681396e-01 -1.057660430669784546e-01 -4.820046573877334595e-02 -2.782607451081275940e-02 5.516455322504043579e-02 1.322629451751708984e-01 1.150780618190765381e-01 1.249353289604187012e-01 2.112723290920257568e-01 -7.948953658342361450e-02 1.718520224094390869e-01 2.046220004558563232e-01 1.514711081981658936e-01 -1.472771167755126953e-02 -1.031942144036293030e-01 2.381163984537124634e-01 -1.235305666923522949e-01 8.574825525283813477e-02 -3.981485590338706970e-02 -2.883528769016265869e-01 -7.322591543197631836e-02 -3.517112135887145996e-02 -3.262597322463989258e-01 -9.387842565774917603e-02
-1.662587374448776245e-01 1.523800045251846313e-01 1.177386790513992310e-01 8.319747447967529297e-02 -1.470728963613510132e-01 -2.301625907421112061e-03 -4.293803125619888306e-02 -3.575560450553894043e-02 -2.113496065139770508e-01 4.187995940446853638e-02 -2.596824467182159424e-01 -1.286646276712417603e-01 1.037469506263732910e-02 -3.583894670009613037e-02 -1.430267244577407837e-01 -5.087716132402420044e-02 8.486219495534896851e-02 2.968002110719680786e-02 4.611359536647796631e-01 -6.355479359626770020e-02 -8.496073633432388306e-02 6.935475766658782959e-02 2.327845990657806396e-01 -3.791517317295074463e-01 1.223610043525695801e-01 2.514777146279811859e-02 1.119484156370162964e-01 4.229913353919982910e-01 3.958486020565032959e-02 -1.594119369983673096e-01 -3.208100795745849609e-03 4.887512028217315674e-01
-2.616742253303527832e-01 1.388182044029235840e-01 -3.514854237437248230e-02 7.490459829568862915e-03 -7.990224659442901611e-02 -5.231836438179016113e-02 -7.693015970289707184e-03 -3.615560382604598999e-02 1.702782064676284790e-01 1.644787192344665527e-02 -7.792104035615921021e-02 7.220519334077835083e-02 1.337935328483581543e-01 -1.444605886936187744e-01 -3.916116803884506226e-02 -3.502971678972244263e-02 -1.137309744954109192e-01 -5.215639248490333557e-02 3.083585202693939209e-02 -1.887703835964202881e-01 -8.408466726541519165e-02 7.325735688209533691e-02 9.316167235374450684e-02 -1.153301596641540527e-01 -8.879582583904266357e-02 -4.723698645830154419e-02 -3.634929284453392029e-02 7.109096646308898926e-02 1.155072152614593506e-01 1.942189931869506836e-01 8.047502487897872925e-02 -7.110633421689271927e-03
2.885684967041015625e-01 5.344007164239883423e-03 -2.065500989556312561e-02 -3.189728558063507080e-01 1.553570926189422607e-01 -2.418755590915679932e-01 -7.513384521007537842e-02 1.709930598735809326e-03 -2.173808068037033081e-01 -4.354976713657379150e-01 8.760705590248107910e-02 -1.424242258071899414e-01 3.962024152278900146e-01 1.393757015466690063e-01 -3.008472025394439697e-01 -2.657304704189300537e-02 1.004562973976135254e-01 1.815199553966522217e-01 -8.548650145530700684e-02 -2.091163843870162964e-01 -1.285548210144042969e-01 6.928148865699768066e-02 1.339340955018997192e-01 4.858840405941009521e-01 -5.875241383910179138e-02 8.459056168794631958e-02 -1.522023230791091919e-01 1.911434531211853027e-01 -2.431514263153076172e-01 8.796073496341705322e-02 -4.987592995166778564e-02 -3.319220617413520813e-02
6.653942912817001343e-02 -4.446380138397216797e-01 1.299216598272323608e-01 -4.687822759151458740e-01 4.004471600055694580e-01 -2.639781236648559570e-01 1.065328568220138550e-01 -8.241698145866394043e-03 -2.430692464113235474e-01 6.751604378223419189e-03 -1.873155236244201660e-01 -2.282268404960632324e-01 -2.059981971979141235e-02 1.560826599597930908e-01 -1.180571913719177246e-01 -3.541279733180999756e-01 -5.251318961381912231e-02 -1.785030663013458252e-01 9.753490984439849854e-02 -4.223684668540954590e-01 2.635484933853149414e-02 -3.421140462160110474e-02 3.665250837802886963e-01 3.128194212913513184e-01 3.964857012033462524e-02 -2.587353885173797607e-01 1.680893152952194214e-01 -6.144899129867553711e-01 7.645026594400405884e-02 2.163071185350418091e-01 3.835196793079376221e-02 -5.431247949600219727e-01
-2.827915251255035400e-01 -5.042268708348274231e-02 -9.908157587051391602e-02 2.251053005456924438e-01 -1.417693495750427246e-02 3.652215003967285156e-02 -1.134981513023376465e-01 -1.404139995574951172e-01 1.766368746757507324e-02 -5.336517095565795898e-02 1.344390809535980225e-01 9.558737277984619141e-03 2.311745584011077881e-01 5.619813874363899231e-02 -7.410813122987747192e-03 2.448936179280281067e-02 1.576538085937500000e-01 9.145683795213699341e-02 -6.860483437776565552e-02 -1.069825291633605957e-01 7.144426554441452026e-02 -2.091488093137741089e-01 -8.355017751455307007e-02 4.548352956771850586e-02 -1.251995712518692017e-01 2.774388901889324188e-02 -6.008719652891159058e-02 1.878533959388732910e-01 -3.302928805351257324e-02 2.021496444940567017e-01 3.977202624082565308e-02 -9.053943306207656860e-02
-2.862887084484100342e-01 1.053518503904342651e-01 -1.890152841806411743e-01 1.942319720983505249e-01 -1.666989922523498535e-02 -1.205113530158996582e-02 -1.133219823241233826e-01 -1.968516707420349121e-01 1.500138938426971436e-01 2.038537710905075073e-02 1.520866155624389648e-01 3.299240767955780029e-02 1.069528982043266296e-01 -1.053926423192024231e-01 -3.179276362061500549e-02 -1.178076192736625671e-01 -9.961180388927459717e-03 1.152588948607444763e-01 -1.686245761811733246e-02 -1.666338443756103516e-01 3.211448341608047485e-02 -1.373015493154525757e-01 -2.681466192007064819e-02 -8.161442726850509644e-02 -9.518961608409881592e-02 -1.338297408074140549e-02 -1.787890866398811340e-02 8.063561469316482544e-02 2.453305199742317200e-02 2.502526044845581055e-01 9.296312183141708374e-02 -4.021419584751129150e-02
3.333740234375000000e-01 -3.063009083271026611e-01 9.072409570217132568e-02 4.733944311738014221e-02 -1.613023281097412109e-01 -7.748555392026901245e-02 -3.124173879623413086e-01 3.055597841739654541e-02 7.722546160221099854e-02 -1.384526193141937256e-01 1.576840579509735107e-01 2.559153735637664795e-01 -3.585137054324150085e-02 3.241324052214622498e-02 2.894355058670043945e-01 1.763960421085357666e-01 -2.421086430549621582e-01 -7.103218883275985718e-02 -3.354614973068237305e-01 -1.310563832521438599e-01 -1.510356366634368896e-02 -1.876724660396575928e-01 -3.471998125314712524e-02 -2.905949950218200684e-03 6.283067166805267334e-02 2.349824905395507812e-01 1.263104677200317383e-01 -5.452440306544303894e-02 1.450146436691284180e-01 -2.278239279985427856e-01 6.862346082925796509e-02 -2.562376558780670166e-01
7.216070592403411865e-02 -8.947957754135131836e-01 3.391000628471374512e-01 -5.371851325035095215e-01 2.057668715715408325e-01 -5.142186880111694336e-01 -3.002547323703765869e-01 1.152514815330505371e-01 -3.046851158142089844e-01 -7.287979125976562500e-02 -5.152367353439331055e-01 1.558429002761840820e-01 4.651403725147247314e-01 -1.575235128402709961e-01 1.994336247444152832e-01 -1.921068429946899414e-01 -8.803098648786544800e-02 -3.170351982116699219e-01 1.845096051692962646e-01 -2.796331942081451416e-01 -4.011740908026695251e-02 -1.596091389656066895e-01 7.838029861450195312e-01 4.851494729518890381e-01 2.959354221820831299e-01 -2.859933972358703613e-01 5.453349351882934570e-01 -4.282055199146270752e-01 2.807996273040771484e-01 1.657509058713912964e-01 -1.090524196624755859e-01 -2.433352172374725342e-01
-5.074913054704666138e-02 1.426640748977661133e-01 2.711529284715652466e-02 1.891689598560333252e-01 -1.308316439390182495e-01 4.049154371023178101e-02 -9.826893359422683716e-02 -6.052160263061523438e-02 2.714508026838302612e-02 -2.026482522487640381e-01 -7.347568124532699585e-02 -7.525221258401870728e-02 3.284376114606857300e-02 -8.130402117967605591e-02 -3.207486495375633240e-02 9.096545726060867310e-02 1.075246334075927734e-01 1.428109407424926758e-01 -1.191336661577224731e-03 -7.095056027173995972e-02 -1.533353626728057861e-01 -8.192884922027587891e-02 1.211464405059814453e-03 -1.709446161985397339e-01 6.193104386329650879e-02 7.290861010551452637e-02 -5.516403168439865112e-02 3.234578967094421387e-01 -3.183582425117492676e-02 -3.025881201028823853e-02 -1.037820801138877869e-02 1.810536086559295654e-01
-1.107089966535568237e-01 9.177501499652862549e-02 -2.625750005245208740e-01 -4.885587841272354126e-04 -1.420357972383499146e-01 -8.144991099834442139e-02 -2.974130958318710327e-02 -1.251260042190551758e-01 1.981876790523529053e-01 5.039205402135848999e-02 1.272329092025756836e-01 -4.977912828326225281e-02 4.492274671792984009e-02 -9.057260304689407349e-02 -1.381341069936752319e-01 -8.292531222105026245e-02 -7.331285625696182251e-02 -5.026195570826530457e-02 -1.957503892481327057e-02 -3.198254406452178955e-01 5.226433277130126953e-02 -3.963681310415267944e-02 1.059845536947250366e-01 -1.692630946636199951e-01 -1.110923588275909424e-01 -8.350986242294311523e-02 -9.068597853183746338e-02 3.547186404466629028e-02 1.412301361560821533e-01 8.121025562286376953e-02 2.306219935417175293e-01 -3.065755590796470642e-02
3.285737335681915283e-01 -2.812890410423278809e-01 1.018046289682388306e-01 -5.156524479389190674e-02 -2.456587851047515869e-01 -1.045246422290802002e-01 -1.833650916814804077e-01 -5.836006253957748413e-02 -6.540045887231826782e-02 5.950846523046493530e-02 3.020720928907394409e-02 2.252512425184249878e-02 -4.850652813911437988e-02 -1.042161807417869568e-01 1.217603683471679688e-01 -9.876186400651931763e-02 -1.908476054668426514e-01 7.852692902088165283e-02 -5.441195145249366760e-02 -2.838124334812164307e-01 -3.062504902482032776e-02 -3.078192099928855896e-02 2.348966300487518311e-01 -3.747364878654479980e-02 6.432672590017318726e-02 2.882148511707782745e-02 1.307157576084136963e-01 4.719802364706993103e-02 2.100120857357978821e-02 -2.087291926145553589e-01 1.404450833797454834e-01 -4.790444299578666687e-02
-2.777754068374633789e-01 3.180302083492279053e-01 4.993399605154991150e-02 1.197685115039348602e-02 1.375666856765747070e-01 4.829511791467666626e-02 1.973995007574558258e-02 -2.650759182870388031e-02 -1.617072522640228271e-01 -2.495144307613372803e-02 -1.438482999801635742e-01 -2.068598270416259766e-01 7.751441746950149536e-02 4.726860299706459045e-02 -1.259895563125610352e-01 3.533335775136947632e-02 2.997771799564361572e-01 1.508297026157379150e-02 3.478895425796508789e-01 4.036471992731094360e-02 -7.934752851724624634e-02 1.509870290756225586e-01 1.040679514408111572e-01 -3.223675191402435303e-01 7.869783043861389160e-02 8.517289906740188599e-02 4.125746339559555054e-02 3.214727640151977539e-01 1.213538795709609985e-01 4.184751957654953003e-02 -4.605840146541595459e-02 3.624536693096160889e-01
1.977071762084960938e-01 2.062714844942092896e-01 -1.000130474567413330e-01 -3.168725371360778809e-01 2.224598824977874756e-01 -2.526453435420989990e-01 -2.924855798482894897e-02 3.262966126203536987e-02 -1.183788031339645386e-01 -1.489047706127166748e-01 -1.679013073444366455e-01 -7.399858534336090088e-02 1.284474134445190430e-01 -1.619096994400024414e-01 -3.917590081691741943e-01 -3.065532147884368896e-01 -1.095289736986160278e-02 2.962022721767425537e-01 2.000314742326736450e-02 -5.680268257856369019e-02 -9.267333149909973145e-02 1.512810885906219482e-01 2.143286168575286865e-01 2.789314389228820801e-01 5.694037675857543945e-02 -5.835095047950744629e-02 -1.530148684978485107e-01 1.534758806228637695e-01 -1.573670804500579834e-01 1.710562258958816528e-01 -1.069314777851104736e-02 9.133929014205932617e-02
-1.303404569625854492e-03 -1.171794384717941284e-01 6.274811178445816040e-02 1.315200924873352051e-01 -5.465058237314224243e-02 1.306107938289642334e-01 1.051694899797439575e-01 8.570338785648345947e-02 3.813721984624862671e-02 -1.290180385112762451e-01 -1.257858574390411377e-01 -2.579665184020996094e-02 -9.653070569038391113e-02 1.106678992509841919e-01 2.495903149247169495e-02 5.256560444831848145e-02 1.711013019084930420e-01 -1.005019843578338623e-01 1.526523232460021973e-01 1.851991415023803711e-01 1.622723937034606934e-01 -1.806334555149078369e-01 -7.195348292589187622e-02 -2.209074236452579498e-02 1.694752648472785950e-02 1.727573126554489136e-01 -8.340834081172943115e-02 -8.883967995643615723e-02 1.285287365317344666e-02 -1.453289240598678589e-01 -1.138582155108451843e-01 -6.605422496795654297e-02
1.606933474540710449e-01 -2.994196116924285889e-01 5.873065814375877380e-02 -2.596954703330993652e-01 3.072703480720520020e-01 -1.256677210330963135e-01 6.723441928625106812e-02 -5.259466171264648438e-02 -1.008701622486114502e-01 -1.128420978784561157e-02 9.020668268203735352e-02 -1.761690676212310791e-01 -6.066775321960449219e-02 1.984255909919738770e-01 -8.871870487928390503e-02 -1.039454862475395203e-01 -7.109835743904113770e-03 -6.158898025751113892e-02 -9.806238114833831787e-02 -3.148138523101806641e-01 2.775239944458007812e-02 -7.564137876033782959e-02 7.834790647029876709e-02 1.625668406486511230e-01 -3.836039453744888306e-03 1.010481268167495728e-03 3.556551784276962280e-02 -3.737053871154785156e-01 3.253384307026863098e-02 4.270448163151741028e-02 5.972677469253540039e-02 -5.504983663558959961e-01
-2.484920471906661987e-01 -7.539298385381698608e-02 -6.963442265987396240e-02 1.223473697900772095e-01 -3.013359010219573975e-02 3.012865781784057617e-04 -6.358618289232254028e-02 -9.293568134307861328e-02 -2.893775701522827148e-03 -9.064885973930358887e-02 8.130773901939392090e-02 -8.162066340446472168e-03 2.391063868999481201e-01 7.565769553184509277e-02 -7.742564380168914795e-02 9.173512458801269531e-02 1.679804772138595581e-01 4.745457321405410767e-02 -8.467917144298553467e-02 -1.284360140562057495e-01 9.293740242719650269e-02 -1.365432888269424438e-01 -2.927957475185394287e-02 5.925077199935913086e-02 -1.830489039421081543e-01 -4.299816116690635681e-02 -1.137750819325447083e-01 1.740316152572631836e-01 1.426295936107635498e-02 1.683628410100936890e-01 -1.543911546468734741e-02 -8.994065225124359131e-02
-7.605203986167907715e-02 4.692646488547325134e-02 -7.383105158805847168e-02 1.331607550382614136e-01 1.074393093585968018e-01 7.560271769762039185e-02 -4.124115779995918274e-02 -1.031468287110328674e-01 7.217511534690856934e-03 -1.971812248229980469e-01 2.294230461120605469e-01 2.488877624273300171e-02 -6.255556643009185791e-02 -4.273431748151779175e-02 9.002543985843658447e-02 1.057162284851074219e-01 1.509259641170501709e-01 1.471186876296997070e-01 -1.882899701595306396e-01 3.922409936785697937e-02 -3.317673504352569580e-02 -3.030318766832351685e-03 -2.981302738189697266e-01 -3.360285237431526184e-02 -1.355798840522766113e-01 6.788045167922973633e-02 -1.437000632286071777e-01 -1.224876567721366882e-01 1.938466429710388184e-01 2.302101403474807739e-01 -1.653141081333160400e-01 -3.367799222469329834e-01
2.748404741287231445e-01 -5.755081176757812500e-01 2.113473862409591675e-01 -4.386933147907257080e-01 2.221710234880447388e-02 -3.728197216987609863e-01 -6.252726912498474121e-02 2.724698930978775024e-02 -2.435929775238037109e-01 5.736485123634338379e-03 -2.901877760887145996e-01 -2.697074040770530701e-02 5.408086627721786499e-02 -9.276718646287918091e-02 1.091025918722152710e-01 -2.965025901794433594e-01 -1.998524367809295654e-01 -1.939753592014312744e-01 5.865380913019180298e-02 -4.246415495872497559e-01 -8.686282485723495483e-02 -6.103027984499931335e-02 5.584675669670104980e-01 2.584608197212219238e-01 1.657661944627761841e-01 -2.083988338708877563e-01 3.199519515037536621e-01 -4.028423428535461426e-01 1.249034851789474487e-01 6.102181971073150635e-03 8.731435984373092651e-02 -2.962593436241149902e-01
2.709620594978332520e-01 -2.178466916084289551e-01 1.394177377223968506e-01 1.186543107032775879e-01 -1.726652085781097412e-01 -1.259666532278060913e-01 -2.390407770872116089e-01 -2.376270666718482971e-02 1.005824655294418335e-02 -3.056021928787231445e-01 2.400133609771728516e-01 2.443407773971557617e-01 1.420249342918395996e-01 6.430365145206451416e-02 8.944997191429138184e-02 1.528422683477401733e-01 -6.480266898870468140e-02 7.908515632152557373e-02 -2.078690230846405029e-01 -2.389512956142425537e-02 1.293464004993438721e-02 -2.564883828163146973e-01 -1.331407427787780762e-01 1.785508543252944946e-01 -4.827694222331047058e-02 2.275470793247222900e-01 -2.854324132204055786e-02 2.564538503065705299e-03 -1.937131583690643311e-01 -1.239492744207382202e-01 -1.435035467147827148e-01 -8.517122268676757812e-02
1.148075684905052185e-01 -1.714158803224563599e-01 8.687961101531982422e-02 3.952540084719657898e-02 1.338563412427902222e-01 4.963853210210800171e-02 1.291441321372985840e-01 1.177068501710891724e-01 -1.846877932548522949e-01 -8.845846354961395264e-02 -8.075477927923202515e-02 -8.396853506565093994e-02 -1.942301914095878601e-02 2.267046868801116943e-01 -1.909329742193222046e-02 9.378431737422943115e-02 2.363767325878143311e-01 -1.217735186219215393e-01 1.499545723199844360e-01 1.761116385459899902e-01 2.568046152591705322e-01 -1.494696289300918579e-01 -1.095116659998893738e-01 1.172186806797981262e-01 -7.277536392211914062e-02 1.258005797863006592e-01 -3.622209653258323669e-02 -1.823204457759857178e-01 -5.999696999788284302e-02 -1.804225593805313110e-01 -2.245153486728668213e-01 -1.807289570569992065e-02
3.059064149856567383e-01 -2.371941320598125458e-02 -1.685025691986083984e-01 -4.010242223739624023e-01 2.887701988220214844e-02 -2.929356098175048828e-01 8.912743628025054932e-02 9.357202798128128052e-03 -1.964740455150604248e-01 -5.457290261983871460e-02 5.915779992938041687e-02 -2.596944272518157959e-01 3.698121011257171631e-02 1.717939376831054688e-01 -3.890345096588134766e-01 -8.789519220590591431e-02 -1.319009065628051758e-01 2.021578699350357056e-02 -1.201004721224308014e-02 -2.717851400375366211e-01 -3.242358565330505371e-03 9.746405482292175293e-02 1.948363482952117920e-01 1.256591826677322388e-01 -8.649273216724395752e-02 -9.304702281951904297e-02 -2.113350480794906616e-01 4.512004554271697998e-02 -8.329106122255325317e-02 -1.935267597436904907e-01 1.392693519592285156e-01 8.330581337213516235e-02
-1.517297774553298950e-01 1.775588244199752808e-01 3.471534699201583862e-03 9.234374389052391052e-03 9.360177069902420044e-02 7.544624060392379761e-02 1.286798119544982910e-01 4.499889910221099854e-03 -1.039133891463279724e-01 1.335429847240447998e-01 -4.539503157138824463e-02 -1.976698338985443115e-01 -3.510502725839614868e-02 6.255096197128295898e-02 -1.211804449558258057e-01 7.674377411603927612e-03 1.964221596717834473e-01 9.054221212863922119e-03 2.715100347995758057e-01 3.891923464834690094e-03 2.109376341104507446e-02 1.562630981206893921e-01 5.687586963176727295e-03 -2.857334017753601074e-01 3.518576174974441528e-02 7.507223635911941528e-02 -6.635063141584396362e-02 2.640421092510223389e-01 7.003632187843322754e-02 -5.277590453624725342e-02 2.227336168289184570e-03 1.790034621953964233e-01
1.978995800018310547e-01 9.383970499038696289e-02 3.791773319244384766e-02 -1.565761119127273560e-01 2.021781653165817261e-01 -1.238601654767990112e-02 2.455665022134780884e-01 1.435145884752273560e-01 -2.044360488653182983e-01 -9.098440408706665039e-02 -2.311553359031677246e-01 -1.316530555486679077e-01 -8.183450996875762939e-02 2.131259255111217499e-02 -9.694397449493408203e-02 -2.927643060684204102e-02 3.454697132110595703e-02 -3.830134123563766479e-02 2.042656689882278442e-01 5.156901851296424866e-02 -3.481711819767951965e-02 2.134871035814285278e-01 7.868790626525878906e-02 1.023771092295646667e-01 -9.344276785850524902e-02 -9.879005700349807739e-02 -1.634679436683654785e-01 -1.951019763946533203e-01 -3.418486937880516052e-02 -2.654772251844406128e-02 -1.989061534404754639e-01 -7.171639706939458847e-03
1.112615615129470825e-01 -1.283782124519348145e-01 -5.069919303059577942e-02 -9.582698345184326172e-02 -3.124175965785980225e-02 -3.350991010665893555e-02 2.551690042018890381e-01 9.743832051753997803e-02 -1.754752695560455322e-01 -7.766900956630706787e-02 -9.625410288572311401e-02 -2.174325883388519287e-01 1.995563507080078125e-02 2.631994783878326416e-01 -1.848324835300445557e-01 1.579568982124328613e-01 1.649366617202758789e-01 -1.305515617132186890e-01 8.912785351276397705e-02 7.632501423358917236e-03 1.433350741863250732e-01 -5.221918225288391113e-03 -2.518774569034576416e-02 1.677211970090866089e-01 -1.583911329507827759e-01 -7.350923120975494385e-02 -2.148515135049819946e-01 -3.274716436862945557e-03 3.308285027742385864e-03 -2.167876809835433960e-01 -1.254637092351913452e-01 -5.063528660684823990e-03
-1.862062141299247742e-03 5.067545920610427856e-03 1.367891728878021240e-01 -2.745988070964813232e-01 1.147103309631347656e-02 -1.197461038827896118e-01 8.660618960857391357e-02 9.034727513790130615e-02 -1.268195360898971558e-01 -5.943691730499267578e-02 -1.774229705333709717e-01 -1.155126541852951050e-01 2.115820944309234619e-01 4.183340072631835938e-02 -1.435373872518539429e-01 2.358740568161010742e-01 -3.347796201705932617e-02 -1.018574759364128113e-01 -7.671186327934265137e-02 -2.589455842971801758e-01 -2.132115066051483154e-01 3.250305056571960449e-01 1.740893721580505371e-01 2.915058843791484833e-02 -1.909420341253280640e-01 -2.426903992891311646e-01 -1.756674498319625854e-01 2.774242125451564789e-02 2.369019836187362671e-01 5.280084908008575439e-02 -6.832580268383026123e-02 -1.064571663737297058e-01
2.192079871892929077e-01 2.552625536918640137e-01 -2.043362855911254883e-01 -3.392514586448669434e-01 2.188837230205535889e-01 -3.117547333240509033e-01 1.606162786483764648e-01 -3.963329270482063293e-02 -9.844196587800979614e-02 -9.053260087966918945e-03 4.405988380312919617e-02 -1.436071097850799561e-01 1.560990512371063232e-02 1.169169843196868896e-01 -4.326462745666503906e-01 -3.139299750328063965e-01 -7.641627639532089233e-02 1.369032561779022217e-01 9.823851287364959717e-02 -1.390490829944610596e-01 4.392668604850769043e-02 -8.255438506603240967e-02 1.143690794706344604e-01 1.383900195360183716e-01 5.887130647897720337e-02 6.253214925527572632e-02 -1.438953131437301636e-01 9.220907837152481079e-02 -2.127242982387542725e-01 -1.282997429370880127e-02 1.714615821838378906e-01 5.633168667554855347e-02
3.225440382957458496e-01 -3.304418027400970459e-01 1.585462503135204315e-02 -8.706768043339252472e-03 -2.093964070081710815e-02 -1.227227225899696350e-01 -1.593382954597473145e-01 -1.016160845756530762e-02 -6.726503372192382812e-03 -2.773174047470092773e-01 2.736892104148864746e-01 1.111230924725532532e-01 3.012808263301849365e-01 2.662259042263031006e-01 9.936973452568054199e-02 2.258633673191070557e-01 3.084331750869750977e-02 -2.216926217079162598e-02 -1.911708414554595947e-01 3.254804387688636780e-02 1.755629777908325195e-01 -3.080987930297851562e-01 -1.609047055244445801e-01 4.230729043483734131e-01 -1.068371981382369995e-01 2.456673383712768555e-01 -2.434710226953029633e-02 1.006678398698568344e-02 -4.655408859252929688e-01 -2.282501608133316040e-01 -8.960212767124176025e-02 -2.293195948004722595e-02
1.431029886007308960e-01 1.114622354507446289e-01 -3.281278535723686218e-02 -2.270294427871704102e-01 1.836870610713958740e-01 -4.169867932796478271e-02 2.579821944236755371e-01 3.065077215433120728e-02 -1.171292364597320557e-01 -8.523060381412506104e-02 -1.692889928817749023e-01 -2.000263333320617676e-01 -3.164023905992507935e-02 6.061615794897079468e-02 -1.920698881149291992e-01 -5.546233057975769043e-02 4.839742183685302734e-02 -2.724479138851165771e-02 1.042695790529251099e-01 -1.271854639053344727e-01 -2.626294270157814026e-02 6.328973174095153809e-02 -2.237980812788009644e-02 -2.296179533004760742e-03 -2.364405244588851929e-02 -4.254900664091110229e-02 -1.393738389015197754e-01 -1.059005707502365112e-01 9.306812286376953125e-02 -2.996461838483810425e-02 -4.493435844779014587e-02 -1.801559627056121826e-01
-2.990546822547912598e-01 -6.234765052795410156e-02 7.990977168083190918e-02 1.523927301168441772e-01 -9.098207950592041016e-02 4.127964377403259277e-02 -1.109999120235443115e-01 -8.568342775106430054e-03 1.063116192817687988e-01 -4.668143764138221741e-02 -5.327786505222320557e-02 1.820003390312194824e-01 1.793670654296875000e-01 -5.953349173069000244e-02 5.707022175192832947e-02 6.865430623292922974e-02 5.066521465778350830e-03 -1.553433947265148163e-02 -2.210404537618160248e-02 -4.612426832318305969e-02 -4.762514680624008179e-02 7.934365421533584595e-03 3.843805566430091858e-02 -4.174336418509483337e-02 -8.810207247734069824e-02 2.621030248701572418e-02 -9.402036666870117188e-04 1.657873690128326416e-01 -1.652105152606964111e-02 2.052015066146850586e-01 -5.442533642053604126e-03 2.287252061069011688e-02
4.583309218287467957e-02 8.549819886684417725e-02 -1.141123920679092407e-01 -6.452262401580810547e-02 1.963216364383697510e-01 -1.434721350669860840e-01 2.197531796991825104e-02 -4.407545551657676697e-02 -8.282795548439025879e-02 -1.925186216831207275e-01 1.606878936290740967e-01 -1.589912176132202148e-02 2.386875450611114502e-01 5.716190487146377563e-02 -3.377990797162055969e-02 -4.116519540548324585e-02 9.961444139480590820e-02 8.202422410249710083e-02 -4.108853638172149658e-03 1.077008396387100220e-01 8.587072044610977173e-02 -1.281598806381225586e-01 -1.870400607585906982e-01 4.456438720226287842e-01 -8.826510608196258545e-02 4.409811645746231079e-02 -1.270981878042221069e-01 -2.664037048816680908e-02 -3.663200736045837402e-01 1.400457620620727539e-01 -1.358570903539657593e-01 2.641760744154453278e-02
1.062557697296142578e-01 8.344550430774688721e-02 5.130928382277488708e-02 1.917738765478134155e-01 -9.571300446987152100e-02 -8.866537362337112427e-02 -3.295251131057739258e-01 3.639278560876846313e-02 -1.980032026767730713e-02 -2.709687054157257080e-01 8.670009672641754150e-03 2.137447893619537354e-01 1.175917759537696838e-01 -2.597912549972534180e-01 6.388118863105773926e-02 -1.372557580471038818e-01 -1.095973625779151917e-01 1.295195519924163818e-01 6.765077263116836548e-02 3.270576521754264832e-02 -2.275732532143592834e-02 -7.238383591175079346e-02 -4.180541634559631348e-02 7.462915033102035522e-02 4.190606996417045593e-02 8.645162731409072876e-02 -1.746500097215175629e-02 -2.681937813758850098e-02 -6.490109115839004517e-02 1.878609359264373779e-01 -1.313071846961975098e-01 4.003836587071418762e-02
-9.719817340373992920e-02 1.508549302816390991e-01 -2.350622788071632385e-02 7.569105923175811768e-02 5.146919935941696167e-02 8.573129773139953613e-03 -4.926609247922897339e-02 -8.654499799013137817e-02 -1.039733365178108215e-01 -2.822290360927581787e-01 1.064757257699966431e-01 -3.375511243939399719e-02 1.347542405128479004e-01 -4.292703419923782349e-02 3.973089531064033508e-02 1.342622786760330200e-01 1.717686951160430908e-01 1.810427308082580566e-01 -4.749600589275360107e-02 -5.095370113849639893e-02 -2.281756699085235596e-01 1.185365319252014160e-01 -1.451478898525238037e-01 4.548670724034309387e-03 2.817156724631786346e-02 4.167148470878601074e-02 -7.865372300148010254e-02 5.081757530570030212e-02 8.368999511003494263e-02 1.562667489051818848e-01 -6.223823130130767822e-02 -1.748444885015487671e-02
-7.419651001691818237e-02 -7.328648120164871216e-02 -1.015643179416656494e-01 6.454096734523773193e-02 -1.867781579494476318e-01 -3.967804461717605591e-02 9.109478443861007690e-02 3.164377063512802124e-02 5.837737023830413818e-02 -3.121145442128181458e-02 1.600483059883117676e-02 -4.908198863267898560e-02 7.928480952978134155e-02 6.105807796120643616e-02 -9.323009848594665527e-02 6.725768744945526123e-02 3.625462576746940613e-02 -1.522918641567230225e-01 4.720201343297958374e-02 -1.359816491603851318e-01 9.828185290098190308e-02 -6.451682746410369873e-02 5.775490403175354004e-02 -4.404884204268455505e-02 -1.382519602775573730e-01 -6.281545758247375488e-02 -1.483064740896224976e-01 1.111896410584449768e-01 1.514809206128120422e-02 -5.229464173316955566e-02 1.182980611920356750e-01 1.400898396968841553e-02
1.529418230056762695e-01 -5.896341800689697266e-02 -2.011211067438125610e-01 -2.441721856594085693e-01 -5.865639448165893555e-02 -1.592903435230255127e-01 1.956665664911270142e-01 -2.669959515333175659e-02 -9.280370175838470459e-02 -1.019367575645446777e-01 7.183087617158889771e-02 -2.852073907852172852e-01 3.776812553405761719e-02 2.110954523086547852e-01 -3.158136010169982910e-01 5.930336192250251770e-02 5.980354547500610352e-02 -7.456081360578536987e-02 -4.764082282781600952e-02 -2.989085912704467773e-01 9.692262858152389526e-02 -5.780666694045066833e-02 3.661014884710311890e-02 -1.364700589329004288e-02 -1.375878155231475830e-01 -1.357490718364715576e-01 -2.438007593154907227e-01 -4.239895381033420563e-03 8.982568234205245972e-02 -2.135567218065261841e-01 1.004033312201499939e-01 -1.143269985914230347e-01
4.899056553840637207e-01 -4.491790831089019775e-01 4.323288500308990479e-01 1.038547754287719727e-01 -6.593389511108398438e-01 -1.652402877807617188e-01 -9.026440978050231934e-01 1.653616130352020264e-02 -3.737321197986602783e-01 -3.022322654724121094e-01 -2.956349253654479980e-01 3.409933745861053467e-01 -4.927444830536842346e-02 -2.341254949569702148e-01 1.715174317359924316e-01 -2.522473335266113281e-01 -4.050227403640747070e-01 1.779445111751556396e-01 1.891220808029174805e-01 -2.384732216596603394e-01 -2.449165284633636475e-01 -1.695817559957504272e-01 6.696986556053161621e-01 -4.234145283699035645e-01 2.806867659091949463e-01 1.742635816335678101e-01 3.282759785652160645e-01 2.054651677608489990e-01 1.704034656286239624e-01 -1.696369051933288574e-01 2.417568862438201904e-02 5.443704128265380859e-01
1.603204011917114258e-01 -2.122135907411575317e-01 6.384300068020820618e-03 2.940143272280693054e-02 -4.341240227222442627e-02 -4.624345898628234863e-02 -9.602067619562149048e-02 -8.804141730070114136e-02 4.970925301313400269e-02 -2.618547677993774414e-01 2.355624437332153320e-01 -4.726797342300415039e-03 6.181510537862777710e-02 1.368589699268341064e-01 8.471100032329559326e-02 2.379243969917297363e-01 5.584700033068656921e-02 8.036980777978897095e-02 -3.530167639255523682e-01 -2.097865641117095947e-01 -1.015318632125854492e-01 -1.120026111602783203e-01 -1.729912757873535156e-01 1.145590320229530334e-01 -8.095549046993255615e-02 8.924382925033569336e-02 -7.912757992744445801e-02 1.698462292551994324e-02 -2.037890441715717316e-02 -9.706495702266693115e-02 1.356098055839538574e-02 -2.941339612007141113e-01
1.925075799226760864e-01 -5.232232213020324707e-01 1.427157074213027954e-01 -2.064567953348159790e-01 3.101065158843994141e-01 -1.583399772644042969e-01 -1.589775681495666504e-01 8.300332725048065186e-02 1.034521311521530151e-02 -1.736933737993240356e-01 -2.830675244331359863e-02 7.635664194822311401e-02 6.290159374475479126e-02 1.066241189837455750e-01 1.324534416198730469e-01 4.793919622898101807e-03 -1.969387382268905640e-02 -1.461573243141174316e-01 -2.452438771724700928e-01 -1.995830088853836060e-01 9.972863644361495972e-02 -1.867517977952957153e-01 1.170925945043563843e-01 1.933749467134475708e-01 7.944546639919281006e-02 4.995834827423095703e-02 1.481757462024688721e-01 -4.325959980487823486e-01 1.900632083415985107e-01 1.078531146049499512e-03 -2.786110714077949524e-02 -6.174498796463012695e-01
2.046899497509002686e-01 1.131670475006103516e-01 -1.399660855531692505e-01 -3.498689234256744385e-01 -1.976723968982696533e-01 -3.964022397994995117e-01 -1.691044121980667114e-01 -1.248066276311874390e-01 9.366065263748168945e-02 8.278257399797439575e-02 1.467695832252502441e-01 -4.995316267013549805e-03 -1.626315116882324219e-01 -1.127110943198204041e-01 -1.410261541604995728e-01 -1.994168758392333984e-01 -5.046356916427612305e-01 3.403599560260772705e-02 -4.658525437116622925e-02 -3.718540072441101074e-01 -5.206520110368728638e-02 1.395441219210624695e-02 3.863130509853363037e-01 -4.487758874893188477e-01 1.780390739440917969e-01 -1.774959564208984375e-01 4.219116270542144775e-02 -6.422989070415496826e-02 2.074037641286849976e-01 -2.922799438238143921e-02 5.285724401473999023e-01 2.454445660114288330e-01
1.655852049589157104e-01 -1.947322785854339600e-01 5.365502089262008667e-03 -1.607228815555572510e-01 1.665315032005310059e-01 1.557673513889312744e-02 1.612710803747177124e-01 1.167392581701278687e-01 -3.013865947723388672e-01 -1.953626573085784912e-01 -5.805795639753341675e-02 -2.860199809074401855e-01 9.258887916803359985e-02 3.299047946929931641e-01 -1.395573168992996216e-01 1.769322752952575684e-01 3.033168017864227295e-01 -8.322077989578247070e-02 1.502190530300140381e-02 4.936487227678298950e-02 1.097674146294593811e-01 -3.606809675693511963e-02 -1.143540367484092712e-01 2.708910405635833740e-01 -1.167096197605133057e-01 -1.363566145300865173e-03 -1.656138151884078979e-01 -6.820436567068099976e-02 -6.226688250899314880e-02 -1.942668706178665161e-01 -2.736034989356994629e-01 -1.045222654938697815e-01
9.517620503902435303e-02 -2.099584415555000305e-02 -3.037530481815338135e-01 -2.356463521718978882e-01 -2.508534193038940430e-01 -2.094964683055877686e-01 -3.117401152849197388e-02 -1.282300353050231934e-01 7.954119145870208740e-02 5.753272026777267456e-02 1.763597130775451660e-01 -1.688673198223114014e-01 8.558154851198196411e-02 3.759476915001869202e-02 -3.109066784381866455e-01 6.413602083921432495e-02 -1.158951744437217712e-01 -1.034665256738662720e-01 -1.657760143280029297e-01 -4.669041335582733154e-01 -7.333293557167053223e-03 8.344651758670806885e-02 1.951962411403656006e-01 -1.270020306110382080e-01 -1.544325202703475952e-01 -2.169540822505950928e-01 -2.044323533773422241e-01 4.012791812419891357e-02 1.716533750295639038e-01 -1.266849189996719360e-01 2.608717679977416992e-01 6.088363006711006165e-02
2.656193077564239502e-01 1.500373333692550659e-01 4.952029511332511902e-02 -1.965919286012649536e-01 1.051496863365173340e-01 -1.028928980231285095e-01 7.908375561237335205e-02 7.182845473289489746e-02 -1.098546385765075684e-01 8.469920605421066284e-02 -1.812655031681060791e-01 3.317627310752868652e-02 -1.713250875473022461e-01 -1.005091443657875061e-01 -7.082266360521316528e-02 -2.563948631286621094e-01 -2.511906027793884277e-01 -1.224191486835479736e-02 2.651615142822265625e-01 -3.276544623076915741e-03 -2.901032567024230957e-03 1.390709429979324341e-01 1.524226963520050049e-01 -5.490929260849952698e-02 6.465009599924087524e-02 1.068962365388870239e-01 5.161347240209579468e-02 -2.104820907115936279e-01 -3.366315737366676331e-03 -9.987585246562957764e-02 4.012514650821685791e-02 1.269126385450363159e-01
2.641900777816772461e-01 8.737429976463317871e-02 -5.096961185336112976e-02 -3.863712549209594727e-01 2.192435413599014282e-01 -1.592136770486831665e-01 1.956265419721603394e-01 5.974330008029937744e-02 -1.957599818706512451e-01 -9.336279332637786865e-02 -1.113727018237113953e-01 -1.696791946887969971e-01 2.146591246128082275e-02 1.108284592628479004e-01 -2.373049706220626831e-01 -2.876475453376770020e-02 -1.134832203388214111e-02 2.152670174837112427e-02 1.430277526378631592e-01 -2.263485193252563477e-01 -9.174139052629470825e-02 2.343156784772872925e-01 1.108298450708389282e-01 1.263798624277114868e-01 -1.070873290300369263e-01 -1.198376268148422241e-01 -1.866359114646911621e-01 -1.033703386783599854e-01 7.288947701454162598e-02 -1.471174508333206177e-02 -1.002258807420730591e-01 -7.127571851015090942e-02
3.586336597800254822e-02 -7.883034646511077881e-03 -2.269656956195831299e-02 7.686515152454376221e-02 1.374013349413871765e-02 4.898019880056381226e-02 9.287538379430770874e-02 -4.666551202535629272e-02 6.501938402652740479e-02 2.527130395174026489e-02 1.554742008447647095e-01 -9.197397530078887939e-02 -1.261047124862670898e-01 1.055217161774635315e-01 1.558910310268402100e-02 1.461062878370285034e-01 1.313112676143646240e-01 6.987986713647842407e-02 -9.166334569454193115e-02 -7.407809048891067505e-02 1.983936131000518799e-02 3.385572507977485657e-02 -1.351280510425567627e-01 -1.356944441795349121e-01 -2.777875959873199463e-02 1.518211066722869873e-01 -8.245384693145751953e-02 1.210515797138214111e-01 8.138292282819747925e-02 -1.266899853944778442e-01 3.809674084186553955e-02 -1.244691535830497742e-01
-2.593673467636108398e-01 3.059241771697998047e-01 2.522347867488861084e-02 1.223872750997543335e-01 4.553157463669776917e-02 9.544628113508224487e-02 -3.629404678940773010e-02 -1.712580025196075439e-02 -1.036647483706474304e-01 3.379292041063308716e-02 -9.978237003087997437e-02 -1.525415182113647461e-01 -5.078356713056564331e-02 -8.190294355154037476e-02 -5.031705647706985474e-02 -5.696768313646316528e-02 2.055221796035766602e-01 4.678698629140853882e-02 3.010089695453643799e-01 7.882615923881530762e-02 -3.666125982999801636e-02 1.181299835443496704e-01 -1.160836219787597656e-02 -3.999569714069366455e-01 4.555061459541320801e-02 7.505696266889572144e-02 -1.182313449680805206e-02 2.383531630039215088e-01 2.025364786386489868e-01 6.635756790637969971e-02 -1.033374071121215820e-01 2.411504536867141724e-01
2.064150869846343994e-01 -1.415500938892364502e-01 -5.102471634745597839e-02 -1.144944578409194946e-01 4.183747619390487671e-02 -8.633527904748916626e-02 1.108219772577285767e-01 1.600763350725173950e-01 -1.942068636417388916e-01 -6.524549424648284912e-02 -3.512799739837646484e-04 -1.149804145097732544e-01 1.497738063335418701e-03 2.072270214557647705e-01 -1.187580376863479614e-01 -7.160358130931854248e-03 6.355524063110351562e-02 -7.763020694255828857e-02 1.408866196870803833e-01 9.403759986162185669e-02 1.631593704223632812e-01 -1.190944761037826538e-02 -1.271650195121765137e-02 2.781881392002105713e-01 -1.054929047822952271e-01 1.232228130102157593e-01 -1.936232000589370728e-01 -1.460341215133666992e-01 -2.551426887512207031e-01 -2.793070077896118164e-01 -1.851432621479034424e-01 6.446938216686248779e-02
1.924404650926589966e-01 -1.586167067289352417e-01 -4.089007154107093811e-02 6.690983474254608154e-02 -1.125231385231018066e-03 -5.613492429256439209e-02 -2.374878972768783569e-01 -6.617750972509384155e-02 1.945704221725463867e-03 -2.512043416500091553e-01 2.636220455169677734e-01 9.855841845273971558e-02 4.322059452533721924e-02 8.018903434276580811e-02 2.343071997165679932e-01 1.731954514980316162e-01 2.705021202564239502e-02 6.607633829116821289e-02 -3.538473248481750488e-01 -1.482956577092409134e-02 4.022178053855895996e-02 -1.682351976633071899e-01 -1.798571050167083740e-01 8.573552966117858887e-02 -5.538589879870414734e-02 1.640967279672622681e-01 -4.320233315229415894e-02 -1.209721788763999939e-01 -2.714707329869270325e-02 -6.419007480144500732e-02 -1.210801154375076294e-01 -2.329921722412109375e-01
1.315200477838516235e-01 1.861806958913803101e-01 -2.068810611963272095e-01 -1.895164847373962402e-01 1.201288029551506042e-01 -2.057104408740997314e-01 2.855570614337921143e-01 5.611155182123184204e-03 -2.111881598830223083e-02 1.151972338557243347e-01 1.088630259037017822e-01 -1.107583418488502502e-01 -9.780403971672058105e-02 2.393029630184173584e-01 -3.263624310493469238e-01 -2.287568151950836182e-01 -9.503392130136489868e-02 -2.100240811705589294e-02 2.389509677886962891e-01 -1.037775948643684387e-01 1.510484814643859863e-01 -1.767513304948806763e-01 -9.239473193883895874e-02 2.522291429340839386e-02 1.861606910824775696e-02 2.979856170713901520e-02 -1.565723419189453125e-01 -1.188264936208724976e-01 -1.089926883578300476e-01 -2.131598442792892456e-01 1.166757866740226746e-01 5.294682830572128296e-02
-1.759563386440277100e-01 -1.243105232715606689e-01 4.141532257199287415e-02 2.426967769861221313e-01 -4.120952636003494263e-02 1.072533354163169861e-01 -9.802244603633880615e-04 -4.209349676966667175e-02 8.511856198310852051e-03 -6.344075500965118408e-02 -3.756744414567947388e-02 4.140515625476837158e-02 9.122889488935470581e-02 9.415438771247863770e-02 5.254912003874778748e-02 7.536142319440841675e-02 2.609679400920867920e-01 5.717813968658447266e-03 1.292429119348526001e-01 1.259496361017227173e-01 1.595140993595123291e-01 -1.979963183403015137e-01 -3.999035060405731201e-02 2.825090847909450531e-02 -5.680546537041664124e-02 1.016005873680114746e-01 -8.721510320901870728e-02 3.915739059448242188e-02 8.205678313970565796e-04 9.712401032447814941e-02 -7.143909484148025513e-02 -5.576539039611816406e-02
-2.752498090267181396e-01 -4.354220628738403320e-02 -3.117504715919494629e-01 2.059212625026702881e-01 -3.381217271089553833e-02 -3.177736699581146240e-02 -2.748341262340545654e-01 -2.401546090841293335e-01 8.831016719341278076e-02 -2.075091004371643066e-03 3.283052146434783936e-01 4.515571147203445435e-02 3.267339169979095459e-01 -1.409736275672912598e-02 -4.740743339061737061e-02 -1.208239421248435974e-01 -3.860723227262496948e-02 1.122195497155189514e-01 -1.596613377332687378e-01 -3.113654553890228271e-01 -4.766292870044708252e-03 -2.047064453363418579e-01 -1.583102941513061523e-01 -2.592590451240539551e-02 -6.159860268235206604e-02 2.294168435037136078e-02 7.859765738248825073e-02 2.841253876686096191e-01 -4.004827886819839478e-02 2.395652085542678833e-01 1.449370384216308594e-01 -2.435838803648948669e-03
3.206523135304450989e-03 -1.759756058454513550e-01 8.349744975566864014e-02 1.399741768836975098e-01 -2.319208085536956787e-01 7.415726780891418457e-03 3.790424019098281860e-02 1.258391439914703369e-01 8.006501197814941406e-02 3.954231739044189453e-03 -6.116791814565658569e-02 1.032505407929420471e-01 -7.488883286714553833e-02 6.650693714618682861e-02 1.954682543873786926e-02 9.716571867465972900e-02 4.234582558274269104e-02 -1.675885170698165894e-01 2.362160086631774902e-01 9.481910616159439087e-02 1.943599879741668701e-01 -6.121999025344848633e-02 1.094870120286941528e-01 -5.375845730304718018e-02 -3.404871746897697449e-02 1.161948144435882568e-01 -2.262264117598533630e-02 -2.348802983760833740e-02 2.756556868553161621e-02 -1.777477413415908813e-01 3.812666237354278564e-02 1.285150945186614990e-01
-1.985968351364135742e-01 -1.509063243865966797e-01 4.580230265855789185e-02 2.754939198493957520e-01 -4.422515630722045898e-04 1.295176148414611816e-01 -1.853969506919384003e-02 -8.414077758789062500e-02 -4.366015642881393433e-02 -9.603808075189590454e-02 2.476879954338073730e-02 -4.666700959205627441e-03 1.428539752960205078e-01 1.581209003925323486e-01 3.967830166220664978e-02 1.304014325141906738e-01 3.395474553108215332e-01 2.696889638900756836e-02 2.312628179788589478e-02 1.182443797588348389e-01 1.645879447460174561e-01 -2.348232716321945190e-01 -4.329122602939605713e-02 7.505644857883453369e-02 -1.184833347797393799e-01 3.325434774160385132e-02 -9.841743111610412598e-02 6.540672481060028076e-02 -4.142820462584495544e-02 1.122592538595199585e-01 -7.941994816064834595e-02 -7.260090112686157227e-02
1.931187063455581665e-01 -9.334114193916320801e-02 -5.358989164233207703e-02 -9.364375472068786621e-02 2.692540585994720459e-01 -5.017356202006340027e-02 -8.216093294322490692e-03 6.381779164075851440e-02 -1.539394855499267578e-01 -2.246327102184295654e-01 1.113308817148208618e-01 -4.464485496282577515e-02 2.168201804161071777e-01 1.333118081092834473e-01 2.576101571321487427e-03 2.621900290250778198e-02 1.072054207324981689e-01 5.979549139738082886e-03 5.476117879152297974e-02 3.502982109785079956e-02 1.162720397114753723e-01 -3.490573167800903320e-02 -1.120238676667213440e-01 3.811134696006774902e-01 -1.718936711549758911e-01 1.132431477308273315e-01 -1.406332850456237793e-01 -2.059297263622283936e-01 -3.388561010360717773e-01 9.808257222175598145e-03 -2.615451216697692871e-01 -9.703677147626876831e-02
3.628098070621490479e-01 -3.436558544635772705e-01 2.582051157951354980e-01 2.538672834634780884e-02 -1.114641726016998291e-01 -1.551682353019714355e-01 -5.359324812889099121e-01 1.115597933530807495e-01 -5.066908895969390869e-02 -3.929090499877929688e-01 1.853742450475692749e-01 3.164168000221252441e-01 1.051680669188499451e-01 -4.404399544000625610e-03 3.192049562931060791e-01 6.258534640073776245e-02 -1.642209887504577637e-01 1.856470108032226562e-02 -1.716570109128952026e-01 -1.558530237525701523e-02 1.979213953018188477e-02 -2.180252075195312500e-01 1.052726432681083679e-02 -3.225177153944969177e-02 9.627012908458709717e-02 3.033405840396881104e-01 1.634117811918258667e-01 -1.167156174778938293e-01 -5.910017341375350952e-02 -1.325176060199737549e-01 -1.474418044090270996e-01 -1.228881254792213440e-01
4.383024275302886963e-01 -1.787707656621932983e-01 4.134701937437057495e-02 -1.861549764871597290e-01 -2.386017888784408569e-02 -8.080565929412841797e-02 -9.592949599027633667e-02 1.792775392532348633e-01 -2.320753037929534912e-01 -8.579156547784805298e-02 -3.763669729232788086e-02 -1.892418414354324341e-02 -8.127013593912124634e-02 5.632512271404266357e-02 -9.239281713962554932e-02 -1.232678070664405823e-01 -1.649742722511291504e-01 -5.168783664703369141e-02 8.501715958118438721e-02 -2.569950371980667114e-02 1.221757382154464722e-02 1.142776310443878174e-01 1.326618045568466187e-01 4.114523530006408691e-02 -4.836980253458023071e-03 1.375743597745895386e-01 -2.565713971853256226e-02 -1.351186335086822510e-01 -1.091170012950897217e-01 -2.924481630325317383e-01 -6.430586427450180054e-02 1.268775165081024170e-01
1.942483782768249512e-01 2.155917137861251831e-01 -2.814562246203422546e-02 -1.537374854087829590e-01 1.067682206630706787e-01 -2.124587595462799072e-01 -1.867432296276092529e-01 3.532034158706665039e-02 -7.016126066446304321e-02 -1.103741750121116638e-01 -1.179105713963508606e-01 7.574497908353805542e-02 8.767955750226974487e-02 -2.119815945625305176e-01 -2.207832038402557373e-01 -4.414605796337127686e-01 -1.184996142983436584e-01 2.430051863193511963e-01 1.854289174079895020e-01 -8.351814933121204376e-03 -4.953522980213165283e-02 2.184588089585304260e-02 1.569578349590301514e-01 8.586195111274719238e-02 1.650008112192153931e-01 2.899650670588016510e-02 -1.948781497776508331e-02 6.276720762252807617e-02 -1.498676091432571411e-01 1.898511201143264771e-01 -3.338333219289779663e-03 1.874380558729171753e-01
2.248764485120773315e-01 -3.414108157157897949e-01 3.760590776801109314e-02 -2.244250774383544922e-01 1.820368021726608276e-01 -1.199864819645881653e-01 4.877513647079467773e-02 -3.388415277004241943e-02 -6.469369679689407349e-02 7.388145476579666138e-02 4.899102821946144104e-02 -6.102209910750389099e-02 -9.598197042942047119e-02 1.347760558128356934e-01 -1.574376411736011505e-02 -1.203967854380607605e-01 -1.318820118904113770e-01 -1.123631075024604797e-01 -1.210722476243972778e-01 -3.408401608467102051e-01 8.411936461925506592e-03 -6.088053807616233826e-02 1.166793256998062134e-01 1.291455924510955811e-01 9.881321340799331665e-03 -3.851747140288352966e-03 8.536756783723831177e-02 -3.755249083042144775e-01 1.077418476343154907e-01 -4.078681021928787231e-02 9.550564736127853394e-02 -4.419010877609252930e-01
1.475431919097900391e-01 -2.429097443819046021e-01 -4.707605764269828796e-02 5.031468346714973450e-02 1.356232166290283203e-01 2.461048215627670288e-02 1.736857928335666656e-03 -9.872104227542877197e-02 1.208297908306121826e-01 -1.628808081150054932e-01 2.527777254581451416e-01 5.585027486085891724e-02 -1.496250480413436890e-01 2.334482073783874512e-01 6.974498927593231201e-02 2.189023196697235107e-01 9.405773133039474487e-02 -1.631725206971168518e-02 -3.346421122550964355e-01 -1.333377361297607422e-01 6.331416219472885132e-02 -1.971354931592941284e-01 -2.784583270549774170e-01 8.862901479005813599e-02 -6.067322567105293274e-02 2.665705084800720215e-01 -9.470768272876739502e-02 -1.786080300807952881e-01 1.062477529048919678e-01 -1.188507378101348877e-01 -1.152492314577102661e-02 -5.122293829917907715e-01
4.006505012512207031e-03 2.002727985382080078e-02 2.020365372300148010e-02 4.756571725010871887e-02 -4.521762579679489136e-02 2.621320635080337524e-02 2.131612896919250488e-01 1.051861792802810669e-01 6.277114152908325195e-05 -2.267924696207046509e-02 -1.795145571231842041e-01 -3.691634908318519592e-02 -1.059086173772811890e-01 5.699463933706283569e-02 -9.001094102859497070e-02 5.378708988428115845e-02 5.450399965047836304e-02 -9.095200896263122559e-02 3.402042686939239502e-01 1.130028888583183289e-01 1.316480636596679688e-01 6.042502447962760925e-02 8.320514857769012451e-02 3.693986684083938599e-02 -9.247231483459472656e-02 1.850934699177742004e-03 -1.562302112579345703e-01 -1.250459551811218262e-01 6.942041963338851929e-02 -6.498800218105316162e-02 -7.714454084634780884e-02 3.625578433275222778e-02
-4.712417721748352051e-02 9.193004667758941650e-02 -4.564489796757698059e-02 -3.532128781080245972e-02 -3.606572747230529785e-03 -3.446681052446365356e-02 2.963172495365142822e-01 -1.855773478746414185e-02 4.382207989692687988e-03 -1.788925379514694214e-02 -1.417464017868041992e-01 -1.628464460372924805e-01 -1.653021574020385742e-02 4.161029309034347534e-02 -1.911373883485794067e-01 6.250493228435516357e-02 5.879549309611320496e-02 -5.324159562587738037e-02 7.787016034126281738e-02 -4.466025158762931824e-02 1.160177960991859436e-01 2.126793935894966125e-02 6.703253835439682007e-02 1.692331396043300629e-02 -1.448265314102172852e-01 -1.324692070484161377e-01 -2.205892056226730347e-01 -3.749294206500053406e-02 3.948362916707992554e-02 -4.126493632793426514e-02 4.733107984066009521e-03 -5.385656282305717468e-02
